	DMRT1	FGF9	RSPO1	DHH	CTNNB1	PGD2	WT1mKTS	SRY	DKK1	WNT4	CBX2	AMH	NR0B1	NR5A1	WT1pKTS	FOXL2	UGR	SOX9	GATA4
DMRT1	1.0	0.5244060347321285	-0.4561402180779692	0.5159128240590011	-0.5681830597928557	0.545753977212919	-0.4058384447905124	0.7237205437269784	0.848245947163963	-0.6131249227595512	-0.28910548075800613	0.5225259435264514	-0.37143271261831656	0.3152751850222221	0.4174070962789915	-0.5716996006694381	-0.2723389262443151	0.7085874272252626	-0.4457412287866817
FGF9	0.5244060347321285	1.0	-0.5546650255814859	0.7648379931159917	-0.5006638726868782	0.7637145863449163	-0.46233233839040433	0.42425679635594615	0.5159413010737576	-0.679177210646578	-0.24383877180913846	0.7478484483190714	-0.6193153107345377	0.34569362627815897	0.21135986891263334	-0.3638928815795501	-0.14148881876060013	0.6775423862727116	-0.48304262200116704
RSPO1	-0.4561402180779692	-0.5546650255814859	1.0	-0.535720664906408	0.8548562520793761	-0.5396579862648355	0.24328229929418368	-0.5383420222824028	-0.46034237029938885	0.7629237446408451	-0.30352070854737395	-0.5265915682527553	0.6483556452638769	-0.749947073169521	-0.6057078670766667	0.7015693143018076	-0.31122194718766916	-0.5779730487087671	0.2563322597778711
DHH	0.5159128240590011	0.7648379931159917	-0.535720664906408	1.0	-0.49078032141792016	0.7697591964384496	-0.44916677527925525	0.40646542822366916	0.5169815804277266	-0.6628889485372172	-0.24866328387161835	0.7541704369041212	-0.6072484428408909	0.3319649820564524	0.20540519103129123	-0.34421116486827147	-0.1570861045349476	0.6773931153701539	-0.48456477472781
CTNNB1	-0.5681830597928557	-0.5006638726868782	0.8548562520793761	-0.49078032141792016	1.0	-0.508306737938307	0.24854373745468805	-0.618209361705999	-0.5640191613000204	0.7465872412085842	-0.2700914478094714	-0.4982424637353484	0.6082459086340211	-0.723784214305818	-0.6615124160151338	0.7650077400817997	-0.27604136101577376	-0.5795412461936514	0.2627306922275826
PGD2	0.545753977212919	0.7637145863449163	-0.5396579862648355	0.7697591964384496	-0.508306737938307	1.0	-0.4624452814397897	0.4308006407734404	0.5442899455735067	-0.6899128436888831	-0.2684678980117694	0.763815260270704	-0.6253429856621172	0.3424014884134155	0.24020237561653765	-0.38187418472884527	-0.16805755518379775	0.6872495283907712	-0.4951704495316053
WT1mKTS	-0.4058384447905124	-0.46233233839040433	0.24328229929418368	-0.44916677527925525	0.24854373745468805	-0.4624452814397897	1.0	-0.36272054397091713	-0.4140537983217474	0.33994103461776104	0.17312075225422005	-0.45697384179682415	0.29807764539889464	-0.137761025547755	-0.0806077364565507	0.22065110770753132	0.008822932279718414	-0.4472382400376602	0.8152971767352425
SRY	0.7237205437269784	0.42425679635594615	-0.5383420222824028	0.40646542822366916	-0.618209361705999	0.4308006407734404	-0.36272054397091713	1.0	0.7276420564947349	-0.4725501919331979	-0.06300225519418483	0.41496479201998016	-0.24955945862152581	0.4997204813634381	0.5694061552532406	-0.7086181910125724	-0.18714036402852063	0.5952319726749158	-0.364668440821109
DKK1	0.848245947163963	0.5159413010737576	-0.46034237029938885	0.5169815804277266	-0.5640191613000204	0.5442899455735067	-0.4140537983217474	0.7276420564947349	1.0	-0.6032832547801037	-0.29613251893547166	0.5243664825947696	-0.3684845864770406	0.3190526603362259	0.4143297991602373	-0.5775520566527822	-0.2687856809636271	0.7207347394952947	-0.44324044512687777
WNT4	-0.6131249227595512	-0.679177210646578	0.7629237446408451	-0.6628889485372172	0.7465872412085842	-0.6899128436888831	0.33994103461776104	-0.4725501919331979	-0.6032832547801037	1.0	-0.008629459956029937	-0.6538846944045282	0.7589232761455271	-0.5592053663987229	-0.45441031877266874	0.5667700941172734	-0.12548178293545348	-0.7173706886420278	0.37184824140847267
CBX2	-0.28910548075800613	-0.24383877180913846	-0.30352070854737395	-0.24866328387161835	-0.2700914478094714	-0.2684678980117694	0.17312075225422005	-0.06300225519418483	-0.29613251893547166	-0.008629459956029937	1.0	-0.2328426386821474	-0.16600509437811048	0.4462880529122448	0.3557607751493803	-0.28336081567824944	0.7232425325302902	-0.2763567356822073	0.21689953550771346
AMH	0.5225259435264514	0.7478484483190714	-0.5265915682527553	0.7541704369041212	-0.4982424637353484	0.763815260270704	-0.45697384179682415	0.41496479201998016	0.5243664825947696	-0.6538846944045282	-0.2328426386821474	1.0	-0.6293908638898977	0.33067739496156373	0.22305656093997486	-0.3769836547386106	-0.1434620152867639	0.6445532220364392	-0.4857202515311386
NR0B1	-0.37143271261831656	-0.6193153107345377	0.6483556452638769	-0.6072484428408909	0.6082459086340211	-0.6253429856621172	0.29807764539889464	-0.24955945862152581	-0.3684845864770406	0.7589232761455271	-0.16600509437811048	-0.6293908638898977	1.0	-0.5190343963647795	-0.38585375721136494	0.4626851009256446	-0.29990755878494096	-0.4974978779074682	0.30798657020217174
NR5A1	0.3152751850222221	0.34569362627815897	-0.749947073169521	0.3319649820564524	-0.723784214305818	0.3424014884134155	-0.137761025547755	0.4997204813634381	0.3190526603362259	-0.5592053663987229	0.4462880529122448	0.33067739496156373	-0.5190343963647795	1.0	0.747490672356312	-0.7668096358976949	0.36838391499575873	0.42112023599363574	-0.12854709838822664
WT1pKTS	0.4174070962789915	0.21135986891263334	-0.6057078670766667	0.20540519103129123	-0.6615124160151338	0.24020237561653765	-0.0806077364565507	0.5694061552532406	0.4143297991602373	-0.45441031877266874	0.3557607751493803	0.22305656093997486	-0.38585375721136494	0.747490672356312	1.0	-0.8106722899029776	0.2789480868102409	0.3272672336044714	-0.07477068330420776
FOXL2	-0.5716996006694381	-0.3638928815795501	0.7015693143018076	-0.34421116486827147	0.7650077400817997	-0.38187418472884527	0.22065110770753132	-0.7086181910125724	-0.5775520566527822	0.5667700941172734	-0.28336081567824944	-0.3769836547386106	0.4626851009256446	-0.7668096358976949	-0.8106722899029776	1.0	-0.20290314916231733	-0.50232619097654	0.21171677516955356
UGR	-0.2723389262443151	-0.14148881876060013	-0.31122194718766916	-0.1570861045349476	-0.27604136101577376	-0.16805755518379775	0.008822932279718414	-0.18714036402852063	-0.2687856809636271	-0.12548178293545348	0.7232425325302902	-0.1434620152867639	-0.29990755878494096	0.36838391499575873	0.2789480868102409	-0.20290314916231733	1.0	-0.21563986480415032	0.024078974078029246
SOX9	0.7085874272252626	0.6775423862727116	-0.5779730487087671	0.6773931153701539	-0.5795412461936514	0.6872495283907712	-0.4472382400376602	0.5952319726749158	0.7207347394952947	-0.7173706886420278	-0.2763567356822073	0.6445532220364392	-0.4974978779074682	0.42112023599363574	0.3272672336044714	-0.50232619097654	-0.21563986480415032	1.0	-0.48377285873397813
GATA4	-0.4457412287866817	-0.48304262200116704	0.2563322597778711	-0.48456477472781	0.2627306922275826	-0.4951704495316053	0.8152971767352425	-0.364668440821109	-0.44324044512687777	0.37184824140847267	0.21689953550771346	-0.4857202515311386	0.30798657020217174	-0.12854709838822664	-0.07477068330420776	0.21171677516955356	0.024078974078029246	-0.48377285873397813	1.0
