	DMRT1	FGF9	RSPO1	DHH	CTNNB1	PGD2	WT1mKTS	SRY	DKK1	WNT4	CBX2	AMH	NR0B1	NR5A1	WT1pKTS	FOXL2	UGR	SOX9	GATA4
DMRT1	1.0	0.536340253291542	-0.43869749440714345	0.5217890536644278	-0.5465950845472953	0.5556883943604712	-0.4285030568910645	0.7204984963235986	0.8436701097484604	-0.5943636890084588	-0.28486106624218605	0.5321098110109421	-0.3792593090717967	0.31047094641833617	0.41258874699690345	-0.5618901256443329	-0.2726072815628511	0.6979532751398311	-0.4573900598203557
FGF9	0.536340253291542	1.0	-0.5584005000120313	0.7671302397438475	-0.5009248432123649	0.7792011244211098	-0.48102192064019283	0.4376376362302746	0.5332463956922874	-0.6884962218507427	-0.2692920924629952	0.7583566674018145	-0.6181084034497181	0.3452835447203569	0.22188864209786963	-0.36876943980417426	-0.15600892375455377	0.686346916454685	-0.49221563413645125
RSPO1	-0.43869749440714345	-0.5584005000120313	1.0	-0.5445152854724832	0.8545740027480876	-0.5484641523720519	0.25122551749362415	-0.5208958670268828	-0.4450754982143239	0.7632321792323704	-0.30863415722823195	-0.5346488540247741	0.65866100766414	-0.7467732951010394	-0.6012991090912881	0.6834031387184362	-0.3247517487755548	-0.5715276053553093	0.25516346773682225
DHH	0.5217890536644278	0.7671302397438475	-0.5445152854724832	1.0	-0.49760338807989474	0.7665865724206112	-0.46747076889683103	0.4174503443963858	0.5336188632859251	-0.6683056923237719	-0.2565005570710795	0.7501310534662333	-0.6070303999234157	0.33984339635668953	0.21823425847901815	-0.34965754718781744	-0.15947254505835115	0.6858949583219645	-0.48905159846053264
CTNNB1	-0.5465950845472953	-0.5009248432123649	0.8545740027480876	-0.49760338807989474	1.0	-0.5065568540185126	0.24758513882018834	-0.5948582422051405	-0.5457538201555497	0.741340789134554	-0.2860391746646152	-0.4969082383384667	0.6168382662000743	-0.712817817071477	-0.6581109208375873	0.7480716812337967	-0.3040846968456094	-0.5567054754914174	0.25455400100764236
PGD2	0.5556883943604712	0.7792011244211098	-0.5484641523720519	0.7665865724206112	-0.5065568540185126	1.0	-0.48954320053817607	0.43699665425118134	0.5572598212169413	-0.6959080012117674	-0.27517732167839526	0.7591836107661386	-0.6273758339612783	0.3425406574134237	0.24112398015965272	-0.3745062952783587	-0.17175044514956023	0.6983652501949678	-0.4942923065937622
WT1mKTS	-0.4285030568910645	-0.48102192064019283	0.25122551749362415	-0.46747076889683103	0.24758513882018834	-0.48954320053817607	1.0	-0.38338166129244117	-0.444088360636525	0.3558040231699547	0.20057733958758303	-0.4796523029206521	0.3105919634051874	-0.14613297512844303	-0.09906129479550063	0.2335057967097304	0.04128206447102567	-0.4708517986892317	0.798237401711232
SRY	0.7204984963235986	0.4376376362302746	-0.5208958670268828	0.4174503443963858	-0.5948582422051405	0.43699665425118134	-0.38338166129244117	1.0	0.7332683600191064	-0.4564900723287837	-0.05910101822860389	0.4243052194303204	-0.2569751537079515	0.4997647050440137	0.5663620553430759	-0.7024931178379971	-0.18724815956324348	0.5936068768272577	-0.3768395969411179
DKK1	0.8436701097484604	0.5332463956922874	-0.4450754982143239	0.5336188632859251	-0.5457538201555497	0.5572598212169413	-0.444088360636525	0.7332683600191064	1.0	-0.5890376348457148	-0.2918841690050456	0.5347873198321349	-0.3782889745475201	0.32326398493919956	0.4122938485028976	-0.5729685912356243	-0.26473725225152284	0.7104052992831179	-0.4574187167007806
WNT4	-0.5943636890084588	-0.6884962218507427	0.7632321792323704	-0.6683056923237719	0.741340789134554	-0.6959080012117674	0.3558040231699547	-0.4564900723287837	-0.5890376348457148	1.0	-0.011156158090516313	-0.6652368033581502	0.769471056800819	-0.5553884112651587	-0.4470446814004323	0.5460469765715446	-0.13109094083067038	-0.7058785117723293	0.37108529066583984
CBX2	-0.28486106624218605	-0.2692920924629952	-0.30863415722823195	-0.2565005570710795	-0.2860391746646152	-0.27517732167839526	0.20057733958758303	-0.05910101822860389	-0.2918841690050456	-0.011156158090516313	1.0	-0.2417495227799932	-0.14938426185984746	0.4413520905232757	0.3710319087063915	-0.28869790282111935	0.719332581762894	-0.29574612173016623	0.22856906072486932
AMH	0.5321098110109421	0.7583566674018145	-0.5346488540247741	0.7501310534662333	-0.4969082383384667	0.7591836107661386	-0.4796523029206521	0.4243052194303204	0.5347873198321349	-0.6652368033581502	-0.2417495227799932	1.0	-0.6384658161416112	0.32722363232033463	0.22380024275144125	-0.37364306293286087	-0.1503555269515261	0.6560539409419618	-0.4917506260273954
NR0B1	-0.3792593090717967	-0.6181084034497181	0.65866100766414	-0.6070303999234157	0.6168382662000743	-0.6273758339612783	0.3105919634051874	-0.2569751537079515	-0.3782889745475201	0.769471056800819	-0.14938426185984746	-0.6384658161416112	1.0	-0.51911117788905	-0.39003337521662673	0.4524203111959337	-0.2946678137976153	-0.5003827301838149	0.3098888007877774
NR5A1	0.31047094641833617	0.3452835447203569	-0.7467732951010394	0.33984339635668953	-0.712817817071477	0.3425406574134237	-0.14613297512844303	0.4997647050440137	0.32326398493919956	-0.5553884112651587	0.4413520905232757	0.32722363232033463	-0.51911117788905	1.0	0.7459081363097245	-0.7626042691703759	0.3635503033308389	0.41660079985737525	-0.12567418071509034
WT1pKTS	0.41258874699690345	0.22188864209786963	-0.6012991090912881	0.21823425847901815	-0.6581109208375873	0.24112398015965272	-0.09906129479550063	0.5663620553430759	0.4122938485028976	-0.4470446814004323	0.3710319087063915	0.22380024275144125	-0.39003337521662673	0.7459081363097245	1.0	-0.8156561034905058	0.28272986577351844	0.3141946046540146	-0.08402794008685702
FOXL2	-0.5618901256443329	-0.36876943980417426	0.6834031387184362	-0.34965754718781744	0.7480716812337967	-0.3745062952783587	0.2335057967097304	-0.7024931178379971	-0.5729685912356243	0.5460469765715446	-0.28869790282111935	-0.37364306293286087	0.4524203111959337	-0.7626042691703759	-0.8156561034905058	1.0	-0.20047496845392718	-0.4889992918335238	0.2156225265876601
UGR	-0.2726072815628511	-0.15600892375455377	-0.3247517487755548	-0.15947254505835115	-0.3040846968456094	-0.17175044514956023	0.04128206447102567	-0.18724815956324348	-0.26473725225152284	-0.13109094083067038	0.719332581762894	-0.1503555269515261	-0.2946678137976153	0.3635503033308389	0.28272986577351844	-0.20047496845392718	1.0	-0.22121265469473025	0.04718812227411043
SOX9	0.6979532751398311	0.686346916454685	-0.5715276053553093	0.6858949583219645	-0.5567054754914174	0.6983652501949678	-0.4708517986892317	0.5936068768272577	0.7104052992831179	-0.7058785117723293	-0.29574612173016623	0.6560539409419618	-0.5003827301838149	0.41660079985737525	0.3141946046540146	-0.4889992918335238	-0.22121265469473025	1.0	-0.4927591302905329
GATA4	-0.4573900598203557	-0.49221563413645125	0.25516346773682225	-0.48905159846053264	0.25455400100764236	-0.4942923065937622	0.798237401711232	-0.3768395969411179	-0.4574187167007806	0.37108529066583984	0.22856906072486932	-0.4917506260273954	0.3098888007877774	-0.12567418071509034	-0.08402794008685702	0.2156225265876601	0.04718812227411043	-0.4927591302905329	1.0
