,E37_5_927,E42_7_69,E20_7_209,E70_2_163,E107_6_328,E135_3_524,E106_4_886,E49_7_93,E37_5_687,E108_5_527,E37_6_328,E10_0_881,E12_1_362,E136_6_008,E40_5_767,E42_5_847,E42_1_762,E120_2_483,E112_1_282,E36_3_925,E112_4_486,E31_3_284,E70_0_481,E133_1_041,E80_4_646,E31_3_044,E123_4_646,E31_4_486,E12_3_925,E85_1_362,E112_7_61,E54_0_32,E4_0_721,E56_0_16,E88_7_61,E131_1_121,E16_4_245,E101_6_728,E85_6_969,E88_1_922,E109_3_605,E136_3_685,E1_0_32,E79_4_245,E112_1_362,E86_2_723,E17_6_728,E126_7_85,E136_4_406,E106_7_049,E65_1_602,E128_2_243,E84_6_809,E136_2_723,E123_0_24,E101_5_447,E16_0_801,E101_5_527,E17_4_165,E65_1_522,E0_0_16,E123_5_847,E12_2_083,E10_6_248,E125_7_289,E10_3_284,E48_6_969,E2_4_486,E94_4_005,E119_0_801,E25_7_77,E121_5_527,E120_5_126,E86_4_245,E66_7_69,E112_1_121,E125_0_0,E84_3_364,E121_2_003,E133_3_284,E12_7_209,E42_2_003,E94_6_648,E86_2_403,E120_1_842,E88_1_121,E36_6_568,E101_4_165,E96_2_483,E3_4_806,E110_0_961,E3_5_207,E14_2_163,E65_3_605,E65_2_003,E65_2_964,E142_7_209,E14_0_961,E70_7_369,E48_4_085,E133_5_447,E126_4_085,E54_6_008,E121_3_685,E31_5_687,E133_1_602,E96_4_806,E10_6_168,E78_2_083,E1_5_046,E55_0_721,E109_2_003,E17_3_685,E85_4_486,E101_2_403,E17_7_209,E79_2_964,E66_4_726,E24_7_049,E49_3_444,E94_6_088,E41_1_202,E42_1_041,E63_5_367,E37_7_049,E4_7_449,E120_3_845,E121_0_801,E109_7_449,E78_6_168,E25_1_442,E4_7_369,E131_5_767,E84_6_008,E42_6_328,E54_2_884,E42_4_566,E78_7_369,E41_6_168,E48_5_847,E16_1_442,E119_6_488,E79_0_08,E98_6_088,E133_2_243,E123_0_641,E109_6_648,E125_2_403,E49_2_403,E85_7_85,E49_0_481,E31_4_165,E17_5_447,E101_7_69,E25_6_168,E1_7_61,E14_3_044,E63_1_202,E119_6_969,E107_3_765,E142_7_129,E14_3_284,E4_3_364,E78_6_488,E112_3_044,E4_0_801,E109_2_163,E94_1_202,E96_2_964,E110_5_287,E112_6_969,E16_5_607,E142_5_607,E4_3_605,E88_5_046,E107_7_289,E98_1_041,E110_6_008,E85_3_124,E42_2_563,E54_3_204,E1_3_124,E54_2_243,E70_0_08,E49_7_209,E101_6_328,E56_3_044,E36_3_765,E96_3_925,E131_6_648,E84_5_767,E16_7_129,E78_7_449,E96_4_085,E135_7_93,E106_7_369,E20_1_602,E108_0_481,E51_2_643,E120_2_643,E16_1_282,E25_0_0,E48_6_328,E14_6_008,E119_0_481,E70_1_121,E56_3_364,E80_3_605,E42_2_083,E110_7_93,E15_7_449,E109_6_088,E4_1_842,E49_6_969,E55_5_767,E101_6_088,E12_6_008,E0_5_607,E0_5_126,E66_3_364,E66_4_486,E101_0_08,E84_2_964,E17_4_726,E36_3_524,E120_2_243,E36_1_682,E88_3_605,E98_1_762,E86_5_927,E78_4_085,E10_6_648,E84_4_646,E121_1_442,E0_3_364,E37_4_085,E121_3_124,E16_0_08,E4_6_728,E14_6_568,E133_1_682,E133_0_0,E131_6_728,E41_4_486,E128_0_961,E96_0_561,E51_2_403,E2_3_044,E78_7_529,E20_0_16,E49_5_607,E10_4_646,E110_6_969,E108_4_325,E2_2_804,E48_3_364,E125_0_961,E48_0_24,E42_0_721,E120_6_408,E70_6_328,E85_7_529,E108_1_041,E48_2_563,E44_6_008,E24_3_284,E94_0_561,E101_1_682,E80_2_163,E85_2_403,E86_5_287,E98_7_529,E42_3_204,E3_5_126,E101_4_005,E126_2_643,E112_4_646,E10_0_08,E107_1_121,E3_5_607,E42_1_362,E42_0_32,E15_6_728,E2_4_966,E54_2_643,E14_5_367,E70_7_93,E56_0_401,E24_7_369,E1_4_646,E88_3_124,E80_7_209,E17_2_964,E25_4_806,E123_6_008,E126_1_602,E51_0_881,E12_7_289,E20_0_881,E12_4_806,E25_7_85,E142_7_289,E101_3_765,E126_2_083,E31_1_442,E108_1_602,E107_7_449,E4_6_408,E12_1_121,E49_4_726,E78_3_605,E106_1_922,E94_1_522,E44_1_762,E78_7_69,E142_5_367,E125_5_767,E84_5_367,E128_3_124,E17_1_121,E36_7_529,E15_7_85,E128_0_801,E36_7_209,E54_4_886,E17_4_406,E135_2_964,E96_0_481,E4_3_044,E55_6_488,E47_4_325,E1_0_961,E107_2_804,E25_5_687,E108_0_32,E36_5_367,E37_2_403,E31_1_922,E108_5_046,E88_2_723,E47_0_641,E120_4_886,E106_5_287,E42_7_529,E16_1_522,E56_4_245,E135_6_648,E79_6_328,E88_1_682,E14_1_762,E84_5_046,E85_5_207,E14_0_641,E96_5_847,E80_1_282,E42_3_524,E51_6_889,E109_5_767,E84_0_0,E126_4_486,E42_5_207,E84_2_483,E3_6_088,E2_5_207,E36_5_927,E126_3_845,E47_1_121,E88_2_163,E94_3_605,E135_6_889,E36_5_847,E142_3_124,E85_1_442,E55_2_964,E84_7_289,E125_0_16,E133_7_049,E133_6_408,E49_2_884,E125_0_481,E17_7_85,E121_5_767,E37_7_69,E126_3_685,E36_4_005,E51_4_486,E24_3_044,E123_4_085,E47_3_524,E0_2_323,E94_5_607,E128_6_889,E123_7_85,E65_1_362,E40_5_367,E48_6_648,E112_0_401,E88_6_488,E65_3_044,E136_3_605,E94_2_723,E80_3_765,E85_5_847,E15_2_243,E80_2_884,E85_3_204,E56_4_726,E14_0_24,E110_1_362,E48_2_163,E126_1_922,E110_5_046,E3_1_922,E120_3_124,E54_2_003,E54_5_687,E36_2_483,E4_0_641,E66_5_607,E42_0_881,E80_3_044,E65_4_566,E1_7_69,E136_3_044,E54_4_566,E84_3_685,E96_2_723,E10_5_767,E120_0_721,E94_3_204,E48_4_646,E96_2_163,E42_5_927,E44_6_969,E128_5_126,E15_5_287,E70_3_284,E54_1_282,E125_5_287,E84_1_842,E10_5_847,E101_0_24,E24_6_969,E66_5_287,E66_1_282,E20_4_966,E109_0_401,E133_7_529,E40_6_889,E54_2_723,E131_7_77,E44_6_648,E136_1_682,E125_5_927,E51_3_524,E85_4_245,E25_5_607,E1_1_362,E3_5_527,E16_4_325,E14_1_362,E94_3_765,E135_5_207,E41_7_77,E79_6_008,E121_1_842,E125_5_607,E49_1_442,E79_3_524,E54_7_529,E128_1_202,E126_1_442,E15_4_646,E110_2_483,E101_5_767,E47_6_168,E65_3_685,E44_5_046,E106_4_245,E55_7_289,E66_3_124,E78_5_126,E12_3_364,E121_1_202,E78_3_124,E40_1_362,E54_4_005,E20_6_648,E88_7_289,E78_5_687,E108_0_08,E25_0_32,E94_7_369,E3_4_085,E123_1_041,E65_5_927,E86_0_0,E63_1_602,E42_6_248,E78_1_442,E42_6_008,E1_6_088,E49_1_522,E12_2_323,E65_1_682,E126_2_403,E54_4_966,E17_0_641,E135_1_762,E37_4_646,E2_2_323,E20_0_32,E125_3_845,E110_0_481,E65_4_406,E15_2_884,E31_2_003,E51_4_325,E4_1_121,E125_2_243,E25_6_088,E96_4_005,E121_4_646,E98_2_804,E42_5_527,E44_1_041,E15_1_842,E66_1_922,E16_2_563,E17_3_364,E65_2_163,E126_0_561,E120_7_93,E4_3_444,E15_3_765,E126_4_005,E135_7_449,E80_0_961,E40_2_884,E24_2_163,E49_3_925,E16_2_083,E108_7_209,E48_0_08,E128_2_483,E135_6_248,E106_0_16,E101_2_723,E78_5_527,E106_4_726,E131_3_444,E128_0_0,E70_3_605,E66_0_481,E109_0_0,E10_1_762,E106_1_842,E25_4_486,E131_7_289,E12_5_687,E84_4_566,E125_4_566,E80_0_481,E125_2_643,E121_5_607,E79_5_126,E78_0_561,E54_2_403,E135_5_927,E40_2_003,E119_4_886,E63_4_806,E51_2_163,E109_3_044,E142_1_682,E112_7_369,E44_3_364,E106_3_685,E120_1_922,E136_0_16,E110_2_083,E14_0_801,E44_5_847,E119_4_406,E48_0_481,E136_0_0,E14_7_61,E112_3_364,E120_5_767,E120_1_121,E41_6_408,E0_5_447,E14_7_049,E142_6_889,E4_2_483,E48_5_687,E51_4_245,E24_0_24,E44_4_726,E133_6_168,E54_7_129,E10_4_566,E98_1_121,E66_3_044,E135_2_483,E16_6_568,E10_7_369,E109_5_126,E3_4_486,E55_0_961,E121_6_728,E135_2_163,E63_4_646,E80_4_406,E86_4_886,E66_0_801,E31_4_005,E4_7_61,E85_1_282,E54_5_207,E10_4_245,E36_2_643,E80_3_524,E98_5_367,E42_6_728,E119_6_088,E79_1_922,E48_5_046,E86_6_488,E47_3_284,E54_6_248,E55_2_804,E36_4_486,E24_2_403,E78_6_248,E25_4_085,E128_4_325,E48_5_447,E12_6_568,E86_6_568,E128_5_046,E42_6_488,E133_4_486,E4_2_083,E47_2_643,E1_7_93,E110_4_726,E41_1_682,E106_3_605,E54_3_124,E94_2_643,E128_6_088,E10_4_165,E0_6_168,E128_7_529,E126_4_726,E94_4_406,E40_4_726,E119_7_289,E36_5_767,E24_1_121,E112_7_93,E56_7_85,E94_2_884,E112_6_088,E108_4_726,E16_1_682,E94_7_049,E44_5_527,E37_6_969,E101_6_008,E12_2_643,E136_7_69,E40_3_765,E112_2_163,E20_4_245,E66_1_121,E80_1_682,E133_2_163,E25_0_801,E78_6_088,E0_1_202,E142_2_483,E20_4_886,E106_4_325,E106_1_522,E121_3_444,E119_3_925,E142_0_08,E63_3_845,E85_1_041,E94_7_77,E49_4_566,E101_2_083,E2_5_687,E125_5_207,E40_6_969,E85_3_284,E17_2_163,E10_1_362,E88_2_243,E41_2_163,E88_1_202,E20_1_362,E78_1_282,E31_4_806,E12_7_049,E40_0_561,E4_0_961,E14_4_165,E108_5_367,E3_3_044,E24_0_641,E133_3_845,E36_0_721,E107_6_728,E109_5_527,E135_4_646,E107_6_168,E63_1_522,E42_3_444,E55_6_889,E14_6_728,E14_6_168,E94_4_245,E66_0_641,E48_1_442,E79_4_966,E2_1_282,E31_1_121,E94_5_126,E40_5_927,E12_1_842,E44_7_449,E136_2_964,E44_3_925,E15_2_804,E15_4_806,E120_6_728,E0_5_527,E70_5_767,E79_0_481,E86_7_049,E48_7_209,E125_6_488,E123_2_323,E133_0_32,E48_2_483,E63_7_529,E109_5_447,E15_3_925,E2_7_77,E70_6_088,E135_5_447,E94_2_003,E42_2_403,E36_7_85,E107_0_641,E49_0_0,E84_6_728,E125_4_165,E12_3_444,E56_4_646,E88_1_282,E36_1_602,E2_5_126,E125_3_925,E1_4_886,E16_4_566,E63_3_364,E14_5_447,E101_0_16,E136_3_524,E94_0_641,E112_3_284,E119_6_889,E63_4_726,E120_4_726,E31_6_408,E4_2_003,E85_5_767,E98_3_605,E24_0_481,E119_7_93,E128_3_765,E70_7_529,E14_7_129,E135_6_168,E80_4_566,E128_5_207,E20_6_248,E1_1_842,E126_0_16,E85_0_0,E84_5_607,E78_4_165,E112_3_925,E49_4_165,E20_6_088,E112_5_447,E128_0_481,E120_7_69,E10_0_32,E112_4_566,E42_6_648,E24_0_721,E20_3_124,E94_7_529,E110_5_687,E25_6_568,E131_2_964,E106_5_687,E10_1_922,E123_7_529,E2_2_243,E16_7_449,E24_6_728,E55_2_643,E40_5_287,E48_3_605,E51_6_488,E37_2_804,E17_3_444,E24_4_406,E55_5_847,E1_2_964,E1_6_328,E20_3_204,E133_7_85,E37_6_088,E119_7_529,E0_7_129,E108_0_801,E142_7_69,E112_3_605,E42_4_085,E85_1_522,E48_7_529,E107_2_323,E10_6_568,E66_6_648,E84_4_165,E49_0_561,E55_1_522,E70_3_524,E44_2_964,E40_2_163,E49_7_61,E24_1_041,E41_1_922,E126_6_008,E3_2_403,E49_5_287,E125_6_728,E63_4_886,E119_4_085,E70_2_723,E121_2_083,E42_5_126,E56_5_207,E126_6_248,E24_5_207,E119_5_287,E65_5_126,E78_1_602,E98_6_889,E66_2_563,E40_1_842,E0_3_845,E4_7_77,E66_3_284,E142_4_886,E15_7_93,E80_4_886,E142_0_641,E121_5_367,E12_7_85,E10_6_408,E98_0_16,E106_0_32,E63_6_969,E0_2_964,E101_4_406,E10_7_77,E126_2_323,E1_4_165,E66_0_961,E65_4_325,E79_4_806,E47_6_328,E142_7_77,E88_3_204,E107_6_969,E131_0_961,E123_5_767,E106_6_408,E126_0_401,E10_5_046,E2_1_202,E135_0_16,E4_1_602,E108_3_845,E107_0_0,E107_4_406,E10_4_085,E3_2_563,E84_3_444,E106_1_202,E63_4_966,E128_6_248,E84_1_282,E17_1_282,E85_2_323,E107_7_369,E106_6_728,E88_7_129,E142_2_964,E135_1_362,E14_5_847,E51_6_008,E109_1_041,E44_6_809,E56_7_69,E3_3_204,E15_3_364,E42_4_486,E51_2_804,E36_5_046,E106_2_804,E24_0_0,E44_5_287,E80_1_842,E16_4_165,E133_2_003,E107_4_966,E109_2_643,E31_1_522,E136_5_287,E24_6_248,E24_0_16,E108_3_124,E12_5_927,E121_4_325,E106_4_005,E106_1_602,E96_4_726,E108_6_328,E16_4_486,E121_0_0,E36_3_605,E80_5_847,E20_3_605,E108_6_248,E2_1_442,E80_4_325,E31_5_527,E41_3_204,E98_2_003,E10_2_083,E15_0_561,E120_5_046,E86_3_524,E65_2_243,E1_5_527,E85_0_24,E4_6_168,E25_2_163,E86_2_483,E17_5_207,E15_2_323,E109_2_323,E54_5_367,E108_1_522,E25_0_721,E126_3_124,E125_3_524,E96_2_003,E63_5_607,E133_1_362,E86_1_842,E106_5_126,E109_6_168,E47_2_083,E85_4_085,E47_4_406,E88_5_847,E142_2_563,E40_7_129,E78_1_762,E123_3_524,E78_5_287,E78_0_881,E40_6_568,E10_6_809,E119_4_966,E123_6_809,E65_2_403,E119_3_124,E70_6_889,E119_1_602,E49_1_121,E12_4_646,E65_4_245,E65_7_209,E20_6_969,E63_4_486,E107_0_24,E80_6_568,E112_4_165,E16_0_481,E125_4_085,E37_1_041,E106_4_566,E131_1_442,E136_0_961,E63_4_566,E94_5_046,E109_6_889,E4_5_126,E136_0_721,E3_3_925,E121_6_088,E0_7_69,E1_4_726,E15_1_522,E131_0_401,E37_6_568,E54_1_682,E66_0_32,E24_6_408,E14_7_369,E110_2_003,E88_6_889,E101_2_884,E79_4_005,E119_1_442,E112_5_287,E37_1_362,E12_4_005,E17_5_527,E125_1_842,E31_2_163,E31_3_524,E12_3_685,E79_6_809,E121_7_61,E123_7_369,E126_5_367,E106_7_289,E131_1_922,E20_5_287,E41_4_646,E131_3_524,E56_5_126,E41_4_966,E79_0_401,E108_3_284,E10_7_289,E123_7_129,E47_2_884,E94_5_687,E135_6_408,E136_6_648,E31_6_088,E56_2_964,E16_0_641,E128_6_408,E51_6_088,E86_3_685,E16_7_289,E55_2_563,E133_0_16,E36_5_687,E48_5_927,E79_1_202,E2_0_32,E94_1_362,E3_4_726,E24_3_925,E20_0_641,E109_7_77,E65_2_643,E66_1_682,E126_2_804,E63_5_126,E86_1_282,E112_1_522,E85_4_966,E120_3_524,E112_6_809,E63_7_209,E135_3_605,E84_0_961,E42_3_284,E86_3_765,E86_7_529,E107_5_287,E24_5_287,E128_0_24,E96_1_442,E15_5_367,E135_7_529,E63_2_243,E136_3_364,E24_7_209,E123_0_881,E0_7_449,E125_5_847,E79_4_646,E3_5_767,E85_0_961,E10_1_282,E25_3_444,E63_4_406,E36_3_204,E54_0_0,E94_3_925,E24_3_685,E80_1_202,E110_6_168,E56_4_165,E42_3_605,E94_6_168,E25_6_728,E123_3_685,E101_5_927,E4_6_568,E48_4_726,E84_0_641,E3_5_287,E136_3_204,E2_0_961,E142_6_088,E85_2_483,E12_3_524,E112_7_129,E63_2_884,E110_1_442,E2_6_328,E70_1_602,E126_3_284,E51_0_401,E47_7_529,E96_3_845,E66_6_568,E96_7_289,E131_6_008,E133_5_287,E42_0_08,E107_3_364,E3_3_124,E20_2_163,E109_1_762,E31_7_529,E15_5_847,E123_2_804,E121_1_762,E41_5_847,E86_2_003,E107_3_284,E65_6_728,E112_5_607,E142_6_488,E98_3_845,E70_4_566,E41_1_522,E136_6_168,E110_4_806,E128_2_403,E4_0_24,E84_5_207,E112_7_209,E42_1_121,E108_2_323,E120_5_207,E15_1_762,E79_4_726,E98_6_568,E51_1_602,E84_3_605,E78_0_0,E131_3_284,E121_7_69,E70_2_804,E3_1_202,E120_6_969,E98_1_442,E110_3_524,E48_7_93,E106_3_845,E31_6_809,E37_4_005,E49_4_886,E78_0_481,E109_0_721,E14_5_607,E110_5_927,E14_5_527,E16_2_964,E78_7_049,E15_6_568,E24_4_726,E109_0_32,E109_4_245,E1_4_005,E41_0_721,E10_0_24,E66_0_08,E108_4_406,E55_4_005,E1_5_607,E48_2_323,E42_2_163,E65_4_005,E133_2_563,E119_4_245,E96_4_646,E108_1_121,E136_2_323,E55_1_121,E47_5_527,E4_7_85,E24_3_364,E78_2_483,E49_2_563,E128_4_806,E36_0_881,E24_4_005,E110_3_284,E106_2_563,E14_4_886,E133_2_964,E47_6_488,E110_2_964,E56_3_524,E10_0_16,E131_6_088,E128_4_726,E65_4_165,E110_6_488,E16_7_049,E107_6_889,E2_5_527,E20_7_61,E96_2_643,E16_1_602,E120_2_964,E12_4_566,E94_4_966,E135_4_566,E48_3_925,E2_2_003,E84_3_524,E86_4_085,E41_6_008,E84_0_481,E17_4_966,E16_4_406,E126_7_77,E4_5_447,E51_6_568,E136_0_08,E126_5_687,E1_2_563,E110_3_845,E0_4_005,E106_3_204,E12_2_884,E37_3_444,E106_4_806,E54_6_088,E106_6_809,E4_3_765,E142_3_845,E123_3_204,E63_2_163,E112_5_527,E101_6_568,E16_0_561,E96_2_323,E86_1_202,E56_6_168,E125_1_282,E106_0_0,E123_1_442,E84_7_529,E24_4_325,E131_2_884,E119_7_369,E80_0_32,E108_5_207,E125_1_762,E49_1_762,E49_1_041,E131_7_209,E16_3_124,E98_5_927,E80_2_003,E96_6_248,E70_2_243,E101_7_449,E79_6_969,E15_0_0,E66_2_483,E44_7_129,E54_3_444,E107_0_08,E70_2_964,E37_3_845,E41_6_648,E2_6_728,E55_1_282,E51_4_726,E31_6_248,E85_7_129,E120_6_088,E48_1_202,E125_1_602,E78_2_884,E98_3_124,E106_6_889,E14_7_93,E128_0_561,E70_6_168,E70_5_126,E2_2_563,E131_0_16,E16_3_204,E37_5_046,E121_7_129,E37_4_165,E107_3_204,E121_2_804,E55_0_24,E16_0_0,E42_5_607,E25_5_927,E12_0_24,E66_4_806,E78_3_284,E94_2_083,E66_2_643,E85_3_444,E125_3_044,E2_3_364,E25_6_889,E42_3_765,E131_5_527,E78_2_563,E14_1_041,E65_4_886,E42_6_168,E16_2_243,E108_2_483,E1_7_049,E0_5_287,E4_7_129,E136_6_568,E48_2_964,E88_5_207,E24_1_282,E16_6_969,E63_6_568,E86_3_444,E123_1_362,E49_6_728,E54_1_121,E107_1_682,E136_6_328,E42_2_723,E41_3_124,E142_5_847,E3_6_728,E66_7_93,E1_3_685,E79_0_24,E88_1_602,E17_3_204,E47_7_369,E37_0_721,E12_6_168,E85_3_364,E88_4_566,E119_4_646,E36_1_282,E16_5_367,E106_1_682,E49_5_207,E66_1_762,E56_0_24,E119_5_527,E12_6_648,E133_0_721,E16_7_85,E25_2_403,E3_7_529,E24_0_401,E135_0_641,E107_4_726,E101_1_922,E15_5_527,E107_6_408,E142_1_121,E88_2_563,E20_1_762,E36_1_522,E78_3_925,E25_3_364,E37_6_168,E126_4_646,E107_5_367,E36_6_969,E31_4_966,E135_3_364,E106_3_524,E142_1_922,E126_3_765,E12_0_561,E70_5_287,E135_0_561,E49_3_364,E84_0_32,E41_5_767,E36_6_408,E109_7_369,E86_6_889,E55_4_165,E123_0_801,E41_0_641,E79_2_163,E96_1_282,E120_7_049,E79_1_842,E123_5_687,E112_6_168,E41_7_209,E119_7_129,E3_2_163,E44_7_289,E133_3_524,E40_5_207,E17_0_24,E125_2_723,E31_5_367,E85_0_481,E135_3_765,E56_3_204,E10_2_483,E49_2_964,E49_3_605,E2_4_726,E44_6_408,E128_6_568,E135_6_728,E133_2_884,E96_3_204,E125_6_648,E42_5_367,E88_5_287,E36_0_401,E119_2_083,E20_6_008,E66_4_165,E110_1_842,E44_4_406,E86_5_207,E24_5_767,E15_3_444,E20_2_483,E10_7_85,E65_2_884,E47_4_486,E12_2_964,E24_4_165,E110_2_884,E4_1_442,E51_0_24,E2_5_046,E101_1_282,E120_5_847,E48_6_248,E37_2_723,E120_7_85,E17_1_842,E0_4_566,E88_2_323,E63_6_648,E109_3_444,E44_2_884,E16_2_163,E142_3_765,E101_5_847,E36_2_323,E0_3_605,E4_2_163,E98_2_643,E54_6_809,E54_3_284,E120_4_486,E2_3_444,E110_0_0,E16_5_126,E51_2_563,E2_4_165,E2_7_209,E4_6_809,E88_3_524,E54_7_289,E36_7_289,E55_0_32,E55_2_003,E40_0_481,E128_3_364,E2_6_889,E1_2_003,E0_0_481,E36_3_685,E2_4_646,E128_5_927,E14_1_442,E49_4_646,E47_7_449,E70_4_165,E80_2_083,E106_6_328,E123_1_202,E65_5_527,E1_4_966,E78_5_927,E1_3_204,E55_1_762,E126_4_886,E10_7_93,E17_4_005,E36_4_886,E41_7_93,E17_7_449,E94_6_408,E107_3_444,E31_0_16,E136_6_408,E48_6_889,E119_2_964,E133_0_401,E20_2_403,E121_5_847,E12_5_126,E42_4_726,E98_0_08,E131_7_529,E66_7_77,E40_6_488,E80_4_245,E142_0_481,E136_7_61,E126_3_364,E131_7_69,E40_7_209,E78_2_323,E31_0_481,E36_6_328,E96_1_922,E0_6_488,E51_7_529,E55_3_605,E66_3_765,E108_6_008,E15_6_488,E65_6_168,E126_6_728,E109_7_289,E44_4_165,E78_2_003,E31_7_93,E108_2_643,E55_7_209,E107_1_522,E31_4_726,E66_0_0,E4_4_245,E65_7_69,E3_3_364,E41_6_809,E135_7_77,E10_0_561,E55_0_16,E101_7_93,E112_1_922,E41_7_289,E54_2_964,E106_7_93,E49_5_847,E131_5_207,E80_7_529,E136_2_083,E56_0_32,E126_5_126,E108_1_202,E88_2_804,E14_3_685
DMRT1,1.3153049633,4.2577291802,9.5252117302,9.3059970218,9.7832620975,10.2084451320,4.0440122223,9.4749214259,2.0862759758,0.5901120692,5.0385944209,5.3305126345,3.7316747013,9.6570229992,3.5976266157,2.2505496860,2.6519496741,9.7398815946,3.8762660226,10.2902868843,9.9053666488,10.2534105940,4.3873883526,4.3331423815,2.9673065980,10.2840075031,4.9318255462,9.8368377943,5.7891981938,4.2633201779,9.2390069382,3.5718918272,2.5158029031,2.2714902126,9.7043683519,3.2603326966,2.3345168858,9.8625114094,9.7893864313,9.3418916777,10.4178632821,9.9094002786,4.5290994814,2.1482126401,3.1349670375,0.5968800859,0.3370361419,0.5880598231,9.3490974377,1.6484125589,4.1138153888,4.1427631758,1.2780988572,10.3523141894,0.5770297165,9.6951661336,5.4188315272,9.7127085660,6.9481096876,6.3091152166,3.4941661286,1.5212489360,4.8502374081,0.3498231781,6.2433765653,5.0716139556,4.6011313605,2.0652704682,10.3754122887,7.0622117693,9.4398716290,10.0931203729,9.9833386153,2.3021253113,3.9135920013,4.5395081018,6.4219934744,4.3187620085,8.3853743447,4.6601176044,1.3415313209,4.1895892988,9.8138776577,5.4821972649,4.1849295058,4.1483325077,9.6754107008,10.3163441312,6.3675237537,10.2856129895,5.0138061565,9.6845334044,1.7267164049,4.3573310588,4.1215349199,1.4931900385,9.7431633148,6.2416316499,9.5299277376,4.7960495766,1.3145221309,2.0894999943,2.6191109721,10.4984118477,9.5994899298,3.3107459963,4.2426387518,3.5736464327,6.7539353835,1.7330526757,5.6551527597,9.6181081041,1.7337635980,9.8843243022,9.4378718311,2.5377493157,8.2961206851,4.0629020844,2.2040301778,10.1906142602,9.4336558992,5.2829152075,3.7983206122,3.2754427053,5.6793537805,9.6547515240,10.0589118865,3.0757461444,9.5814774342,3.1052994502,1.8856373688,9.7265321152,5.6864142456,2.4209568473,3.1515025673,1.1123392143,3.6096306665,0.3681032290,10.0067879115,4.0719468442,4.7388654784,3.8062021731,3.7480445910,9.6391738891,2.6828971494,1.6934700877,9.3706957654,6.7250930090,9.8082225566,9.7235773775,3.0012302588,10.1017042444,2.6884352487,9.6513154016,9.7300910021,3.0806848134,9.2200517962,1.7327447941,0.4900777317,10.4864663416,9.9239220701,9.7340523827,10.1788043058,5.9805927619,10.0620558148,1.5653755923,10.0712364169,0.8261927571,4.1815199274,0.5857050715,9.6588075801,5.2866151390,10.0488156564,10.1293006159,10.0699435153,9.6683760468,6.3751048618,3.4131851390,10.0322537701,2.3242616865,3.2507112040,0.8635575730,6.0594763450,5.5827813660,10.0325647769,9.6368336329,3.9539961017,9.9880739903,2.0098080812,4.0675130290,0.1805688892,3.4558826368,0.9592207960,3.2103670046,9.9270560197,5.3819836989,1.3042807011,2.9338392625,10.5742564470,9.7357589822,5.4153647188,6.4219934744,6.5092850404,9.6731991943,7.1075684133,2.5518364345,5.9185636214,4.0934308132,7.3869657236,4.0698669180,9.6607212247,9.8017141357,9.9324124131,9.5490197539,2.9280426554,9.5809679877,1.8371451559,9.6187669952,9.9807950333,2.4236316147,1.1262345537,3.5025476357,4.2361216436,1.2383384949,10.5565181252,9.3641220570,0.9193542115,10.3793504140,2.3466181080,2.2664791537,3.5099290907,1.2624263109,5.3729358786,2.1423438775,10.1261056843,4.1426243151,9.9923282847,2.1249305852,9.7268122039,9.8519832574,5.0120120156,6.4219934744,4.2594393922,9.7852343216,6.0118509596,6.5034032014,9.7528929166,1.9382992206,1.5858807104,3.5607233080,9.9856365090,2.5417287409,4.7445104570,4.2966523282,5.3934247016,1.8312908212,2.8718521029,5.9667880308,3.4089642696,9.2852331315,9.6487461846,10.0677509440,4.8598807209,5.8916418978,9.6429686975,4.4746808106,4.1303234587,4.8316516132,0.7210568311,8.8615405259,5.1199426422,9.8767283390,2.4038006349,9.7857851140,10.0698956275,4.1176800791,9.4217202277,0.9472048734,3.6235122351,9.7556018689,1.2748780454,4.9282375606,9.8035656879,2.3687478073,2.1800118731,10.0491400023,9.4339086029,2.2905358840,1.4034324595,3.4057940245,10.4891577420,1.0540473497,8.5301556656,9.8904868220,6.0507125560,0.6056665405,3.9199099247,1.2949572021,3.8346391361,2.6051135441,9.8935609206,9.8073202107,9.9266759995,3.6784618630,3.5381100738,4.4685802440,9.9520424844,9.8296328707,2.8515179894,9.9890141727,8.0865071902,5.0198786186,3.6185276876,3.0025803356,3.1147172739,10.2533081487,1.7971914964,2.5681653604,1.2366367793,5.3311252096,9.4260311169,9.7185943315,1.3010351573,9.3797978390,3.6798453077,3.6960242745,10.2408672037,6.6394443914,10.6837368552,4.3742946966,3.9412490861,2.0115890080,9.0617148680,9.3990200832,2.0299853603,10.0551125368,2.0638410579,8.0495407510,3.8811201502,8.6625159637,5.8374982300,9.8653476790,0.6478183763,0.6867062380,3.7633037659,2.3881693445,9.7315297417,1.9189240807,1.2770500759,3.4005788460,4.1090480019,9.6823562982,3.4125145067,2.3043974395,4.3216671507,6.6778942646,9.7960337987,9.5431213183,6.4219934744,3.1644216993,3.5043354412,1.3476885167,9.8861748418,2.3096390104,9.7311085184,2.4036916251,2.6016954682,9.1324992916,9.6922665745,9.5906278803,9.6553207882,7.3408892240,2.4291047660,1.8874272696,5.5932138729,4.0842408779,2.3998193141,1.3411634271,10.3884903033,4.8919824509,5.3022686796,9.6959383345,5.9249736491,4.6546771738,10.5440746651,10.5209598829,4.0748799614,3.7794903642,5.7185040536,9.8247114780,9.6673378657,2.4382335714,1.9444505346,5.1290390851,3.1323102139,3.9261939961,4.4513130109,9.6577888867,1.4569663502,10.0423605219,10.5878970933,4.5613171149,9.9008480242,9.8971644883,4.4598086022,10.3527536143,3.5654607717,5.2428044399,6.3921974954,3.2873909668,2.5092003271,4.7241239457,4.0473120144,10.4391426738,6.5880120898,1.9106994771,7.5813944092,3.4248440034,1.0627908805,3.4196325532,5.1529416592,3.2572091717,3.8597374435,10.4948891755,1.0488455293,1.6882170968,2.2431506412,4.3181495551,3.4604324776,10.4186030070,5.3752417095,2.8883605726,2.3097575165,9.3991755147,6.4212554774,9.8552936347,9.9118384383,2.4039784842,3.5093041656,4.8149493591,3.6143931329,2.8581883286,0.5083689657,2.9908645386,2.1726826304,9.5829673856,4.7998106485,4.4086804168,4.6328677952,0.1818258910,1.3784320644,9.6239995731,6.2418947593,0.0628501141,10.3923378118,9.8836344279,9.9111854359,3.3630331163,9.3593260982,0.9946854026,3.3768155216,9.9148226046,9.6347653961,9.7245805164,3.3922922295,7.9137830820,4.3271961719,0.8184845788,2.4879768985,2.8717302365,4.3473312619,1.3327883369,9.6978982171,5.1864400074,9.5749912797,2.4461892238,1.2788113760,10.0985521773,0.2859083837,1.4015107494,4.2862796894,3.8510465357,3.7696492854,1.2940056760,8.4268417609,2.1572046335,3.3715090227,9.4529516417,9.6739129821,4.9225552577,6.8073496578,6.0732574106,9.6507384596,10.1845921487,3.7799607344,2.0405630954,6.4219934744,4.8548219961,2.7928248022,4.7533459910,4.8140188250,1.9580647743,1.3456318156,3.2540034283,1.4100489924,0.6562636106,3.9748265006,3.8898871638,3.0019825927,3.4289919559,5.9561385695,2.0370351052,2.0812852985,1.1832945064,2.5566290521,10.4540124663,9.2532549005,10.6432394864,3.4995792927,5.8524320727,9.6822010341,3.3291157822,9.9723198672,9.8430680326,2.3307808384,1.9432636087,6.1066184166,4.0277573664,3.2903664076,6.3366805730,3.6716490341,5.0050495654,9.1850541234,9.9113840366,9.6840061589,2.2161508263,9.9760989499,0.6164995592,3.8587784561,3.9622357123,10.1436734545,0.0217034576,0.6910615031,2.4285195977,6.2593922233,9.8387479761,3.7990515733,10.2140353123,5.5643100980,2.6781407892,1.1719123133,6.4219934744,10.1361595288,4.7132620002,6.4219934744,3.2150561562,7.0121731718,9.9328779330,1.2322429334,3.7381154502,5.0585691567,3.3209492146,1.2652643417,8.5097989240,9.8494917069,4.1886906416,2.8354758262,5.0788916701,10.0938904291,4.6484634484,3.3754037716,3.5683801863,9.1618802730,10.3340813839,5.8721398123,9.5293645002,10.5646407571,1.7213434795,5.4532441490,1.5776903017,1.9618012604,2.5286036186,9.4696970781,0.8569450208,6.1436385064,6.4219934744,9.8485274086,10.0535417816,9.7849530467,3.0660775697,9.7676683616,9.9419638034,9.8488206139,10.1344060417,10.1203564764,5.2916397536,10.2424712335,1.9101484870,9.9676165759,0.4249189493,1.5576809615,0.0183668921,0.5289588008,0.4931162617,10.0546181890,2.1772944750,3.1238763901,9.9420370219,10.1665334326,3.9582829251,10.0214121256,9.7531818784,0.7956599128,4.7129855271,5.8329716643,1.2764960956,10.2869414578,9.6573823184,2.3586177375,0.9496263455,4.0154279267,8.8093980951,3.7563470195,9.9249306737,4.5840940885,1.5707933807,2.4166355985,4.9494403339,0.8892932176,2.6885004882,4.5671286739,1.1137803171,10.2568436790,4.4950969413,4.3445793249,10.6379752417,3.0239439652,4.2277558373,1.5904368883,3.5255728891,6.0650277531,0.7810573357,0.4548777861,10.1974578710,6.8812110686,4.8880706037,2.3450061618,5.4790475452,2.7274057367,0.3657139186,10.3510240075,2.4320636235,5.0148083300,9.6025999649,3.7392112209,1.9095166896,9.7370621921,1.8788230605,1.5631778957,9.7543267102,4.9425343133,10.0686408356,0.9420507274,10.2485392582,9.7428751141,3.5436580169,3.8401539216,9.6234623642,8.5762618392,4.1920987573,9.7678016086,3.1241301911,9.7366000835,4.9478024298,9.1934854992,10.1234032384,1.6002551756,0.8502282853,2.6473866996,3.1205877878,3.3874595684,0.3506638673,4.1876217825,9.6246491793,2.4220300214,2.9247422623,10.1534680525,7.1969974626,4.2184704024,1.7548935997,1.9310771667,9.0193312309,10.2025763647,9.5985839911,2.8322832901,4.3835142021,3.1391094423,10.4229839139,8.5510899609,4.9552610415,8.9484981068,9.3665559140,0.7936556790,2.0600264764,1.1331206321,9.8398399582,1.8519874195,3.8476394013,1.5306549747,10.2269746740,2.3124985579,10.3615126730,4.3946923656,3.7270732519,7.3708010206,9.8263033970,9.8383852062,9.8116472583,9.7063436732,1.9107478375,6.1284328362,3.8330382543,9.4497315931,10.0446937732,9.7919359331,4.2943615042,3.0920298502,2.4602948586,4.7211929415,2.9166619800,9.7447181558,3.3241338312,4.8454546878,10.1342770690,10.5392184746,9.8024556312,10.3958945119,9.7194231888,9.6225996527,9.7762621354,9.6107258542,4.2396623986,2.8357321604,4.0781911077,6.2435019512,6.3002238046,4.6134828202,4.0136019635,5.2772082974,9.6638960477,9.9530230858,0.3322023041,9.1737770534,9.9983004476,2.5234932312,4.5060006925,9.9193020815,1.2497700738,6.4219934744,5.0536345898,3.6394901820,1.5991130269,0.9277488705,2.1634186670,4.4792420764,3.2043085364,1.0740364410,5.9583021484,3.1378887706,2.4452775710,9.7326833392,5.8826728680,9.5802367748,6.9245953103,10.4763591758,0.1266707420,3.9915001324,9.8369741458,9.8364651911,10.2090077087,9.6087158178,10.4319312654,4.4373505104,3.5052203493,0.0935823445,9.7811860685,9.7953357020,10.0885856059,1.6551866601,4.5437793830,9.0817559900,2.4148075922,4.6651498731,6.4219934744,4.3048739597,5.3617214020,9.6051975437,10.3620922904,9.6917033361,9.9992179874,5.3883592747,9.5815217334,5.7982037927,9.6510113191,0.6905302793,4.7818473323,10.3442599630,9.6716984282,5.1999679358,9.7131142681,4.0020772675,1.8802846840,4.4619393358,3.7044422806,1.3894935757,4.3720176917,3.2121022580,1.6408911392,3.7598156968,3.7849203706,9.7211168227,3.3025783390,6.1404575232,2.0923088181,4.6001255222,3.9144767481,1.3301788251,9.8577626493,0.7604629352,5.3750379610,2.9657498505,9.8101520249,6.7455439374,9.8624014777,9.6926406023,3.2620405594,2.0121041514,0.4630428601,8.7889974060,4.5367331883,1.8917294998,2.3660014657,4.8330327334,3.6069222465,10.4246001843,10.4739828253,2.7292608485,9.7398065941,1.4347495532,9.0166455914,5.0296539142,9.1935296274,10.0534880843,6.8236741229,2.3637151595,2.8451303127,10.3185327253,8.9309726784,0.2821908430,2.5448031269,3.1624314123,1.1273966397,5.6942506530,5.0525719065,1.6674360426,10.0132643038,0.5996046279,3.5701698199,10.5359605301,9.6946086257,2.1761949545,9.1074757723,9.5156990598,1.4885639012,1.1413446811,9.8805171796,4.6357714603,2.3025649913,6.1740274797,5.9240480346,3.0740428991,9.7763027730,10.3644208721,2.3740858654,2.6132345812,1.6162614343,4.1606272052,1.0547552369,6.0100804828,1.6283088709,9.9756675220,10.4690106252,9.2358316626,0.8683838573,5.6115261058,0.8440684427,4.8188434450,1.2803577959,3.1642134927,7.9182609718,9.4099822209,2.2151103895,6.4219934744,10.0021158596,2.4761453184,9.9775322601,0.9468513765,0.4678507995,5.5579644266,0.5170134972,4.3838061924,5.4153492945,7.4710794048,9.6150439144,0.3908890969,9.8323781410,3.1301400788,5.3765694664,9.5563706573,9.7282706454,3.4197965091,9.6460573268,3.2642543005,10.3934214707,10.5440585397,3.2849993600,10.0731011647,10.3938671903,7.1055972424,6.4219934744,9.4151581660,0.1035076007,3.5642238995,5.1898356770,9.8114111322,10.2111590323,3.5022149490,9.3274057451,3.3562742813,1.7471196905,0.3106708462,0.4626452867,10.1115873252,5.0630177431,5.6124677146,1.7574369575,2.1624083552,3.3125932943,6.4219934744,10.4371181630,1.1913259084,10.4667366634,3.4776583113,1.4524922927,1.9210015127,9.1092916381,10.3859187327,7.8480667312,5.8133898006,4.9568551634,9.9089663448,3.3408745882,5.5665985604,1.0919544822,5.9779182528,9.9104348532,9.4874677810,4.4895126804,4.4234709108,9.1339555955,10.0531534210,4.7422567465,1.4557840266,3.6525172932,0.3717073163,3.1591538961,2.0891957021,4.9625791476,2.2715851930,6.2227960648,4.6742290742,9.7640565995,5.3943424797,9.8143001506,2.3033002800,9.6452330493,3.0175527625,4.3073230728,4.5087930113,4.8033760415,3.0663124193,1.9560116980,5.5323980330,2.0125764651,3.5206926658,3.5680324832,5.0643982064,4.3579738077,9.4750848843,2.8995329884,3.2014011046,5.7254119269,0.3585531531,4.6144088809,9.6297505039,4.4998609253,2.7652532323,2.5748286663,10.0809832444,1.3942778206,4.9645180164,3.3817414888,5.3269732348,0.8543954526,1.9005956400,1.6543302805,9.6333227008,9.9059944016,9.5876529585,1.0907235780,10.4021571221,9.8492508410,9.5509103503,4.8787117743,5.8198147926,5.2885818165,2.0144562590,4.3243669512,5.7483848094,1.5652219437,10.0074009859,5.0199884816,9.6722592989,9.9141043922,1.6055139506,5.5495929838,10.2009324943,5.0674069932,3.7157973286,3.7096810111,4.5773813717,9.3807358619,9.7170319551,0.6699917937,1.5971048372,9.9701761492,2.8856203135,4.5928954822,5.0504526707,4.6612544666,10.0481846909,9.7162107673,3.7516180521,4.5156990762,9.5388700119,4.5483733917,3.3053737904,3.4521962368,5.7940696712,6.1891122873,9.3584272809,9.8750128737,10.0102018523,9.5863223345,0.5800680383,3.5510973923,0.0675386533,9.5831390251,0.6429862137,1.7746332521,3.8954151075,3.3698818797,9.6080191372,5.4556038280,4.9217097246,6.7287854815,3.1631697996,10.0901964791,1.8087250557,3.8189605809,9.7931855305,6.0971893577,3.1182292312,4.3504075012,1.2253520374,4.1778939909,2.2127603830,10.1224500137,10.3966071590,9.9835030849,3.8412914766,9.7201994084,3.5697313113,2.7521274673,2.8443788482,5.1266236809,10.0206525100,1.1196111554,6.7726127145,4.9864897572,9.6459692350,9.8710335047,2.3710314551,9.9161338893,2.6639017732,0.7021607570,9.5796441701,2.3722499680,5.7830399048,9.8692981848,4.3147696358,3.2352495797,10.6116659507,2.6508278498,10.1601984121,6.4219934744,10.3372544095,1.3863503994,4.2770791792,4.5733931131,0.9153573618,5.7145472784,9.2595313912,9.4127846019,1.7638257771,9.6648798727,9.9643011191,4.9319437776,0.1261386616,9.8635005668,9.8757146251,4.7801555667,10.1169809719,9.6281319118,1.3484893520,9.9315061374,3.1274375995,4.8744325882,4.6613416928,2.5040327313,2.6927134599,5.3649817941,2.0058035036,1.0877896806,4.6403110173,5.9976810363,2.6811669565,5.5394024969,4.7206013229,10.5797495643,10.6020875999,9.3896519988,7.4735823078,9.8989111188,9.9180087119,0.7420416111,6.4294628274,9.4954124296,6.7879631103,10.2373001317,3.9177677867,9.6721595448,10.2015875125,10.4540410808,10.1726332410,0.6442066497,9.5018892289,3.6854806132,3.6515143247,6.6686719268,4.4180812276,9.7463814190,0.6104337593,8.9216022715,9.5256551625,4.7404681170,5.3594581829,9.9755207492,3.5036746714,6.7676590958,6.4219934744,0.7902226695,9.7454061682,10.2838510090,3.8488730532,9.4073275759,5.9608803445,3.4013293709,1.7210630246,3.7669925611,10.0042662178,0.2231045838,10.1113621078,2.8000094820,5.5857742382,9.6159071672,0.1074295159,9.6236293452,5.5108504824,3.2423378847,9.9185162440,1.9480688044,4.9616923307,10.4191113957,3.5393846564,3.3149151901,3.6958936220,4.7560442843,2.1153638300,2.7987643492,2.4162828785,2.8499194221,5.6001356563,2.7701085395,4.0870141017,3.4431012188,0.2991075505,6.2482421333,10.1215830740,6.4991292934,3.6372962118,9.6347141870,3.8519691825,6.1581354634,9.9913462032,0.0682228955,5.4119402179,1.3725555320,7.5548923262,5.6529732728,9.8751235893,5.1979981797,2.3664555171,9.3448978749,4.3899230121,5.3297232071,3.7683761874,2.2134499136,3.2084337999,2.6510355920,0.5347257851,9.5005159046,2.8342021318,9.3900152050,3.9986759843,0.4367555670,10.2365583688,2.9619464395,9.9584170189,9.7057226851,4.5839007822,3.9560517080,4.3112786548,5.3312219336,9.7256704153,1.1687165755,3.5195066786,1.4598863798,0.3968910428,10.0716692962,9.9101753961,2.5811518025,0.7852908549,1.8772837519,2.7866001123,10.1539778687,3.0573967604,4.9748325433,0.9408068707,2.7816628103,0.7558825380,1.2332882266,10.0104793620,9.6939208006,1.7645026539,5.1938438665,9.8937443717,9.9827862130,1.9097567743,3.2261150803,4.2830414334,2.6321773096,5.4228125669,6.4219934744,4.1524374802,2.3742720712,1.9186426111,4.4021070351,4.4893334570,4.8657574169,5.4349412037,4.2801623262,3.0055364658,0.0904195962,3.2046745093,4.1696933661,9.6155821471,4.3937078812,3.0983411086,9.6013026053,9.8058066434,2.6800613742,6.4219934744,2.5011041499,9.5514345455,2.3279939394,3.2319822446,9.9298973385,0.1570478787,9.5656389370,1.2517624937,4.2868173263,10.1877815874,9.7934330149,9.8109612400,9.3783338480,5.2238751404,4.7317626555,9.5410041256,10.3256088638,2.7698585091,9.7361288558,5.3933374791,9.3383326579,9.3455274126,6.2202387373,2.9729459761,4.8123790620,1.2708680005,9.3894678187,5.1897590216,10.3773935448,9.6908418413,4.9061834256,6.4219934744,2.8655772784,9.4422262537,1.3916434645,3.3826890451,8.4950801271,1.8644079738,3.0984010637,10.3780827333,6.9278249043,2.7422648613,9.4992507965,2.0249029359,0.6446739259,8.1846555017,3.4088614804,5.5530142058,0.7748226834,2.0964235616,7.5009219508,5.2216204911,10.0633618534,10.0525078221,9.7984008457,1.6786313840,9.9634587126,1.3178264623,5.7505662110,3.5527974518,4.6660235790,1.1826740434,9.9029019263,2.4310384161,1.3521218225,9.1344350408,2.0888108810,10.5426671460,9.9379666650,9.7724137792,3.0646645587,4.9967634518,2.2525136798,0.0375917000,5.7308130768,2.7272802789,3.5176333226,3.6034052974,10.4201219893,9.9067430787,2.6740801611,2.8891951731,2.7934929540,5.3633104800,10.1245083639,3.1386689895,4.2420286136,3.0791373099,2.3141619128,2.6883790319,3.8208568659,10.0101838130,9.8511653194,4.6450105357,4.2034742645,9.9834296003,8.1786466493,9.7712147097,9.7445618026,1.3313127765,9.1459799246,7.2231176510,1.9856564376,5.8238019676,10.5626193176,4.8663196615,1.8615094279,9.8145325377,9.8521841162,9.9206271155,10.2090121648,2.1195856798,3.7790828815,0.5068034821,4.5137704965,10.1891996407,4.3275069451,10.2390572907,5.7756317639,9.3575382045,9.8524335616,9.5524847981,4.2546033074,3.0694646060,0.5536387039,6.1341128715,7.0510076413,2.5558888776,9.3163461007,3.7445959932,5.2641908819,9.7025215084,9.4694443923,0.3350530913,7.8853010382,9.3335469754,5.2414576917,2.8512343722,1.8530197387,7.3264052092,9.8778964499,4.5076799164,9.8662694003,3.8242667857,9.2453521718,10.5741753960,10.2309117923,0.5409490715,9.5054910170,4.7423030275,9.6396664439,2.7603312062,4.6709776225,4.9451522724,3.1677779211,9.7332244170,4.0589736552,3.7046644697,9.6296278281,2.8222366116,2.8368862463,10.1253194770,5.9659971746,4.9597957822,10.4475568614,9.9798616145,3.8207893089,1.5464016975,3.4878184756,2.4572731413,3.3873161987,7.9015770931,6.9969629160,5.4826697904,2.8453478866,3.3816872723,10.0286971088,4.4456595576,1.0932220241,9.4323694051,5.1690490523,10.2564460349,9.6114593836,3.0464422223,10.5094996834,10.3091818315,0.5744712055,9.6254657773,9.7898526676,3.8192196915,9.7232677364,9.9810351819,9.8917560631,3.7019734183,3.0004645873,10.2563211037,4.3626605479,6.4219934744,3.0029146124,10.1941748598,2.5863472147,3.8977858214,9.9108549316,10.2035706674,1.7215633870,9.3976926983,3.0392246604,2.8702678666,2.8242217455,4.9964492516,1.3539449887,2.6474425632,3.7503178359,10.2030799143,2.3070684586,1.8546604749,5.6384502962,10.3921834616,5.7244844526,10.2599947598,2.4984148343,2.7181210878,4.4205953981,2.7398411096,5.5948698685,3.3086732141,1.0067990286,1.4364786648,3.8922111668,3.3306098980,5.3259578190,9.8994336752,9.7988467718,7.1520940364,9.2674051647,10.3796879125,4.2789156938,9.6339966680,5.2632514532,4.9427336308,4.7012069044,9.9967690280,9.8221712822,2.0990297624,3.9491974917,4.8027466463,3.0198286289,1.4252787650,4.7472081698,2.4545177260,4.6412245585,10.0662351483,3.6475697111,1.6603128492,4.8698896722,4.0590646544,5.2015519018,9.3445163485,2.7507867202,10.1021031647,9.7850749756,3.9660356235,2.3508984216,1.7853774067,9.8878060860,0.6821635918,4.7582982768,9.5428240493,10.0597464640,6.4987233563,10.0368007560,6.9240573827,4.4953521885,0.8930299043,9.4594449834,6.4219934744,9.5920479427,2.1533166284,10.6848238007,9.6835554083,9.7174528055,6.8554199870,5.2297053038,9.8120815968,5.5135477526,9.6726190053,1.9193671859,6.5625220886,9.9158755006,3.5939772790,1.7840120051,10.0308666532,0.8122019282,4.9335526646,2.8948321898,9.5119791897,10.3001520839
FGF9,3.6700745934,4.9363372643,9.7156916366,0.0314674227,9.8575623272,6.0694674857,5.0865576986,9.6371667141,0.4289981227,4.8861551700,4.6196249812,4.7428831100,5.5928961723,9.5398229438,2.5054320128,0.0709946021,3.8363323636,4.2548424222,3.0195288576,2.6212309913,9.4721025552,3.3603625333,5.1062699673,6.4726076953,2.0581579499,1.5761164876,0.8866945064,9.5950420745,1.7125128137,5.2204388793,9.7356762659,4.3382571549,5.2523559385,8.5078070725,9.6406820865,6.4633652665,2.1438559360,9.2945329107,9.7785066497,3.4686559934,2.2579198874,7.4826315134,4.4242124139,1.4918333077,1.1034867048,4.0790822681,4.5053375932,2.9896513852,9.8248901790,3.9282698282,5.0981230880,4.9804936754,3.8271097208,2.1898801058,3.6234196342,9.6169536663,3.9246183971,9.5334161279,3.0923102217,5.4475643103,1.9958285634,5.2506656333,4.2347776417,0.3718756617,3.3067279476,2.6204489831,4.7275716105,1.6379244065,5.1567098518,5.8875862826,9.9968444402,9.8149270959,9.2477895320,4.3870304567,4.6712533177,6.5084627154,6.4219934744,4.4818704949,0.3755998162,4.3148203411,0.0663818452,1.8912270167,9.8253822251,4.0176907287,2.4911578036,2.9327263095,9.7550777830,2.1215450533,2.9404943101,5.4280502932,6.6057166501,9.8164977305,2.1186677004,4.9531767659,1.4857274860,3.4641903863,9.4821042280,5.6824300975,9.6333146852,3.1866950728,5.3015078574,0.7451734413,3.3805648843,2.4271223279,9.7984291357,4.3327702832,3.8736668178,4.0947330859,4.7169831383,3.1889538043,0.8653888390,2.9348399434,4.4736145978,7.8928400978,2.8679922397,4.3878151839,4.8901840155,3.8399108610,3.1093843581,3.5006125716,9.6828668415,4.0971689221,2.9837394871,5.2475771841,5.0336825702,9.8182693277,3.8916601126,0.9204891659,9.8690601206,2.4573740034,4.2137696185,9.8812244154,3.8165254180,1.4473459159,3.7276092958,4.2727866044,2.0973400355,4.1803945066,9.6810065165,4.1259348984,2.6706302816,4.2088420337,6.6199307764,9.8909701670,3.0580733846,2.2780081448,10.0925440475,3.4843274635,3.7701056879,9.6221989693,1.2589245109,9.2466263243,3.9064961931,10.0450839134,9.8265195650,1.5677042158,2.7586327548,5.9854792019,2.5019549856,1.5905693796,9.5772368435,2.9058605777,5.4184293804,4.3678233183,4.9905016848,5.0593265403,0.7652341779,4.4411185574,2.0911962930,1.3617187563,9.7580858122,6.7738386419,7.2707800131,6.2440080305,5.8726840476,9.7199411674,3.2920879025,0.4987502678,0.7317321333,4.7695923280,0.3023614086,4.0468623913,3.2151862482,4.0219603137,9.8015148675,9.6879435039,5.1094607522,2.7139011836,5.7443030735,1.7510583713,5.7373886386,4.1302756801,4.7687264056,1.5407772492,9.5216980709,3.2539650832,4.8580618317,4.5774506623,2.6838334456,0.6484389957,2.7987034223,6.4219934744,2.6399836860,9.0932220390,1.5257867996,5.0349037032,3.1422783258,3.9131777177,4.2964351477,2.7733544299,9.3384216747,9.6812565242,3.3215769562,9.8266745092,1.2221236282,9.8794929495,2.1873277248,9.4565072293,9.7699015427,5.1829412073,3.5404192064,6.2065995842,3.9069405405,5.8999469777,2.2889677376,3.4306101726,3.2389875726,3.8195283156,2.8169068147,0.7851955073,3.5969220351,2.5962084143,5.1103611076,3.2804601968,3.1884605083,1.1106285930,3.6391883156,1.8834064614,9.5487605236,9.6324789508,4.1251564041,6.4219934744,1.4023368703,9.5741229309,0.0809910591,5.6327830952,4.0460321606,2.0465927253,4.1728782790,3.9363408284,9.4194412160,1.7810705453,3.3312455991,2.6412169908,0.8797843036,4.8825028570,2.9801994751,7.1055866054,3.1173797790,9.4662998414,9.5091447054,9.7694151850,3.2379306484,3.4786358323,9.5762341025,3.5915142455,5.1536664533,0.8299784165,1.7225242065,3.5625846690,1.2579093436,9.3517040162,4.6280461839,9.4661272078,5.2258456226,4.1048461138,9.6454426078,3.4219533162,3.4026518780,9.3667022245,5.3254857174,4.3709752187,9.3405079982,3.1464112977,3.4981245611,8.8916117536,9.4505821833,5.4044259284,4.9268235922,5.1549160391,3.8398530260,4.4713386579,1.0970493682,9.4773979776,1.3600928981,3.2040768619,2.3806698309,0.7162321370,2.7783560572,4.9568121308,9.6961033371,9.6356219014,5.1482600135,3.9088653527,6.5420668566,2.7118780763,9.9134377421,9.4425410280,3.7628878540,4.7224059190,1.8914070459,1.1476204712,1.4447811350,5.1943352235,2.4969333089,4.5281904329,1.9110905708,3.1749160993,1.0937682641,5.4418983883,9.5060034318,9.3161276569,2.7478238819,9.6360590660,3.5808096894,2.4135457287,2.0606848948,3.7659769799,4.3004264139,2.5845512430,2.6487028095,2.2835892788,2.4201974306,9.3281446956,3.8829523814,7.4259472893,5.1081384606,4.8974566906,3.5986277484,2.6248296543,4.4600957392,8.2435010891,0.1040532142,4.9643068772,1.8572363143,1.1168065382,9.7207322818,1.8074539131,4.2840000755,2.8485891501,5.0410455694,9.6209061298,3.9697031806,3.5414181166,3.8437426365,5.1400231721,9.7829149928,9.2375321804,6.4219934744,5.6102060632,3.1770370761,2.6541520900,9.4671347161,4.7602913154,9.7336189514,2.8645541233,0.9280709066,4.2434385529,2.8045075907,9.3829854757,9.6100751792,3.9917124867,3.1152993802,1.1868138434,6.3441809743,5.2890703272,4.1107303907,2.5411769712,0.2598917228,0.5908438346,3.9033050431,9.7825483260,3.5694890889,3.4683447009,1.7502842856,1.2599218020,2.8649836522,4.5443146161,3.7447825187,1.2458332935,9.9404043041,0.2181388748,4.3638747693,3.3036421900,4.3717181918,1.3379623252,0.3493018427,9.7854874238,1.6644317318,6.4533963500,3.5656613513,3.1878457155,9.5022227515,1.5842457913,0.9504314746,1.3316095837,0.7695941393,7.7131288215,5.0299730499,4.1045095218,4.3651295745,3.0494743373,3.3585998319,4.6596216443,4.5130259394,1.3045608622,1.8761645816,2.8181518674,1.9786820530,6.7795309484,2.7102106185,3.1368928098,3.4462236350,3.1364204590,2.7431752203,2.4885171599,6.2916995700,4.0150931460,5.4844496514,3.7572494355,1.5213096183,1.9662650385,0.5441804894,9.9859597110,4.8240480045,9.4125979919,2.4780167978,1.6658434123,2.2119750558,0.1429883589,5.5355157020,5.5641074181,4.3362725722,4.0584032604,2.1273479367,9.1109037658,4.7363914782,1.8164019968,3.3678088403,2.6493212866,2.0771196230,9.4958915998,2.3402504433,3.5935837714,4.7442934170,4.9118897902,9.3100528437,4.0912859963,9.6388211894,2.0970496033,4.2489566530,1.7684158581,9.7445543110,10.0009530546,3.4258857368,2.5839207272,2.6639194357,1.5551551266,4.8752561342,0.8906664055,4.5730974430,2.2871075304,9.7477513059,5.0866270423,10.0476079227,3.7383310375,1.9850001901,9.7866076642,0.4787103743,1.1684122725,1.7767918494,2.4148972982,1.0166944429,2.6735968654,4.3585598601,6.1550721068,2.6688249217,9.7973875129,9.6677478675,3.6393600629,6.4200929750,3.9128042915,9.3648625892,4.9599277213,4.0311701253,3.9216957832,6.4219934744,5.8089063503,2.7643661360,2.4242009532,1.6059153368,3.3919222224,2.7121246123,3.8860750665,3.7044617760,3.4322019169,0.0663526514,4.3046582157,3.2630465382,3.7440268460,0.4884079108,4.1651752144,5.8682515846,2.5035879106,3.5267275418,0.9853125549,4.9888699759,1.1997985674,5.2367701360,3.9529990368,9.7857418994,2.7054489756,8.7705446100,4.9427698418,3.9716054337,3.6003727706,2.9665790484,4.9628874813,4.4967799864,3.9337958424,3.2283470528,4.7177934538,10.2046074693,7.1280109021,7.4996338617,3.3538378219,9.6136347799,3.7046316637,2.0827875693,0.3017382351,5.5965187729,2.5546178260,2.5818532691,3.7221436021,3.4787524017,9.8462449088,5.9561023431,0.0919515094,4.3823375410,2.1708267453,2.1005337603,6.4219934744,1.4031937049,1.3348952296,6.4219934744,2.7766920452,3.8184734496,8.1673541143,4.2394430918,5.6518793528,1.8192174136,2.2860097989,2.8596921691,2.1686842779,10.1058579302,5.0995462509,2.3594399543,1.7359528672,9.9991762444,3.0449691242,1.0649939412,2.1309826583,1.3004714061,1.8091731224,4.2768672192,9.6525747816,6.7066117361,0.0258821062,4.0799726400,4.4632647544,6.4298895023,4.0434060340,9.1089611323,3.7595230052,1.1870086397,6.4219934744,9.5273496481,6.3707438708,9.4215340850,5.5126089673,9.9095129587,9.2477941669,9.4373758725,9.8180012524,1.5083930973,1.9457585961,0.8333643867,1.9898380626,9.4408500548,1.2351909873,5.0848575211,4.3273915606,1.9889591428,2.9923555949,1.3936327689,3.9183157422,3.2249286439,9.4504852573,2.6113899182,1.9006136072,9.3638092861,1.4992691177,3.4907080997,3.7244110854,0.9723429932,4.7410916451,6.7636034673,9.7230610166,2.6179976986,2.0311911313,3.7738345626,1.7979140107,2.7646752362,9.6521212276,6.2585193404,1.9671856601,3.0248231358,2.6295067326,4.4337762589,2.7523446656,3.3780161929,1.3366186881,4.0720550909,3.4855012701,5.2121844832,2.2758832168,1.1814467528,4.7958004646,0.5341089988,3.0588233690,2.8020464860,6.2369295469,4.6070652230,3.7200697323,3.7475778173,2.7765910407,5.3606734560,4.3876359293,4.4409042357,1.4464600297,0.7035251273,1.7703529995,2.1265180842,9.7121932221,0.6678373469,7.1064192043,9.3495068051,4.4008752314,5.4493472109,9.6148940366,6.4817927243,9.2762898537,1.4188679742,1.1371961214,9.3375582466,1.4751497163,4.0427666458,9.6939623411,9.7024986475,3.5516388860,9.7943442447,3.2247255530,9.7734533271,4.3903504764,2.7672658903,1.8449069671,1.7571506755,4.3708074088,1.1015646311,5.7899609782,3.4940400087,3.5738414636,2.9514061477,8.6857815902,2.1407223528,0.0298819644,5.5770775299,0.9999110516,2.8056222876,3.5106530376,5.8520226539,9.4281035851,4.2163763744,3.5578436115,4.5088100136,2.4003201711,2.9561796967,2.0242895941,3.1703803008,1.2035136642,1.4876591605,0.1570037548,1.4032906070,0.1901149483,2.6883685890,9.2748109969,4.4888020227,2.9563629853,4.3964843166,5.0633952593,2.1848029248,0.6482786430,0.1448749973,2.0977944890,3.0762001754,8.3061862250,9.6271653811,9.2689974379,9.9866685662,6.7842543272,3.8247725862,2.9412313124,9.9046779040,9.4792179073,8.6541300297,0.9997781651,3.5871363113,4.9694856824,0.5441838178,1.4282054685,9.6905894389,5.1233958788,5.3323327602,9.2862842620,1.9399431240,7.9468979587,2.6883003937,9.7317079049,9.2101415374,9.3449792972,9.6600413261,3.5680939666,0.9494901737,4.4008564624,4.1657940739,4.2754118798,4.7737491451,3.6137467564,1.7098592995,9.4140798605,8.6950357750,3.1277693455,9.5103980974,9.5475729520,4.7547958403,2.6894683158,9.3296650370,2.7705178946,6.4219934744,4.1240141652,0.3056175548,3.7053917241,1.3053883990,2.2071871945,4.9156308107,4.0408170113,5.2672914800,3.4045598122,2.3034500838,3.1180244759,9.1219284648,5.6568025240,5.0418552743,6.1329931755,5.7839413477,3.6236701269,2.1103992859,8.6370436870,9.3991397685,2.8208563172,9.7492647137,4.8362623996,4.7763416912,2.6781202599,2.0695367331,9.9112319088,9.6628211235,9.8844787136,3.7004558212,4.5132470499,9.3436189186,2.3220674996,3.1292017025,6.4219934744,2.6757293530,5.6138730037,9.6063411542,1.9692045188,9.2099614634,9.3895443371,5.1841066201,9.7158718960,3.4135505419,9.6849360691,5.3462722751,3.9805222743,1.2950702104,9.5307934894,4.1358588927,9.5435969153,2.8010117994,3.3324627512,1.1297881053,1.1599606836,5.6619844529,4.4436784352,3.9646727148,2.8353893432,0.3295095000,4.7574661298,9.8180491551,3.9930407567,2.7993900419,3.5814637485,0.6102268971,0.6865026262,0.1144299149,2.0968809499,1.4040405994,1.5745436946,3.5626458776,9.4264610506,4.3299038063,9.8958814542,9.5070846915,3.0842818710,4.1833258100,1.7349469290,1.6320260506,5.7001002977,4.7444569559,3.2137027481,3.7887286324,2.7497677298,2.9314773384,5.6243241528,0.5901732809,9.6230889209,3.7759488019,2.6029762898,4.7138850957,0.1467209339,9.3390733326,4.9410914841,1.9188695509,3.5062179067,3.7079403512,1.4382538748,2.2258568221,5.3147419770,2.1335628629,3.3002251798,6.0572595539,4.6705344135,3.8808465782,9.8225819919,2.1529775669,3.4895994350,5.7540212869,9.4882453728,3.6020424819,0.3887352272,9.5291543126,2.1408890610,7.5394842673,9.4243109022,3.9181705343,2.2512482751,6.4399451697,0.0217456451,3.8044440130,2.7195521435,6.1396016726,3.6088966830,5.0791561634,0.8992385679,3.4356586868,1.9414431561,5.7033197136,2.3767516853,9.4775813485,3.0554259863,8.9257675636,7.1731881424,5.0906979874,5.1471404448,4.4493636131,2.1447710032,2.9842757886,4.6505209613,2.8764010984,3.0216565632,6.4219934744,2.9924025039,4.1748938549,0.8448072767,2.6232824604,3.3060558679,1.9020762503,3.0877511237,2.4122303125,6.0212467991,1.4893327443,9.8380210747,3.7162034142,9.3538227754,1.6629574085,3.0421900682,9.8489788974,9.6654460094,0.4876726015,9.8927759176,2.0650946298,4.2539838389,1.0934910538,1.9010226217,1.7755613644,4.9211181896,0.1234561029,6.4219934744,9.7594884747,3.9279919395,2.4599373312,5.6108851715,9.6628943975,0.6774286806,5.4773706234,9.6478306743,3.6132148727,2.6255763899,3.6945196880,3.9500444441,2.2388974326,3.2931890853,0.3901692583,5.6125026064,4.2470916240,1.3465193723,6.4219934744,3.1408909006,3.9876583270,6.9313115161,3.9551737730,4.8212232970,5.6273383555,9.7425936780,3.9158877680,2.1959125037,5.6442441193,2.3415472116,8.7737563637,1.1220513972,2.0665053850,4.7745961457,7.6218832685,9.8638657265,2.2569342563,3.3200174377,2.2199691409,4.3748762990,3.0720584600,5.6505997925,3.3921881037,6.7900379892,5.3421962272,5.0119545123,0.8278473859,2.0418734322,2.6395450889,1.1510382442,2.7783311462,9.4734734470,4.7373123596,0.5812726901,2.9381106715,9.3283952701,1.8334553917,3.8787956262,2.5399289246,0.0190841839,1.2215440148,5.2228007239,0.6640607553,4.3890156307,2.6215205218,3.8756918275,2.7603758307,4.0312526134,9.9945261067,2.5987134349,4.2909173915,3.0895074670,2.7089856962,4.5656305659,9.5789712504,2.7523505863,5.8194341199,4.0493246953,9.7534057646,1.4840184583,2.5905199446,6.9748808824,1.1139743441,3.2070222646,2.8931007514,2.2980681700,10.1092302175,9.6913477645,9.3588107276,1.7232589077,2.0127292735,9.4461610649,9.8991843681,4.5592544361,2.7457296381,6.1721018210,2.6728663605,4.5698138962,4.4523799412,0.0652336267,9.5989322447,4.3837838110,9.5498449507,3.4466984495,2.9874845537,2.1078929944,9.2407656554,5.2303412172,2.9683860019,1.1189548975,2.1273199269,2.8311891415,5.9336482962,4.2182363445,2.2037389342,9.8012603441,1.9058840835,3.9791175987,1.1121243154,2.3731217846,9.1340520186,9.5687468181,1.9498056941,3.0009085378,9.8408206923,4.5923742512,4.0627508459,1.4030603851,6.0632008742,0.5201819215,9.5920364592,10.0618173691,10.1358671827,9.4671711451,0.0169714560,3.6325597617,5.6236286245,9.6611385435,2.9436454865,5.4095441105,5.2347595368,3.6325413887,9.7114281321,1.6798878600,4.2435947208,2.6494584695,3.1884406552,5.2611690444,4.2266536624,2.4430032401,9.7092612854,4.0516281048,2.3621869499,2.2083912983,1.8380648935,3.4201704165,6.0475045505,9.2778472956,1.4792717803,9.8137032823,2.8893091906,2.2671362005,3.9886082143,3.8177828342,4.6306517551,3.1171296219,9.5561437421,4.7632258647,4.7100334281,2.0791362098,9.7090111495,9.9042762968,1.6051917376,6.1013395616,2.2786380816,2.2071181246,9.5005522661,0.7429655794,4.0797613310,9.7669427553,4.2856747908,4.9932703593,2.5241534919,0.3024000541,4.5583482561,6.4219934744,6.5670310774,2.4637966909,1.7290661387,2.4992462682,5.2061961936,3.1314189711,9.4914641873,9.4530391876,3.6975510366,9.9652591597,9.6916870172,1.4624806497,3.0212523401,9.1563317106,2.1077574432,4.9579986879,9.0807622884,4.1674572790,5.4933426512,9.6232818447,3.3831455541,6.5285620659,2.7503721929,0.7723794714,1.6174485070,2.6551308643,2.2640373281,4.2251058836,2.1904493953,4.1687679586,6.3961738954,1.0780418356,4.9625297092,0.0514294227,2.0396228763,1.9586159477,3.1617138750,10.0062867528,9.8285910875,4.7862234436,3.9620940728,9.6709180646,2.2001440411,2.4128103865,2.7285244781,9.9997460208,9.4329976418,3.2304015959,8.7216110865,2.9137128161,9.4676130917,3.1600448042,0.3478196046,6.6857154269,2.2696230515,9.5641346369,6.0996277410,5.4032489463,9.7108375165,1.3966251364,4.8642929101,9.2166196789,0.0845071110,4.0563995179,6.4219934744,0.0608035411,10.0595940994,3.2861126733,2.7777856763,9.5436650219,1.3258364127,5.6332617014,5.0331107934,3.7441739287,9.8058666734,6.0499227190,6.2597570336,0.7344852844,5.1696325947,9.4522611099,4.7153590127,9.4245937054,4.3631297362,1.4446089900,9.3736808347,5.4367281115,3.7788687198,0.7803864908,5.6962640922,0.8462662749,2.7715092294,6.3139198658,1.1737145891,3.9675888416,1.4618669416,3.4064630661,4.0632037287,3.7235318037,3.3244482178,5.0243763497,6.1150654762,3.5380960542,3.1929810175,3.1291908716,2.0009937696,9.4268024574,3.6488412617,3.4797748439,3.4302321198,4.5288632924,4.3361512471,4.9991155718,1.5945791792,3.0131257745,4.3765020468,4.3605747366,0.4200998252,4.8340135887,3.6761775384,2.7842922369,6.0021898194,2.5031682128,2.3446754792,2.1884076754,5.3785114460,8.6896784053,3.8255004507,9.6444452408,3.4257515573,1.4679659095,2.3139372716,3.8638904185,9.9043738600,8.9145005691,3.5258082360,2.0142490134,1.4584171279,3.4648575039,9.8332967492,2.2708494396,0.0252625521,0.9304125168,1.8871235208,9.4795341481,9.5928572358,2.6649306741,2.3043835355,6.4767373143,3.5564247290,3.8611480760,3.0928417737,3.1061239156,0.4220176493,2.4601422886,0.0831170369,1.3931232020,1.4893239417,3.4714782640,5.1164985073,4.6050736614,9.6248742400,9.7095180412,1.1226311680,2.0918860647,3.8807964817,3.3332761332,1.3863233037,6.4219934744,1.0507755143,4.5328470339,1.2868987379,1.1793025733,2.7746588162,4.9931031109,2.7400686728,0.6509184607,0.7298437361,2.2433565106,4.4308700063,5.4072565828,9.6899057312,2.5884263015,3.3612454476,1.0533588314,9.8286619451,1.4632018847,6.4219934744,2.1962863133,10.0178375797,4.7577185083,6.5108514324,2.7505953125,5.5153061199,9.8489221742,4.9881754707,3.6088277922,1.1824859072,9.6507508408,10.0552495871,9.2590580154,5.1812897204,2.6790658266,0.9461436348,2.9602183938,0.8566666355,9.6085288236,2.1854436309,9.6314054878,9.5874085569,4.0468653153,6.8139865649,5.5544760045,0.4313919930,9.4982510659,4.2557198168,1.4290743973,2.7371904140,2.4126680914,6.4219934744,4.6157273581,9.6278666479,3.9931659638,5.5587021085,1.7704182289,3.1460175665,5.3668690616,4.2189100626,1.9385973000,2.8843213121,9.3880817254,0.2078594509,4.6633535627,4.1814217449,4.4114001171,3.7882450876,3.5439724950,1.6158408241,1.5337866461,3.7469427818,9.6064374945,9.8166816787,9.9560966562,2.1225319008,9.1644403598,1.8206091265,1.4319804787,1.6734979510,3.2303089524,2.4685367981,9.1875253050,6.5318921558,2.8992107314,9.5665267204,3.1141190358,4.1479458023,7.4530628642,9.7899014102,5.2976776661,2.3918012314,5.3307192667,3.5249789283,6.0341134404,1.9846067860,4.1709470294,3.3648248171,3.4851062479,0.7540449787,2.6777103838,4.6454037489,3.1808141325,1.3694552662,9.3351162382,0.7007051116,5.7253634731,0.8837434948,2.3093612185,2.8834132903,4.6508019725,0.3784359407,9.6407948062,5.3333715228,3.2977987432,9.6530235418,3.3364102627,9.8763297086,9.6554601448,2.8138054951,3.2707020760,1.2718424253,3.2279309066,0.7659870343,3.9402062585,3.0823527863,5.1973806134,9.4699851910,9.4482812909,9.8194910084,3.3142620744,1.6542526198,1.2959267643,3.3621331311,5.0383111042,9.3299163615,3.6439494134,3.2073413861,0.0724710780,9.5169776137,9.5414109629,9.4507776432,3.9306542672,3.6588681970,3.3033168526,4.6120127815,1.5345835200,4.7654643983,9.7276499741,0.6105520460,1.9887553067,9.5861547956,10.2922862254,2.7956813376,5.0935576607,9.5126061470,2.1244691456,3.9718076946,5.6094492248,1.3834713228,9.2094207668,2.3979016655,1.9494374216,5.1459811451,1.9593482930,1.6999436530,4.4067983639,0.6664901126,9.7444559760,5.2742125237,9.8714402385,2.6958974029,1.3013507009,5.2095698826,3.4741709482,9.2176155540,2.4508745186,4.0700424106,9.2652074235,2.3005886754,5.2935463276,9.1535259783,1.4570417164,3.5520272839,2.4150951312,1.3407332450,5.7064163330,2.6141651189,2.8807789918,1.3590212514,3.8475865464,4.9003603870,2.7330922321,1.9643331643,4.9149141546,0.7710580918,9.8402604496,4.5198633491,5.4634109745,9.9668314800,4.1672170827,3.4623463964,2.8588642791,2.5382136994,5.7697610200,4.0635402754,0.1781887264,0.1556468154,10.1303971831,2.5449022845,2.4504693307,5.7350403715,0.8355571655,0.3462892246,3.4886353940,6.9211885088,1.1710345775,6.4219934744,5.0345596746,1.8357457898,4.6029653538,2.6947345545,9.6086063232,3.9334584347,3.1983097288,9.6809326007,3.6880046983,1.9405613687,1.4098892899,2.8985556321,2.3191699863,5.1206605076,2.9190266038,2.9704803795,0.7213067170,4.0244032710,5.1873606425,3.5955953251,2.6696682701,4.5269739462,3.7541425446,5.5704344124,2.5811775295,4.6608798633,4.5186974830,5.1021710226,4.9399701406,1.9687140937,5.3335134621,3.5121494253,0.2007419589,2.2016141710,9.8093319578,0.9381923395,9.6479739355,2.1363919792,7.6827654288,9.8159761076,4.3171795779,4.6337176025,0.4500380766,0.6800842477,9.7453479682,1.9128508901,5.0899214769,6.7569036528,4.9286379061,5.9516708894,4.8912110120,5.9648340965,4.2726570156,9.8152575598,1.0600370900,3.1651136051,4.3128364289,4.1479433222,4.9138967798,9.5811714298,5.7660649940,9.9726419868,10.1842665882,1.1431160287,3.7683992723,2.3601206272,9.5640893746,3.8979938387,4.8107217725,9.6065929222,8.8008612080,5.5188356825,9.8923684003,3.6139916291,4.1135925163,2.6020749294,9.1285678390,6.4219934744,8.7580104437,2.9756864888,3.2366914336,9.8054968833,9.9041778252,2.5042749702,2.5987241173,9.9407868216,0.8788782394,9.9024051229,2.7173424077,4.2114008998,9.6778274194,3.7202133396,2.0622308864,4.0279030169,1.8257066273,1.1876289117,2.0080500284,4.3346841401,3.1179947851
RSPO1,10.4224650117,10.3956286881,2.8673148373,9.5009287830,2.2524568202,3.5843736916,9.7899620440,3.0008111046,10.1124609412,10.5941800843,10.4431908674,4.4877420466,3.7267578517,4.1894562639,10.3774761884,10.2366298591,4.0000998756,10.1140657725,1.0398194487,7.6328691373,0.7961818781,7.7275031788,2.5506719267,6.2833755151,10.5892941000,8.4086695023,10.5255154122,2.6358126088,10.3123459900,0.6697813881,4.0821769870,2.8578766749,5.9482734666,5.0196384444,0.6929957898,0.8955789154,10.2400235653,0.9272673360,3.0746414368,9.4773802226,3.3520983574,1.8316694564,5.0941442826,10.6016640368,2.9093361620,10.5319822265,10.4317271575,10.6396324728,1.6186818364,10.3410039045,0.5479502494,10.4825831782,10.7790744267,9.3255383216,3.5597608618,3.2906159694,1.5467324977,4.3739561611,10.4253961520,3.3411811188,1.1872439757,10.6061679617,6.3566985366,10.1945251537,10.6418414008,10.3444127502,10.2783066099,10.4483235969,4.5555647202,4.8090763470,2.7971900687,2.5077092919,2.0737497312,10.6595665028,10.2032247849,1.3113307805,6.4219934744,10.6657379685,9.9958282045,10.1991506326,10.6172207669,4.4231140319,1.9310658168,9.9795653745,7.8868832377,3.7679041403,0.0848790181,2.9416326410,10.0651567486,2.0022844828,0.8962732662,1.1864153129,1.7494433307,10.4583912580,7.9372323349,10.4295819294,3.8501814486,4.9216811067,0.3209056450,10.5625618363,10.2411558522,9.9006882938,10.4117960208,6.9480709021,1.9609403038,3.9300227178,10.2642434045,10.4275401075,8.3314101113,10.2978179170,4.9469758629,9.7612048146,10.3848999401,3.8081058400,10.4292214302,10.4820150883,10.2371299920,10.3382895003,10.6389971661,7.4139330320,3.6626722643,2.8119909089,1.5938819516,10.5069334844,10.5327686790,2.7566951300,6.5302766160,4.4286559549,1.1026353996,10.6175000161,7.9577845251,0.4585617760,10.3866437362,10.8360383691,10.2130973666,10.9073886268,10.3996359239,10.1666725523,3.6235487662,10.7012135823,2.1729587713,10.4448535301,1.6883819493,4.1378189363,4.5479273182,1.2388351008,0.8989946609,9.6423849317,9.4494216491,3.0155700513,2.4279140225,3.1273136315,10.2033063828,2.2525508733,1.9448402435,10.3541960385,9.9225679724,5.1064683821,10.5163617437,6.9733642249,4.4170222398,10.0533852641,1.2216422435,10.3509381824,7.4394016001,4.4011534020,10.0279236443,1.0376933713,10.2203819978,10.5877030206,2.8652145083,10.4056631343,0.9355504091,2.2871043313,5.7643291799,3.3087032974,5.0178514159,10.8423827590,10.0865104731,10.0437105830,10.3099117530,10.7909027662,10.0355672792,3.0204121051,4.2223332712,0.3758377124,10.3586554206,8.5720251092,10.2053744620,10.7080734416,10.5948592233,10.3761278905,10.4837185512,10.3916025064,4.8316531964,10.7319241323,9.1522962636,4.5757195150,10.1617004001,10.2425099300,4.7529367797,6.4219934744,10.4186253148,2.4026602158,5.5917185403,3.7644341296,10.7505218421,10.1392759217,1.9270119738,10.9013007376,1.2040544984,3.6545100416,8.5735416372,4.4609826766,10.4099041672,0.9069941557,10.5399490446,1.7211668141,1.7924718625,10.4378315583,10.2099659991,1.7552726571,10.7839316291,10.5147453066,8.4955188551,10.0373125706,4.6860002836,6.7739403014,5.5566370819,10.8294862273,10.2040635599,10.4044880138,10.6181569032,6.3339876022,8.9024362732,9.4247220004,10.1186521690,0.7638642805,2.7621283663,4.7473688069,5.7229937770,6.4219934744,10.7022607433,2.0158201062,4.6448422142,4.1359847702,9.7429490025,10.0189578908,9.7105861894,3.8238206336,4.2212214902,10.4786231578,10.7513552690,10.2057042342,10.5377675393,10.4932366318,2.5230617656,0.4387183648,4.4972800460,2.9098281319,3.3012304587,4.6582580102,2.1984686583,10.1057049976,5.6083304262,10.6479365006,4.6149467398,8.5757815739,10.0042140318,9.8931683635,10.6375574769,2.6040607074,10.3607319232,5.2648576469,0.4761605828,10.1283453413,2.3926651497,2.7931402211,2.5467649302,3.3496737303,1.4997398485,5.5262681992,3.3343855756,10.3859664583,10.5659292963,4.1245361897,2.2117881780,4.4886561444,10.0889588256,10.3095827987,9.7244250680,10.2665345152,10.0002770819,2.8803339342,10.7311060644,0.3729584582,3.2252103524,10.3067693011,4.1873801779,10.4195978262,1.4314685140,3.3626666491,0.6783420842,9.4925839154,7.6497214755,2.5041557804,2.1811905072,4.1052116922,1.9409543619,4.5203394649,10.5692091754,3.3516530719,2.2816268250,3.4870820052,10.2025761429,1.1940958110,10.4601023566,10.3196722078,10.2957053991,4.9562650858,1.1152455993,0.5232762743,3.9714550770,4.3011601099,10.3688746801,10.1933417430,7.6587580142,4.0157022829,0.4328149608,10.4649378614,10.3504463816,4.3666732989,10.3125621036,0.2608586805,1.5042832887,3.0808935766,5.2188665508,9.5714956479,10.4763021975,10.1886529195,5.4203437509,3.8626007020,10.4625183305,10.4289231427,0.3409262769,10.2309461596,3.6127194921,10.0250927461,7.8628633474,3.3742687568,10.4275969537,1.2907018331,2.2239530551,9.7027649198,5.4614470593,10.0297091913,0.8264016944,4.5350591344,6.4219934744,10.4725999798,10.9135889053,10.6441035298,5.9034952180,10.8006462531,4.8665949396,10.6953792971,6.2971468561,10.0932959463,2.9450204300,1.9450073701,3.8118544501,10.0757609527,2.5637904636,10.5687939794,10.3139956346,5.9346373667,10.4640048456,10.4439905853,9.5735954791,2.3233386886,10.1304628732,0.1981353026,10.3489862677,10.5380834226,4.8449478991,4.5036716708,10.4331122577,10.8282625764,10.5713310478,9.8384765877,3.6523401055,10.5015140546,10.2035426595,1.3287978625,10.5315561527,10.5501512209,3.2956004428,3.4633826209,10.3218394618,2.2862579005,9.3032045470,10.5971808592,0.4503535411,9.8960849284,10.4434258181,9.1375015482,10.3128534033,3.4183194653,2.9205731982,9.8792722268,7.5880836938,10.7635620887,9.8234344373,9.1971137573,9.8098603406,10.4502257273,9.3809394684,5.3901941468,10.2617157230,6.1167105010,10.3809960867,10.7212906014,10.6705354178,6.4269367982,10.6237922587,10.4729975234,10.2487914917,10.5031631167,5.1864726312,7.7282513061,10.2614878696,10.0926117970,10.0509678027,0.0426028059,10.1639291937,0.3305308890,5.1124661382,5.1998205330,10.2621212524,10.2715499215,10.5166465082,1.5763210192,10.5434517208,10.4895618955,2.3008042423,1.5702373537,3.0123389632,10.7756282421,10.0189695487,10.7283886478,10.2319664473,3.1171193217,7.3050433190,10.4964493753,7.5490556588,0.7094920483,1.4480562136,2.9243131473,1.2901603837,10.6419312440,4.4549536944,5.3239916799,0.9801040836,1.8154173630,10.1773937632,8.9864612361,10.6484345704,2.1074107378,10.5645351646,10.6528751467,6.0935932050,5.2504767965,4.6257309968,4.7005184716,0.8693352586,10.3897913858,10.5311289553,2.2459346379,10.5395599676,10.5285184557,10.2747752527,9.9673068291,10.3543082361,4.4180862738,9.9059762617,0.3112355879,10.3308486991,3.4680990697,0.4790320427,10.6108015206,4.8131020287,0.2981971732,0.9844332275,5.0111409328,1.7569817661,10.2738124619,6.4219934744,1.9037581272,10.1717966480,3.6548111974,10.1766776430,10.5770649615,2.9171326120,9.0831126951,4.0267445983,9.6194525147,10.4385441949,3.3129832762,5.4267478491,9.7209591771,4.5371130844,3.0528018208,10.3411352657,8.4379767103,10.1003428557,7.6601577526,10.0094274350,4.7652967675,3.5204951618,10.2872519515,0.3682569056,10.3156690753,4.7649529406,10.3587575800,10.5814647934,6.1210551250,9.2283335692,9.6281725891,10.1168102745,10.6638155040,8.9149767395,6.1445072611,1.0434543268,1.5873575350,5.7211953843,10.5279597060,4.6987345588,2.4267802540,10.4246556349,4.3466188496,3.4603219718,9.8999986729,10.5502080940,3.3962928032,10.5460752609,1.0466009495,5.7442392402,10.4296723959,10.2297580278,10.7936457422,10.5834592066,6.4219934744,4.3559136419,0.2208734973,6.4219934744,2.7061375164,4.8234747174,2.1003520071,10.6666694059,10.4352561248,10.5045614020,10.8232207079,0.4460908741,10.4495179630,1.9264275955,10.5214342762,2.4144657086,10.1559581880,4.2954988833,9.9907421002,10.4337538061,10.7865106273,9.5172638465,9.1709211440,2.7307003449,1.0844062270,0.9211196930,10.3572535291,8.8123806204,5.1369255906,2.1200206354,6.9077973777,2.8204479961,10.2735593946,1.5691003326,6.4219934744,2.2920488691,4.8371033148,3.3536451839,5.8601823290,2.7773887858,5.2695418472,6.5363396689,4.6017905211,8.7241023154,10.2457563957,3.1679103277,4.3743180954,2.6713601828,10.7264728914,10.3363465487,10.4039777836,3.9562177759,10.3455628226,9.8797337759,10.1898939081,10.7682151443,1.5440134643,0.7357836629,1.0948314701,2.3052563232,9.0224671875,10.4730755338,10.4273713845,10.4134868298,1.7069624378,4.3162934287,0.0122063497,2.2921796954,10.3077498493,10.6089874989,10.0998778488,10.0626888964,3.2336065421,10.6487004897,10.4584633466,8.7812571233,10.5676046431,10.4665254889,10.0737828145,10.3697261591,10.6774461913,2.6602124159,8.3678688003,10.6700195290,2.6507069834,10.2087519424,10.3116375722,9.9562146433,10.4612358326,10.1951819724,10.3928667150,10.6387976670,9.1268824600,9.8215284616,10.3260294572,10.9953636543,7.5896668524,10.4515182525,10.1945362013,9.5582138153,9.8877720366,9.9902908001,4.5257832076,10.4000297861,10.8364879289,3.0020687773,10.3628550543,10.3755616945,4.7860052119,4.7661431217,0.5312242296,10.5087784809,9.8170224681,1.3444106463,10.1991991077,5.6372182396,2.4817286473,3.8679491187,10.7190540493,0.1769108903,9.2632666571,3.2820155557,10.2932109395,4.0515725273,1.5152117878,3.0189738081,9.7504258063,7.0421408656,1.1246759772,10.5833075290,1.8401362101,7.9402674385,3.0635896406,10.2612485768,4.3672098761,8.3537879942,10.0544239451,4.3108139661,10.4631236461,3.2422895908,3.3881558958,6.5094831821,9.8169505040,10.6730636197,10.5608816460,10.2440992033,8.3142416648,9.6981093028,5.7508726350,10.2424181593,9.4717635740,3.2772389445,4.5569296724,4.7450263898,2.9738493895,10.0851148098,3.6197975033,1.1584028946,7.8516106842,10.4981615871,10.0578341947,4.9729351097,10.4919635875,4.6612557152,2.9261237953,0.8115374822,0.8736496797,1.7240366265,3.5299399087,10.4166270152,10.2194042298,3.6108027323,1.5411953532,4.4883606673,3.6650888822,2.9656271261,10.8299395758,3.8734094793,4.6778477026,1.2175133820,10.1749776985,2.4467558642,0.8512943836,6.3793074887,0.3607536263,8.8903208010,1.1886419598,1.6854176012,4.1473064418,4.9480959534,4.9395093240,10.6164478874,10.4388575323,10.1674468789,10.5819038299,6.0939507222,10.4708646707,10.6232808704,3.0010248012,0.6442688709,10.4165552508,3.0993608329,1.5531963272,9.1644224932,9.9627738658,2.5607335662,3.0493668827,6.4219934744,10.2675716233,10.2581753498,10.3894665632,10.4052714934,0.7163897919,3.1128995264,10.2017344759,10.6368910008,10.4463765478,10.1206653951,10.5240646167,4.7915177366,1.7843503152,0.1467847242,3.0761071037,5.7813264309,10.6041284701,10.5192285578,2.7173811245,3.8973687855,9.6640010049,1.9986042023,5.0211042876,3.0102110623,10.5322851425,10.3638155913,0.4405059039,6.6673458973,0.1129891170,10.4314581946,10.4390514979,2.2332464013,6.7543724455,3.7142242602,6.4219934744,10.6995568669,10.4523810755,5.5761756394,3.8499848334,0.4552886814,3.3692300817,5.2719407411,5.3429061715,2.0949758901,3.2205333467,10.3908725752,2.5467525552,9.1006034403,2.1074888416,9.8648305549,4.8991478426,10.2614966914,10.0893606736,1.1735715726,10.6431590472,3.8716646380,10.1522605674,10.4375092656,10.8506734115,10.6946120715,10.1402759115,2.7817164036,7.7275786491,11.0279355381,9.8912401954,10.6348859171,10.1416548226,10.4061941647,9.7157006909,10.6736075963,10.6121391662,10.7428540505,3.6313759116,5.1504845648,1.2007696500,3.5668651050,10.1875960453,1.5643242529,10.6422034896,8.7784449090,10.6360118410,10.4208335684,10.5337975534,6.0128062686,5.6306273798,2.5817389135,7.4790115627,9.4427253413,0.8968548690,4.1385015698,8.7558204421,10.3797153357,10.0319382167,1.8544847861,10.3557432625,10.7185250824,10.0831676458,9.7722419638,10.3962915912,10.4940751867,10.1819524875,10.3940394593,10.4086261827,9.9542606988,10.2846900592,5.2148997131,3.7227851279,10.0436709269,9.3233043863,9.9755001900,1.8420251869,10.4552401925,3.4718790930,1.1963121406,10.5976502765,6.0931563211,2.8968058543,10.5928990863,10.5425560762,6.3347623523,2.7258496671,10.4277814844,10.0733041890,1.7192486754,10.4778576001,9.3964178499,10.3930129889,2.4143648194,10.2799711598,10.9496737598,10.1907087318,2.3145663491,8.9327041886,2.6637638492,7.5105575194,10.4825949588,10.6732806564,1.4768884497,10.4513774610,1.0278003564,3.2733486865,7.6893957335,10.1231408656,6.4219934744,4.0858530949,10.7196979673,10.2477870391,10.4234559359,3.9864004388,10.6390901737,10.2839878418,1.4039990904,0.6958245783,9.9108098591,1.3227012160,10.7486027059,3.2584485774,10.0788020058,0.6375076656,3.0517562261,5.1487830249,4.5838225079,3.0843978058,10.3816821134,8.4654242406,1.4106881846,10.6247874394,9.9691863636,0.8623207661,10.2615542289,6.4219934744,1.3281869717,10.6770060094,10.2981025443,7.5536431990,4.5828400989,9.9803164416,8.8148259911,3.2872659985,10.5895580371,1.2279385578,10.6287178636,10.5396011244,2.3086885931,10.2178919749,2.5744418397,10.0861447938,9.8059680331,10.0871601581,6.4219934744,8.2691592624,10.7355144583,2.9762108729,10.3699222533,4.4424221087,10.0850811528,4.7765211743,6.9018178708,8.4582339450,3.7128712920,5.3312625704,2.3922960468,10.5586313899,9.3140881704,10.4170775787,1.9984413539,1.5933172368,10.3029249520,9.9525129868,10.5281740184,9.9343099492,10.0494431742,10.2909593588,2.4580713426,4.8120332437,10.4369234304,10.8478200233,8.3715239343,10.5361112168,3.3825886690,9.9524398419,10.5975417619,4.7190743868,5.6260304687,3.1943717382,10.5386557702,2.8793628804,9.2626225907,10.4062237695,2.6387515323,10.5422650516,10.4542427857,1.0296248278,10.4701647633,10.3386088669,10.3976048158,10.1584235525,10.1808971399,10.4372507875,3.9000493883,2.1019067635,4.9561495749,10.6983498308,10.1337708762,10.3922276548,3.0642344003,10.5201670379,2.8293009212,9.8599585964,2.2741257239,0.0429571413,10.1132652653,5.2604448199,10.6150467925,6.0716146956,1.9845219317,10.6596258057,3.9167800379,2.1698212447,1.1925850713,3.7554797451,0.6837817466,2.3507751950,0.6234779000,10.4324549732,5.2327383909,4.1018840608,10.5003401621,5.9054324477,3.9077603507,10.2224907244,2.2580271937,1.8253146628,6.7668377737,9.6866259553,10.5317800990,0.3459831363,1.3623756766,4.9624966005,10.5557033679,10.3828608551,9.1856220205,10.2335139675,6.9253597355,10.4605503932,10.6403454557,4.3118841225,9.9961691091,10.4570508603,10.5432371905,2.8808850608,4.1923469846,3.9638545798,10.3151548170,10.2234591279,2.8787605936,2.6865964312,10.7955628588,10.5687101570,10.1653115752,10.3096439105,4.2769595162,3.9451455417,1.8310376702,0.2538530589,10.4035092861,4.6586696870,10.6507347450,5.4647766928,10.2708028155,10.4610300759,10.8972789225,5.0710150424,1.9418738148,10.7464928684,1.5808240186,6.2312261161,2.8176726442,1.4839340358,10.4271735127,6.2483705202,1.5440567705,10.8210576877,4.9878106124,10.3468165556,10.6167434868,2.0722348860,3.8945290737,3.5261823004,6.9338498759,5.3812769412,10.3870473347,4.6387559035,2.2224414535,10.3616973232,10.2139490090,10.5022747596,2.4597003103,10.7579508784,5.0338360084,5.2436557869,4.2412629378,2.8335036836,4.4051229437,5.5024197855,9.9264661058,0.1787092456,5.7916550607,10.3428252056,10.5177415633,4.9710228536,5.2892583559,5.9167451625,7.2933387761,10.3011881369,9.6270661931,6.4219934744,5.3384719670,10.6756385800,3.5020446396,10.9881512344,10.0094840847,10.0788933014,3.7626887553,0.2608505562,10.7523659414,0.3089910111,3.7360435658,10.3914498168,6.3172105107,0.2199365568,4.2864507183,3.4922452488,1.3163511024,9.7295952270,10.5126199327,3.5776300585,8.7229564305,0.5434286827,10.7154751007,8.0525475839,10.2100429056,4.8874747118,10.3448102133,10.4245244736,10.4164925146,10.2362295426,10.4045023669,10.5886497531,6.5807242916,9.7107632155,9.1127451157,10.0221648206,8.6265927866,2.6786292754,3.7272821928,10.5378699669,8.0885852397,1.8878543999,10.2847216892,9.8578645872,10.5645328431,2.5178369917,0.7969177721,2.7192186243,2.3771180400,4.2739890041,1.2515747905,10.7611115033,10.4444569968,4.6457858606,10.7102746164,1.0269244765,6.0492333161,9.6042361475,1.4370212362,8.6102250886,10.8249951131,1.9726637465,6.1249402462,10.4846649251,6.4219934744,10.5057373903,0.3504915378,9.4123237986,2.6476900263,0.9858410049,3.3144728212,9.9277728760,10.4013494638,10.4367727349,2.1596225007,9.5532769287,4.3462414994,5.5764549143,4.8416252571,1.7263499126,10.7295329265,5.4609478001,10.1592571975,10.4452970878,1.9564654474,10.7807898767,3.9497524232,0.7209802616,10.2561282423,3.7855738966,2.9786713397,4.8034860360,10.2523224923,10.5765108192,10.4100285514,10.1479705688,6.8588204658,10.4462809791,5.1079238140,10.3301960960,10.3255224631,2.1442504678,10.0310051643,0.7324070561,10.0815574608,2.0670063609,10.4112382926,10.2175743398,9.4680993977,10.4589252742,0.5609371784,10.5622782653,10.2705826330,10.3695874918,2.4280989700,10.0520313265,10.2835082482,7.8526329918,10.6993004916,4.7233150057,10.6052253448,10.6901770148,10.1676541705,10.3761279799,10.4621518089,3.6702749623,10.4686169286,2.6199107260,9.8648608592,1.7022652330,9.2239701940,10.7195532712,2.2595557825,0.4336247841,10.3496716170,1.1026912932,10.4562347732,10.2115116895,1.4962716162,4.2778308144,10.2430554180,10.4194726511,10.2971558037,4.2922941174,5.0666443905,6.1801754432,10.4409433261,5.5735265356,10.1101219433,8.6799736803,10.6068860234,10.5080126730,8.5403895056,10.3703317955,10.2907532629,10.3944913189,1.2764754118,10.1628470695,10.5926282684,7.0090199581,0.8942345791,3.3412531427,2.3858655768,10.6232622444,0.9430511093,10.1998096993,2.7970880513,6.4219934744,2.8537207001,10.4619957678,10.0158128673,10.2712608287,10.6714263806,6.4071988936,10.6803341754,8.7874061567,4.5450894810,5.7824205877,10.7240955112,10.3420288381,0.1485077304,10.6001155559,10.8298473461,9.7024154628,2.3323112360,10.1372250263,6.4219934744,10.6585251789,3.2834178094,10.3054752785,1.8087165099,7.5806672034,9.8157970934,3.1889444486,10.9434487140,3.3492092158,5.0135320090,2.5991091481,2.4934773582,0.9513555392,6.4822784344,7.0918148042,10.0609660750,9.4027778169,10.3766187049,0.6724775905,6.3150509731,0.1156600593,0.3691800902,7.2799821853,1.6589066692,10.1296362526,10.3406447875,1.7196227731,9.6348157149,10.0948312552,10.0468443852,2.5502921157,6.4219934744,10.5560523137,0.3375963031,4.5503160798,10.0616493085,9.9062289320,9.6553389948,10.3348857991,6.8182104457,10.4409572094,10.3900541418,1.4100765956,10.4563989531,10.3311279431,10.5104478709,0.3630125276,10.5031379888,10.2360190255,10.2781847162,10.3709059976,10.6160825803,1.0240737039,1.7004198077,1.9308305555,10.3045030495,3.3582744277,3.9564211106,10.7399145352,10.2303714853,10.5391188891,4.3179285873,4.5600434090,2.4219203455,5.2785858252,2.4830667393,10.8123728475,6.2973960704,0.5460113928,1.9143207960,10.0670279516,10.2820612132,3.1823372933,6.7854246599,10.4163938734,10.0814127856,4.8892514328,10.6207245532,7.5445998261,5.8980584306,10.3557651547,2.5367677909,10.7530075787,4.1065624497,5.0583791635,6.9977878064,6.0664953146,10.2337619440,10.4888127310,6.6058540007,10.5770499835,10.2582276688,4.9234467277,3.8682168758,7.4304202011,1.8790345159,9.7375477162,2.6438306666,2.7584936514,4.5481939300,9.7598786111,9.3453514550,4.6209231796,10.6797185483,8.0008638177,10.6932061886,10.9238206610,2.7019567421,2.9322961230,3.8045118991,5.9789632085,10.4868890417,5.6503011018,10.3156287882,6.6117885221,4.5318515344,7.0255183340,6.8404274392,3.1567737795,2.0213552669,0.0378942377,0.8170745020,10.4857543437,10.6708142342,3.1170284169,0.8795785400,9.8763069325,5.6481233232,1.4004183521,7.8809838208,10.3919026727,2.7125407757,2.9137837820,10.6561974494,10.3689929581,3.6507959794,11.0037170979,10.5483077721,2.2872658467,10.0109053556,3.2701195990,3.5214910251,3.2742538581,10.4117791552,5.0035510747,9.2696881541,5.8351724893,10.1705836801,3.7073029540,10.4646586530,0.5036467672,9.5519549526,10.4667969507,10.2067040636,10.5934752545,0.9184143331,0.2639589243,8.8715158969,1.4068676154,10.3485289769,4.6177744417,3.6840353844,10.3308959198,10.4255645838,0.9998514019,9.8737727358,10.2653697310,10.0478441663,10.9285706474,10.7270478972,9.8089908712,7.1181279565,3.7524715086,5.0741827894,10.4905635521,0.6928064150,4.0509039349,10.1396135124,9.1509702299,0.5034923225,5.7772447974,0.1387340814,10.3257982185,10.4410265297,3.9586457289,7.2614948116,10.0592700799,10.2747519119,3.8440090076,6.0467463956,9.7713203702,9.4321595716,10.1663799563,10.0336481855,10.4312657963,2.4661852752,10.2344254285,6.4219934744,10.3312125980,9.7392908160,10.5913081901,10.8406142691,4.0804314420,1.4685163985,10.7358427321,2.7922531602,3.9554168604,10.1401114886,2.5812178173,10.4299277212,10.5533770759,4.7179646422,3.7155401453,8.3590264188,10.2710701361,10.1037192553,2.1248067705,6.3564108639,10.2036956825,1.9744887901,10.0203513811,10.1864089280,2.5731336788,10.3451513315,10.5529205405,10.4934066576,10.5605716717,9.0022379642,10.2247129532,10.3357726322,10.2803310700,4.2297233571,5.3387317683,10.9523242199,2.0628362373,9.2540094134,3.4606562663,2.1099537793,10.1134970657,10.3514385081,5.5175199138,10.1152667965,2.3141222964,9.9622017388,10.3936942648,5.4317634428,10.6725400274,10.5021748399,10.5691645505,10.1090509097,3.0893518956,3.0170169260,10.4551061569,10.2184883028,10.5592264543,9.8796775375,0.2516608209,0.1883632267,5.5344635277,3.2429592801,3.8420998380,10.2924414884,10.2389177334,10.6797499068,1.5324420198,10.5558249964,10.3413412199,2.7734683578,3.0860990151,7.5368409510,1.9066087281,10.6316765828,10.6335827949,1.1064847989,5.6837801893,6.4219934744,1.0041264199,10.2233686879,7.6153645468,1.9443873616,4.2160648530,4.0073465415,4.1062415137,2.7688176670,5.0349838601,3.5457004620,10.7641812294,10.5177071187,2.8402399956,10.4202882737,10.5906598441,9.5573125557,4.0862430410,10.4993385502,5.7546626304,10.1764967917,9.8475516288
DHH,0.5561610827,3.9915981763,9.5407958710,2.7238320629,9.2323674769,3.4992747986,3.4527543601,9.3579434041,2.3387157636,6.0953158060,2.9170190482,1.8169831741,1.3554305310,9.6215114753,3.8139847263,2.5147230941,1.4735784495,2.7747735780,5.0235399752,1.4410090949,9.5668471716,2.9455001515,1.2728758465,6.2105750517,2.8167331455,1.1620501703,0.4548967471,9.7781583497,3.2192375154,5.5017574514,9.5575680582,1.7316240560,3.1182956921,6.4006915243,9.9045376607,4.7700506577,0.8388896712,9.3823765943,9.5901358549,7.0114230874,3.4279462048,7.9210402353,4.1194803812,3.5956035979,4.7205851152,3.3946679155,4.7263744498,3.2881753063,9.5191126073,5.5782515592,5.5012178426,0.7166231871,5.2574301516,2.5170253088,5.9419168735,9.8550338827,5.0787243354,9.3467676439,4.7113056297,5.3929061583,5.1068003685,5.0339843413,0.9877116247,7.2255500218,2.2341934325,2.2456379952,2.1977260862,6.1941964067,7.4637630063,3.7700243723,9.6528559196,9.7017279648,8.3961541232,0.0915459678,5.1748001918,4.5657065172,6.4219934744,4.9501197552,0.9330367012,4.9373819754,0.5445413974,5.6178147702,9.9240475963,4.2484505029,2.6420697829,2.9889096832,9.9032578699,2.0799947028,4.1602394661,4.0777088559,5.5633388505,9.6979958251,1.4037294936,3.2809628764,1.9214925319,2.1464979110,9.9141490416,4.9115864627,9.6268599270,3.0842522603,6.7393748541,1.7002079756,4.2858793286,2.8153031849,9.6550218946,2.7837808161,2.9907579997,3.9686251961,1.5649256963,0.1152171114,0.9174610249,2.9398231370,2.8868642765,7.8916638038,1.2376180525,2.7922548405,5.7666800049,2.4764671327,1.5033677581,6.6058519319,9.3931778430,3.5194685767,1.8086221488,4.9476844405,0.2498250457,9.6410912939,3.2474397160,2.7355954507,10.0268771034,5.8978697972,2.8284465014,9.3426624542,5.1069936064,2.7414438743,1.0500072068,0.6066034947,0.1674184817,4.8586338718,9.9154996699,2.1248879992,2.7716363992,0.1967596126,5.6675430121,9.5191886539,4.0680412415,2.3725860846,9.3611404078,4.0613708458,2.6225130456,9.6894617491,5.3650994136,9.1863779920,2.8790698700,9.8128973944,9.8995818054,1.6031524393,2.3616581693,3.4848247667,4.4054245069,2.4345168719,9.5434766105,1.3183231610,6.4218302168,3.3960259611,8.0096079708,6.0647085223,0.9776726089,2.9300160671,0.5329354794,5.4883992995,10.0362231875,1.2976954914,7.5526073434,8.2174081953,5.0987812341,9.3982009279,4.3248928869,0.7117143935,1.3811686742,2.7167652863,4.8406144899,4.4092211344,2.4369200307,6.2150086483,9.6132545490,9.7675598556,0.7381799557,2.4911921061,5.6161938245,4.7034144936,4.1103310882,1.6344754410,2.4611212464,2.3668277022,9.9201616801,1.8619697938,4.8942677669,4.7859687409,2.6377945786,2.9919552884,5.0766631087,6.4219934744,2.9023050446,9.6104424391,5.2427225494,0.6538229746,4.2749497080,5.2483974001,4.8483701933,4.7067749379,9.7207024376,9.5313398805,2.2695719911,9.9358268824,2.7344565022,9.7803157914,5.4460484359,10.1241362043,9.4832190630,1.9956899018,2.4168790344,3.9818974253,1.8015904784,4.6703997441,3.1676967140,0.0156963726,0.2344199859,4.0013850455,4.6849789270,1.7136289508,1.6346998831,3.9678600230,4.0769566212,5.1489880060,4.1534257673,1.3612948076,3.1841549035,4.4685397872,9.6979540575,9.4472275136,2.2855417002,6.4219934744,4.3224233789,9.6477733174,4.4206845292,6.2035497438,4.3074481406,2.0158290181,0.2831937768,2.9066612543,9.3831500468,1.5806774213,1.3144091944,3.8712122717,5.7912650761,7.5137761208,0.3059193670,4.7210308738,4.0312032568,9.7854760770,9.5016859100,9.7455538451,2.8969226108,4.2924720157,9.6002695698,5.9845177541,4.5472294979,3.0346184211,3.7883887012,1.6157130334,3.7839627967,9.7806112575,5.5747364536,9.7557240467,1.2363363386,2.2961372322,9.5063327663,4.8321219644,0.3689843236,9.6979162105,6.8966051275,1.6830696121,9.8234853530,0.8966840387,1.5858625178,8.9730160153,9.7229195478,4.1910815360,4.0184039567,4.6557534385,4.0956494681,4.7575068715,4.4873200314,9.7371017668,3.7655589336,1.6102105935,5.2633228079,3.0952067451,4.8641954812,2.2759374389,9.6676653905,9.5825244390,4.6375393713,1.7373455338,1.3315032097,3.0353647285,9.7026948530,9.5892086424,5.7352528407,6.5216591997,5.6057549067,1.4681164677,0.7202212779,0.7050869712,3.9417314650,0.1590486808,6.1171595567,1.2696572344,2.0181358358,2.5418472951,9.6304354541,9.7562600580,0.6967561708,8.8793997545,1.3938211288,4.3321055239,2.9202988958,3.9807822349,1.2619837201,4.9586030288,1.7081044552,4.2250450761,3.4863816089,9.9220968441,5.3204163533,6.9402079913,4.1610096816,3.9959316474,1.7960016607,5.4601939899,3.9770329926,6.9462800994,4.9173597965,2.0712320635,2.1142410295,4.2155432605,10.0120112978,2.3541729764,1.7295801590,2.2606717805,2.9477370906,9.6321903340,1.7168028812,2.7703853421,1.8267168467,3.5945176900,9.1791001051,9.7401665076,6.4219934744,3.5154896219,0.6617472998,1.7574342391,9.2369704265,2.6456452952,9.7865167253,2.8842391524,3.9466225361,2.3236715621,2.6947709990,9.8599808798,9.4540232628,1.8139000082,4.8751577684,3.0860546773,4.3492422353,4.6583994208,1.3491161798,6.0038006655,4.0069635543,0.9984414968,1.9166553487,9.5682005142,3.6619908509,1.1946373990,0.2464830488,5.3359824632,2.8612744427,4.0997614069,3.1610747898,2.8766351358,9.5338067560,7.9160308755,0.2846478928,1.0067685856,3.0507541719,2.8731716838,3.9568553815,9.7759136775,0.3839727660,6.0528543004,4.2462230671,2.6865761854,9.8441260893,0.4281907633,3.5229263147,1.0128898325,1.4344001616,5.6715254281,1.5723854078,4.6661468209,0.5232080830,3.9873539207,3.7596266933,3.1945381830,1.6086045290,5.5931980606,6.1468206717,1.9863620724,2.7685191398,1.5421273251,6.0087531124,0.9170619443,2.5882784993,0.4075061354,1.6367328221,1.8362289812,1.2066557049,1.1517927737,0.7371136219,3.5269668577,0.5327693631,2.5783408327,2.4957005662,9.3476300121,2.4329955908,9.3366740747,5.3748502662,4.0900655581,4.0941212407,1.2676500132,0.8388914185,5.9519852308,3.8970740709,0.7356635426,4.6398683449,7.8674754983,5.5208631999,2.2699987592,6.0508862685,2.8305128591,2.4116972348,9.8714317311,4.0085909415,5.1842510224,1.3573275441,4.8210705590,9.7033193746,4.6572635109,9.4367115572,5.0806973549,3.8086443858,3.3404639422,9.8058825289,9.6514469711,3.2029563085,3.6655278424,5.7512799704,3.6258957869,2.6911975564,6.3525634114,4.2520150846,3.7650998567,9.8566999348,2.9192700534,9.7455892250,3.8924879241,4.1967779248,9.3627221570,3.6670230840,3.3146848087,1.8057954788,3.6390612951,0.8493751298,4.7861656386,1.8659533667,5.5674091223,0.3904360406,9.9288067338,9.4220866299,2.7203093969,5.5828593424,0.9897596297,9.7785683962,5.0721256998,1.2945269236,3.0767637549,6.4219934744,0.6207151719,2.5301247056,4.0365296250,2.9696781002,0.7287819164,3.2275796158,1.7413849888,4.7011775552,0.9106877423,2.3695895641,3.9102543006,4.7885745133,2.5738694868,2.9473277507,1.2168821488,4.2928607013,4.0867323634,4.3238442389,3.0310230662,2.5073743235,2.1822151099,2.2349319725,4.9519126830,9.8675224325,3.6369710740,8.3941747447,1.9313251210,2.8905709982,4.6562899470,3.8648573422,0.0413038208,5.5758568265,3.4703570723,3.0742984735,6.8206860333,9.7663422178,7.5704409505,8.1931802574,1.0969048748,10.2538216909,5.0040162611,3.8269998614,3.3447494101,5.3013971731,2.6406280917,2.4133678610,5.4669717742,2.9374403287,9.5331915004,6.1829292309,3.2631977765,3.3658912126,0.2740606953,3.1071598498,6.4219934744,1.0711469432,1.8541050902,6.4219934744,2.8535872627,0.8844412233,8.5597280308,1.0429983023,0.0284025247,4.0366131640,1.9355733565,2.1465386521,3.2321695192,9.6096974166,2.3532942334,2.7599969523,2.7882948251,9.5710228948,2.5340492301,4.1073481120,4.3046791623,0.8527577778,2.1435841364,5.3343768831,9.7273900876,2.5694833016,2.6693881273,4.9401397628,3.7407680646,5.0059125127,2.8243334551,9.7457875207,2.7091420836,5.6723971866,6.4219934744,9.6062453482,4.3177310690,9.8458989001,1.4630130580,9.4113365134,9.6280889597,9.4995719968,9.3585858442,1.0587262241,1.6293154437,2.7553320315,4.0662960212,8.9189805309,1.4965366951,1.1053272523,3.4955887306,6.2463302625,2.1641533968,0.3751306053,4.5654806843,3.5273198844,9.6227464993,2.1882414592,3.8930010546,9.5480639308,2.2618339970,3.9264433113,1.4285885062,3.8878817530,4.5848970548,7.9905073566,9.5390066484,6.3273612899,0.7053614050,3.5796473022,5.5646727399,5.7905653377,9.6380346363,1.4400267715,3.8679295440,2.7267003537,1.4919120324,0.6057337106,2.0571206146,3.5023799390,4.4510978966,4.1064692445,4.3705059672,1.6666117701,3.8102156499,3.9368004057,1.8380653087,3.9213204764,4.3002115571,4.5579020255,0.6851149850,2.4022881489,4.9596449739,2.9779570092,1.3153595898,6.2299180131,2.8288425682,0.5384428463,4.8513105374,2.2325723345,6.2896786033,2.7440511061,9.8916513853,0.6571653346,4.2426699205,9.4801394149,2.3256094758,3.9959566379,9.7550766377,4.9411965886,9.8784036098,3.4076061461,0.3926810613,9.8755842902,3.9815529212,3.8948087538,9.4591112279,10.0987317174,0.6825473649,10.0052836227,6.2395206373,10.0562902555,1.1650518718,1.2026007037,2.4034729931,1.4081388200,1.1672430977,3.0824061800,1.9283056436,5.4988768013,3.2438312565,4.2575825816,8.6665520386,3.0909802342,2.9229806560,3.0021386654,5.6616833539,6.0989638418,4.9574125459,4.4120552349,9.8194000722,2.2647892793,3.0502348595,1.7145358502,4.1492732944,5.6511803913,2.5853951816,1.6543839280,2.9320517101,3.1244676163,2.1103578569,3.0132462427,2.5500506000,6.1976094546,9.1651655639,3.2289205469,2.3809753994,3.7477951479,1.7501198123,2.8053961851,2.1293699120,5.9011737473,2.5430833194,4.3088862017,7.9311439168,9.7746320608,9.8554460892,9.5315149347,5.7762945251,3.0454778107,6.2844037534,9.5065951915,9.4599898828,8.8777512542,2.0816951925,2.9732463976,1.2755113710,6.1982446762,1.9614339706,9.5521554262,3.2728332374,6.0894802794,9.7349862414,3.4275865064,8.3838186934,0.4782361193,9.6600749354,9.3542539084,9.6497343977,9.8173621835,1.9860993694,6.2534302342,2.2359584777,0.8041663762,3.1723208730,4.9095289844,2.8530612726,3.3000102379,9.7863146760,9.1178532482,4.5086758679,9.8797138556,10.2301110322,1.0325839080,3.0466677032,9.8469810388,0.8357314914,6.4219934744,2.1916154716,4.1788090310,0.9249523348,1.4270433582,3.5952827466,1.7402353909,4.8710298870,0.1544092399,2.9684002348,4.2087209282,5.5994682091,9.0844575183,7.5085747514,3.0224665801,1.6512977095,5.5892217340,5.2308607133,1.3341767625,8.6886220602,9.8764023990,3.1230083229,9.6494786857,4.0391216527,4.1032447043,3.7884288777,2.1285109854,9.9309779837,9.3510240739,9.7658097926,3.8851500618,2.6876907186,9.8329645346,1.6349951276,5.6569826904,6.4219934744,1.2191929987,1.5148221906,9.5225045065,0.7807047074,9.8302836236,9.3018251838,6.5663055205,10.0749824777,4.2166908047,9.3467172260,2.5604334589,3.8751234114,2.7191038667,9.7833917714,0.9421441870,9.6943493635,1.1615329269,2.8590155671,0.9412148398,4.5167770643,2.9006675605,2.3697084038,3.8524971464,5.9885067462,3.4184730210,1.6543836086,9.8546786077,6.2450772318,5.9120152466,5.9321773189,2.5554106617,4.2638293352,3.8450212783,1.2098142571,2.5322868795,2.8611660345,3.3811722452,9.8136848637,3.1918559230,9.7300411184,8.9042159795,5.2717279557,3.0488382675,0.9325596155,0.4444440082,3.4317686174,3.9918332875,4.9776599469,4.8672710403,4.2443799331,3.3202230138,1.6916657465,3.8459143007,10.1978561685,0.4576331305,2.9895166192,4.3580654852,0.3867483436,9.8024814601,4.8342321079,3.0305649057,1.1039166955,3.2976103495,0.9277749038,1.8440890429,2.2226507874,4.6638652263,3.5722286493,4.9472090012,2.0998117492,5.4682768702,9.7285724603,2.0800473374,2.9108500710,2.4710993370,9.8019378014,1.8497580847,2.7620750201,9.7662329625,4.1617158386,0.9907481312,9.7525293905,0.4894984358,3.8856548171,3.7802217790,3.1404975871,6.0055915574,1.6643552061,2.1973570318,4.7244554177,0.3461699292,2.5721553651,1.3899125764,5.4928321666,3.3821495734,2.1220969084,9.4677786558,5.0690503043,9.4207288312,3.0902607273,4.1317727935,2.6594369915,6.7160399942,2.5783922166,6.6937732213,1.5425837032,1.9257929815,4.7560178348,6.4219934744,5.8552630594,1.3727120370,4.7768713611,3.3295715875,0.9471339013,0.7824839216,0.0313889386,3.4080093720,1.4183283184,1.6003176834,9.5443033140,5.3266885271,9.7654018878,3.0300228852,3.7751360317,9.8227225263,9.8159977969,5.0227473711,9.4194215623,2.9699325134,5.2512688129,1.1849570095,4.5645709844,2.4327597117,0.1553219724,3.1137955358,6.4219934744,9.7555591554,4.1664320937,4.3591819610,4.6894164834,9.3093740191,0.3633566446,2.2416762236,9.7650853410,5.1044715156,2.5519806388,5.9187969171,4.7224030505,2.1016936098,3.8317564150,2.2531761937,0.8047637553,3.7148394581,0.8844015407,6.4219934744,3.4072143835,3.7993770733,2.7003295022,4.3313220724,3.5473681298,2.7889670803,9.1670082666,0.7234100479,3.0283628472,4.9264305715,1.1845583112,7.9639975558,4.1106330588,1.6700039033,4.3416058580,6.5285942520,9.7164047745,1.7088487122,4.1785533750,1.3491463149,0.2265064594,0.0106780324,0.8830835844,0.0689049749,1.7707001869,4.3207017627,3.8070069341,0.7720757514,2.1928371155,3.7454983321,3.1659201408,3.8397275897,9.3554191073,3.1339174135,1.7003253948,2.7145336865,9.7698049611,3.5825300152,4.5226024882,3.8021765249,4.3415506092,5.0090063538,3.0572378830,0.8134042891,1.3348423719,5.1681898782,2.4752114933,0.9144954894,5.1466785282,9.8043461299,4.0645710102,4.4637709858,0.6622993759,5.4235848091,0.5938684829,9.9041706253,2.2732176965,4.1195039442,5.1473075832,9.9073058773,1.0604387618,1.9806275399,5.8133302775,4.8152197210,4.3055486036,3.0162281736,3.0180383112,9.4236167826,9.6160924297,9.5111773683,0.7598554705,2.7337309982,9.8565151658,9.4536650114,3.2891868186,1.2597925536,4.4200380645,1.0808614441,3.0235789813,6.3904379144,2.6415052152,9.5182471377,1.0270686662,9.1617611322,2.4174389747,4.7657323268,2.1674900034,9.8652624920,3.8503171153,1.5424608462,3.2969796584,3.2868007725,6.5327632198,3.2599620992,2.3706108116,1.6856705527,9.3045812732,4.4969201722,2.0494017926,4.5331883791,1.4935754018,9.5821887654,9.6300496695,3.7500676758,3.9523150842,9.6314521531,4.2776177667,3.1152441263,4.6159972651,2.1115727896,2.4512155462,9.6385700480,9.2311682424,9.2887999897,9.8400791513,5.1715626504,4.7482961606,0.9331818489,9.7954650826,1.6763069838,3.2206887103,5.9697652549,1.5241267724,9.0782770045,4.1134652162,3.2611646355,3.9557496238,3.0321364342,4.5768318352,5.5338515447,2.2745713571,9.8047191345,1.6947565795,1.8163668744,2.2571352337,5.5965393452,5.5692655043,0.2637947511,9.6107026998,3.7609070925,9.9692849853,3.9000000357,5.3608722840,6.3174011210,3.1911503903,0.6944477506,1.0231667568,9.0013119129,0.3507430331,5.9476763281,0.5797757507,9.5808783704,9.8899999165,2.4420957911,2.1250386254,2.9582931954,3.6833461563,9.8338321544,5.5697902061,1.9558633934,9.6971334387,4.5060712717,1.4714254392,1.8253862320,3.1495679482,3.9521743497,6.4219934744,6.2267826506,2.1897248862,0.3931027144,5.9083628076,5.4129287203,4.9832105518,9.6848532697,9.7117684336,1.8228458118,9.7133791655,9.6588750930,2.2734440004,4.0347578040,9.9053343446,2.8078064490,5.3220836718,8.9934623135,0.9404648900,2.6871882146,9.6141746329,5.1945569777,0.0817869308,3.2968771089,0.3070680269,3.5073832973,4.6742598407,6.7016552797,3.6144292858,2.9868265300,2.0585630810,6.1942249556,5.2327214839,1.8285196298,2.5403715515,3.8826423905,0.5380239106,1.1353083914,9.6550342182,9.8056476737,1.7494539725,4.7335200183,9.8978457587,1.5778527898,1.8511965972,1.6018574953,9.3599170678,9.7191444893,4.6960709947,8.9484490085,1.5805030189,9.3576696594,4.8933582047,3.6981566017,4.3228427418,2.1778032813,9.8619781819,1.9802560471,1.9844900645,9.1197671059,3.6642719357,1.9713106047,9.2442337779,3.3189256999,3.7826132116,6.4219934744,4.2156039997,9.2528579087,0.6323788920,2.3252377248,9.3112634736,2.5192504488,4.2443012400,1.9058490958,4.5209007967,9.2765804471,5.0248062520,6.5178878086,3.7485026959,5.1094271410,9.6231897831,1.2966396867,9.3370604443,4.9428150267,3.6743214831,9.5254091173,0.7391902005,2.9758792317,2.2906650406,2.1762237121,1.2700472345,2.8076486019,1.1723780892,4.1770800791,0.9451849640,2.0462178857,3.8075618762,5.7946416293,1.9050200099,2.3940022394,3.7200562763,2.7482584876,0.4543964548,0.7565227103,1.2291537916,2.4210142303,9.6650878655,5.5092808970,4.4188215917,5.5402816115,5.1789877189,3.6765515322,2.3215969510,3.6214586633,3.7083490482,4.0120661055,0.8186590456,3.4989555650,4.9614815431,1.6231045537,5.5828411090,3.7421964411,2.7832600498,4.9846174960,4.1888292553,4.2289741157,9.0647999861,0.7107583991,9.8841130887,5.0927441447,3.0722642568,3.2433786158,3.3667341800,9.6008421546,9.2769872253,0.9818797132,5.7127013301,3.2365163034,2.6328030957,9.7497493095,4.1729036193,1.7525831889,3.7811554468,1.7789343316,9.5731758214,9.6907051282,6.4005086801,3.5450177431,6.0740202450,3.9369144120,4.9363474540,4.6420481458,2.3028766884,6.2943693271,2.2407927529,3.1166574008,1.2645166941,7.5585097842,0.8122649500,1.1128550960,5.6007102224,9.3100407662,9.5083909381,3.7685050351,3.6109586611,4.8256337849,3.7226705803,2.2805751146,6.4219934744,3.5070729041,3.4756776573,2.6309750421,3.1668337057,2.2433108940,2.5176813316,3.8889187344,2.1016201412,2.6833937175,3.1014608981,2.0310522691,4.5490511196,10.0176804787,2.0887233152,5.7060040464,1.2044513003,9.4299104396,4.1814084370,6.4219934744,2.5263102123,9.7616956125,0.8139918667,3.7235275836,5.7319932394,4.2634577872,9.6611552564,0.4642971814,3.6513908616,2.1427139594,9.9537772944,9.7169036137,9.9502941210,3.8183378059,0.3475531571,2.7558911672,5.0401458326,0.6508888252,9.4678301116,4.4764500468,10.0257885713,9.8063574226,1.2488193363,1.6233501854,2.5883504985,5.0396834434,9.4684612575,4.1409026402,1.1517321680,4.5181232719,3.6909706216,6.4219934744,4.6381474742,9.3720636316,0.5014180487,3.7686972991,5.7544288717,4.1522957282,1.2414536282,0.4445952098,5.4653799675,1.4896768188,9.7771932630,3.5819061894,0.3187219343,1.0098175925,6.1710452459,2.4810418965,4.9772513770,1.5687221129,4.0466406477,2.0857255277,9.2981774185,9.1997827720,10.0977726712,3.9380865912,8.6108817738,2.3661062330,2.8220465306,3.7233352375,1.3349161371,1.8227278759,9.2519639142,2.2121334314,0.8469440923,9.5503400349,1.0448989942,1.3081609028,8.1019765102,8.9084486655,0.5126833836,2.8918607315,5.5144617569,3.1408801699,4.2118718383,1.5956384362,4.7399155693,6.0634884649,3.3789215166,4.6207495116,0.5994789156,5.0672841830,6.6386775083,6.0836186909,9.3109468082,1.9187603501,5.0752008102,4.3258365584,5.0587365687,2.1223658760,0.4821038477,2.1160163714,9.7978064178,5.4218353205,3.4924655248,9.2261464708,0.2096531934,9.8218266478,9.4006389841,7.3273079667,0.6298326016,4.3471154897,5.5726510182,1.8008735727,2.4215668680,4.1907310001,2.7444880764,9.4270908272,9.6095617163,9.1340704174,3.5751992966,2.4159978626,0.4734551124,4.0070948043,3.6419124066,9.4540119637,1.5749487684,2.8760534746,5.2416566529,9.8816601619,9.8812423711,9.5617826664,6.4596541099,2.6144866840,2.5346895807,1.5058824202,4.4171820001,1.9590661063,9.3154644406,2.3842840049,4.5824060452,9.6712917946,9.9236440749,2.9358973725,2.4518115834,9.6268799421,2.8676879190,2.0832025646,2.7055492112,3.2872926730,9.2488304064,6.1374251974,5.3032306302,5.1840289569,1.4104135866,1.2621776676,1.8604853398,6.2469874910,9.8348967711,1.7299028617,9.5813535032,5.4382736868,5.5735531114,5.7946887251,2.5192551379,9.3061178447,0.9284885730,3.1620106801,10.1804069060,4.2931043281,5.2562346935,9.4963804349,5.7608279453,0.7781311249,4.0567935627,1.9026942823,5.0762886459,3.9876857540,1.5417455266,1.7191668532,2.6046088521,3.9584423275,2.3551115659,7.4892045821,2.4976728622,4.5221269602,9.4236798061,6.2350450169,4.6909330666,9.8735574259,4.1679068719,5.5555001177,5.9088262019,5.7830790652,2.5220022687,3.7151169232,3.2461197569,1.3252443172,9.7628188644,3.9408505765,2.1691819804,7.2511147691,0.2817133842,4.8115832511,5.1993202742,7.0471378138,3.1553053047,6.4219934744,5.4999368411,1.5539123176,3.7368596051,0.7321513989,9.6937483368,2.2843507419,2.8906497066,9.2433597706,3.8084852554,0.1813347785,2.4997513624,5.8931031632,4.7096635516,1.9099711580,5.3254804068,0.4337821097,6.2595200733,3.0607121154,3.0317962752,4.3329685336,3.8148010798,2.6004242315,4.7298693385,1.9989091155,3.2363896630,2.6437816685,1.4841990220,4.0956271710,5.5936435438,3.5805478906,1.4381178372,2.3678355900,4.1027448124,2.2868084141,9.6415232249,3.6588778764,9.8391873090,4.5518862877,0.6797566143,9.6025120125,1.2901361336,1.9225807013,3.7274695348,0.4948609716,9.4524844690,2.3151183847,4.7847727426,5.3825687979,2.3041577510,2.8617172664,0.0252619841,2.7003823174,4.5216556262,10.0975438096,1.7993643992,4.3913516332,2.7453534886,2.8876476410,3.8563896086,9.7450724068,3.8458019289,9.2883916672,9.4711577208,1.7573397288,4.3212033803,2.9821555624,9.2206546812,2.8493358207,4.4246987636,9.7203354298,8.4750281426,1.5117299949,9.6971199395,2.4000304738,3.8213977943,1.7265217361,9.5438330260,6.4219934744,9.2868445802,2.3396645757,0.5434770114,9.7909163982,9.5355791238,4.1386427213,3.9396875142,9.6286541206,5.8972118205,9.7242181599,1.6956228444,3.9940394516,10.0956969157,5.8553070297,1.8827271643,4.2640739453,6.4381689449,4.0297206375,2.8390182838,5.3320945679,2.5843161553
CTNNB1,10.7552006545,10.6740284865,1.5690127733,8.1400835326,1.5599182092,3.5775780695,10.3676775722,4.6928291715,10.5632604855,10.7306082826,10.1645706074,1.4270755622,4.4810267002,4.8468392960,10.7597453018,10.5014329863,2.9568843831,6.4811711571,0.2244247129,7.2535864130,2.3627225451,6.9067215052,2.1121208800,4.5021017241,10.2989404227,5.0286606331,10.1744049655,2.3434296262,10.7149319028,3.1714571026,1.1385453511,4.5229682357,4.5691528452,2.6461888331,0.4726014281,1.9374547012,10.3932289440,3.2464227659,1.0132869672,9.1362758282,4.2760515841,1.2842164061,2.6824435721,10.6244099660,1.5990683177,9.9955265331,10.1154233597,10.2396294336,2.3476134762,10.6053658929,0.5242765512,10.3714437252,10.4442503402,3.7490414923,3.6942869329,3.5372204101,4.4112532158,1.2034801845,10.4134354397,2.4040316781,2.9099096639,10.4661348260,6.2518855403,10.7172624025,10.5048776721,10.5559293948,10.7118118461,10.6041970952,2.8705205157,1.7084738424,3.5975362992,4.6944072041,0.2425043045,10.6310299513,10.3331319308,3.9583589193,6.4219934744,9.9993142540,9.5715186414,10.2205114016,10.0262906611,2.3788334169,0.0767285282,10.3455572652,7.4110473517,0.9157266007,4.6808210247,2.1245304215,10.1868187338,2.6997926291,3.9997671338,2.0273165692,1.7961042266,10.6699247869,6.7805834207,10.4599083080,0.7083741721,2.0700289204,1.3741975668,9.9802265755,10.7829406626,10.3968123371,10.2828074117,4.3700991780,2.8941804432,3.9050999918,9.9989082387,10.8579999387,7.8887441840,10.4061770662,1.1245840580,7.8612774743,10.3032962574,1.7231377357,9.3761628097,10.4525689476,10.0778104787,10.2151769134,10.2873819713,7.1642406531,4.0120035755,4.7488931728,1.6178519673,10.5767355102,10.2256140486,4.3841665433,1.3543482526,2.3099414036,1.3251828270,10.3664019163,8.0797874115,1.5255060547,10.5811275141,10.3414825460,10.5561632322,10.2832186761,10.6435682377,10.9188884394,5.0669635956,10.7718130712,1.8606908864,10.3626237706,0.6543704985,3.5378900665,3.2242174052,3.8349068166,3.5973549869,10.2361110132,7.0592556907,3.2805785678,5.0033911689,2.7246181446,10.1333396258,1.2369429027,5.9588274230,10.3412557660,8.5395955915,4.9905941247,10.3460156576,8.0177793577,4.3171470818,7.0411866738,1.6301310061,10.3349094935,4.7910578711,2.5617132407,4.1906008418,0.6255470775,10.0398704692,10.2741245102,0.5047336532,10.5650265763,3.1917354888,2.6820262882,5.0121702545,3.1672768012,3.5156649121,10.3714516487,3.4254720250,9.9861967845,10.2122338943,10.1244356436,10.4958685339,4.5569478556,4.1328132053,1.5338009922,10.2771513927,7.1831386908,10.8335362628,10.3106145555,10.2932492422,10.8598671988,10.6366321704,10.8012355345,1.6628922300,10.6463039404,8.1985192838,5.4363487872,4.6985241133,4.4142765246,0.1412539750,6.4219934744,10.3100413847,3.1054131828,2.1053932925,1.7030314285,10.5904550637,10.5792744496,0.8766432542,10.4342209006,0.2156919299,0.6130176647,2.5111757772,1.5319366846,10.5918032551,4.9430088421,10.6293804762,4.1047864585,1.4551843937,10.4120504588,10.5523277028,3.4856353116,10.7022142845,10.4168618831,6.9933499496,7.8716718528,4.8812789481,7.1076162175,4.8340740963,10.3066825213,10.4812079129,10.8669586570,9.9224621379,3.8945252781,5.6579177675,9.7454404504,7.5136004926,4.9372530987,2.1096481444,0.1595471834,1.9042748992,6.4219934744,10.6018793636,4.5113546951,1.7621222128,3.9439759127,8.4687569076,9.8819537425,10.7589528171,2.1746797378,1.7440048824,10.5417570725,10.3541147970,10.4691205119,9.9630975667,9.8759784084,5.1732784914,1.5463663871,4.2722155293,1.4310417538,2.3451672338,3.5432552433,3.8942761605,10.3537250964,0.7508678065,10.3455068389,5.0394852258,8.7665897383,10.3911370713,8.9435402152,10.6276679873,4.4109162869,10.2615782590,4.8425780113,3.5921313959,10.2292366013,1.6408616724,6.3196241847,1.6831174035,3.5407882273,2.5647561976,1.1273942928,2.7751602382,10.2355083699,10.7172864521,2.1044990571,4.6478306179,5.4386259107,10.8369339882,10.2108037505,2.7681414575,10.5544888308,9.3761698812,3.2193334427,10.2613303968,4.9928951945,3.2507815394,10.1571458473,1.2056580279,10.7691344442,1.8077525584,3.4834415618,4.5925558803,9.3323919467,7.7126030907,4.7878539414,3.2746575671,2.2596146761,2.1789639556,4.4304578362,10.2125710073,5.5546932197,3.0107040422,0.7138147749,10.4691076083,1.3651946630,10.3346666147,10.3859832947,10.4481589477,1.7303538417,2.7250726144,3.6390045872,0.9407446913,1.2138231708,10.4378731384,10.5755559870,3.3806706874,3.3747947060,3.7340426877,10.5071084080,10.4290413287,3.0395037088,6.3543694241,1.3958513974,2.5903822238,2.1780650459,5.4100917687,9.6335850893,9.9415773660,8.2474718515,1.0045559220,3.5983400718,10.2452440118,10.4537128378,3.2741332761,10.9166849044,3.0746985782,9.8988725702,7.6391339280,3.3909163902,10.7506717573,1.7562278712,1.8802033105,10.3524772993,0.8217793980,10.3432340644,3.5891636981,3.6834545154,6.4219934744,10.4763022319,10.1571770547,10.5279664643,2.4399939069,10.8929858226,1.8832707351,10.6695691515,3.3145351902,9.2202118793,1.4205112346,4.4267010981,1.9478137936,9.7930157497,3.4788967506,10.5922302282,10.2385391285,0.8800196098,10.1624893077,9.8649340808,0.8647567195,2.0646681767,10.1956206143,2.9051502593,10.3055267427,10.5975157612,6.8199544472,4.2214047477,10.1498315670,10.1326702018,10.2758056531,8.6240627216,0.2721940974,10.1967242407,10.7056177576,4.2667480479,10.2191278829,10.3664915463,2.4862126004,2.1408564436,10.5861078054,0.8406714340,5.7537364553,10.2843720814,2.1355365392,7.5930735974,10.0311170714,1.9129885354,10.2036223439,5.9405365490,5.5393295481,9.9171435709,7.9026236019,10.0598773224,10.0528625672,2.4604820042,9.7495518205,10.9222041264,9.2316969930,3.4738249211,10.6114685452,5.0127091392,10.0661947064,10.4666638686,10.3543110925,2.8143743363,10.2018139691,10.4219498760,10.5706060998,10.5776885656,1.0567012375,4.1846232274,10.2940508904,9.9695578145,10.1674366193,2.0482706110,10.4724533723,1.9851156276,0.7708581066,1.6657502056,10.6104341172,9.9054645294,10.6226449758,5.3057846940,10.3048072460,10.0899924016,4.6822934531,3.1506208440,3.9535856791,10.1473577437,10.5690339780,10.5610298862,10.4224384091,0.8027708955,5.7082391043,10.5238496220,0.4533332078,3.7931510252,1.5722718473,8.0152713618,3.1906347822,10.1090509920,3.5895783614,4.7257224154,5.5375975504,4.4077282265,10.5905594318,9.2382571195,9.9717708226,5.3477572145,10.3282115494,10.4271822244,2.7008155587,4.1862688681,0.1506541472,4.1807881729,3.8980854324,10.4568495498,10.5323134291,1.7916015571,9.8493072364,10.4770947505,10.3433723745,10.2468402079,10.5739899514,4.3718025669,9.6386048639,3.7179303122,10.7452194548,1.1390741672,1.4793180571,10.3712653409,5.4742685415,5.7246931559,3.5738768603,0.8777299806,1.6089829417,10.2904916108,6.4219934744,4.4495401422,10.8500110446,2.6311294741,10.3464446659,10.8640938501,1.7962004708,9.1820189040,4.1187808607,9.8693589622,10.4821964282,1.7733793876,6.6201350113,10.5985042782,1.4120863023,3.8125411963,10.5023101830,2.5487298885,10.5059906417,0.8452335411,9.1564479296,1.1073659326,3.1212371176,9.9632770806,3.4248127114,10.7926919554,4.6084729652,1.3264346138,10.5048770888,0.3949729124,9.2888185975,9.7931725101,10.4417996971,10.4612947913,8.2831306477,3.5780454920,2.4501356996,3.7374357024,1.5334927750,10.4484646664,4.5972001360,5.6532134244,10.4907160992,4.3849578606,3.6360373331,10.3653885690,10.8587160757,1.8727840958,10.1647020506,0.2272614569,4.1518600163,6.1833113284,10.3663260058,9.8712813385,10.4805230864,6.4219934744,1.8734026619,6.1487044599,6.4219934744,4.4564226471,1.5286290035,3.5302499482,10.7571209403,10.6878412873,10.0837455120,10.0303439604,0.9889138999,10.1625728157,0.3347419870,10.5442627250,6.7299472449,10.2441964934,0.4205372417,9.2988021234,10.8414408372,10.3080960337,9.3206862716,5.0967214504,1.6850962697,0.8647143165,5.1728667878,10.6237739653,8.6520268934,4.5884307115,6.2023947644,3.6563565401,4.5458124391,10.3158556291,2.8834411227,6.4219934744,4.7550672759,3.0271513122,2.5586965639,3.7322160304,4.0005661042,1.4851848424,3.6576812646,0.3956534198,5.6794028175,10.3401565692,1.0309714390,1.4934498491,4.0347639475,10.5271272541,10.9037512761,10.8044718871,1.3097041770,10.3559167442,6.5863769570,10.4904905124,10.4340245067,2.5732468946,3.6653169858,2.8934845727,2.2117598816,6.8664900147,10.6925128471,10.7311446941,10.2866030032,6.0215605908,0.1396046771,0.7595394568,2.9618523168,10.7812458663,10.7638785094,8.5382213220,10.2875622747,2.6913501517,10.4676673298,10.3482235809,9.1475120260,10.4476684787,10.4100649231,10.3027914740,10.4978146204,10.3379602130,5.0947187289,8.6374947427,10.1500391793,1.1284024364,10.4138193089,10.3007769232,10.7778764898,10.5141073571,10.3930354941,10.5915089439,10.3875796281,5.8974906684,10.3018959344,10.6040582040,9.8752052173,7.1536165170,10.4316649202,10.1969763925,6.8129850434,10.4214965912,10.5346105153,3.6584853510,10.3750900646,10.1587705073,2.7105656354,10.2902686764,10.6009335297,2.3791542055,5.1125382799,0.5867410271,10.2746379362,5.2748937910,1.8815849592,10.9058130505,6.6130882577,1.8068175988,3.3408146474,10.2656522799,4.2987482468,9.4423661472,4.1485571561,10.4438403614,4.9176653080,2.0950860971,4.3878541008,9.6733150382,5.7397677454,1.2078005161,10.2380791690,4.0796301038,8.1949821225,1.4668369096,10.2683882099,3.2105947106,5.9437960959,10.5696150446,1.3032403282,10.5101547904,4.3848573739,5.3186442288,5.2352584835,9.1847297365,10.2806381015,10.1539216934,10.4651860234,1.5389932630,9.4391169446,1.5358578678,8.9866849264,7.8888093164,2.2878650849,3.4910621571,0.4826969348,5.2989346204,10.1967605935,3.1354013148,3.3685537797,5.2679295089,10.1599826293,2.8254472705,3.4192694273,10.6483806539,4.8914847122,5.7395627036,4.6452769259,5.5314640922,1.6674828761,4.9292043729,10.2907955651,10.3333099902,2.2215507690,1.1301917490,4.2102143688,4.4264264041,0.4287801006,10.6932764306,4.9775758463,0.1834031871,0.6909649307,10.1475745845,6.5164214419,2.5708664494,1.2062953844,3.1011384795,4.3150379015,2.3033527221,3.9655744405,1.5655607292,0.6961599708,7.1329793517,10.4777248011,10.3941109273,10.5779395548,9.8994460921,4.3317754091,10.5784494162,10.3138548705,4.3887612265,2.1600767443,10.4218322235,3.1744654375,2.5414949079,9.3993431301,10.0229158087,2.3704128427,0.8121448873,6.4219934744,10.3924145124,10.4492054040,10.5020012238,10.2298618243,2.3686747568,4.1286907665,10.3697024987,10.7097099180,10.2759606262,9.9201074835,10.5543102827,3.1797378247,2.4113913839,4.1908992268,0.2211560143,4.0122251150,10.6958522894,10.1509036166,1.5139192116,4.4659136679,0.9461776229,2.7233591063,1.7550081670,3.7615397228,10.6541405822,10.4066866295,2.5311045977,1.2183224402,3.1894489832,10.3233396133,10.7077020474,4.0846236933,4.5922220703,3.0453100002,6.4219934744,10.3139934146,10.5094138643,2.4484732454,0.5511942210,4.5285139567,3.7382940360,1.0873429595,4.1987683955,3.3559343882,2.9446170068,10.3820898348,0.3454395495,5.0345952461,1.1490663481,10.7376418127,3.3371263753,10.5304009891,10.6505227274,7.0979313919,10.2550341227,4.6014426015,10.6788780734,10.5188958446,10.8660744896,10.2901625018,10.6985422178,1.6416854107,8.0945422769,10.4340072151,10.6114981779,10.4897716370,9.9180451738,10.6467412386,5.0276371869,10.2879414245,10.3574717274,10.6173402921,1.1909230331,4.1502531960,4.3144195290,1.9168078310,10.6872789349,6.0622310848,10.2838039464,8.0821319634,10.5116991754,10.6382227354,10.6516292918,2.9802462110,6.0198390888,5.1240757645,4.4772982733,9.9043020433,4.3571337405,5.5610854399,8.2556849319,10.4580468772,6.4108592123,2.6316847193,10.6536300702,10.2945201120,10.6869707251,1.3884653155,9.6714855253,10.3489570157,10.5571921746,10.4204963834,10.1506257569,10.4071773790,10.3256304385,0.6768059775,2.8121533740,10.4484349792,8.8331891186,1.6489397464,2.4535946615,10.7139118566,8.5315554392,2.4513377063,11.0489043897,3.8220339724,0.9043591360,10.3008762459,10.7588031905,3.7934988487,4.6534770483,10.7503583083,2.2891483825,2.9139539008,10.5238317701,9.4724706005,10.3997669250,4.5918828581,10.5251789280,10.6509694580,10.0791375737,4.2655754482,4.1967461078,5.6791521476,4.4597053018,10.3968832637,10.4032242654,3.9551740435,10.8192727459,4.6259962330,2.6834840896,6.4917767995,10.6804327344,6.4219934744,1.3756926712,10.6280299492,4.5974579461,9.8297734291,1.0978145958,10.2117181904,10.5848310347,3.2889049135,2.9070009804,9.7291042063,2.8137580913,10.5553494737,0.7586532676,9.8480697901,3.9381944549,1.8619316981,3.4219970054,2.4865566976,2.0865349370,10.5574065886,5.0821414305,4.0903556968,10.6158715983,3.8236563518,2.5572129763,10.2849204013,6.4219934744,2.3503817030,10.3742266063,10.2029333598,6.2921103208,1.9192735231,5.1910505878,8.8482126302,2.1844197823,10.2959564607,4.8416917610,10.1639785635,10.5372501030,3.7903118138,10.4790193300,3.6299242031,10.5389566505,10.4576744672,10.1860616332,6.4219934744,6.7968888717,10.2884218328,3.7818403049,10.3190683168,7.3770974553,10.7053564016,1.2976651427,1.4655392315,8.9102801176,6.3626684824,4.1102056109,0.8475909275,10.5193287643,9.5797429690,10.6465083947,7.2649399441,1.9419030149,9.0324457091,10.4756651618,10.4132681507,6.8479579001,4.7558280921,10.8999368793,3.3762111606,1.5650625624,10.6820226070,10.9126881855,8.4089796741,10.4596863455,0.5884129380,9.4501768484,10.1892393663,1.0529871867,6.0745548877,4.0286683334,10.5157150861,3.4557792259,8.6645589728,10.4067224977,0.4949111067,10.2058239775,10.5853499224,3.4414576516,10.4654188628,10.5029803230,10.7210350916,10.2466087520,9.9059976976,10.1010531916,2.4466932191,5.7382344069,0.0019574172,10.3580808989,10.3552952978,10.5975993653,0.9269101864,10.5575949213,4.0901707516,10.5652681231,1.7591469201,2.9133599618,10.7559178513,5.1753549757,10.0551931073,5.8486314908,1.9270958151,10.5136161192,2.3539340748,1.8612794927,3.2939053487,4.3901845957,4.8344004579,0.1910362624,5.1851488917,10.4209512250,7.1232707074,2.0913314499,10.2624520215,2.7634820163,3.5673158209,10.3494752882,3.0785226785,6.2213006368,2.5985397538,4.7248699622,10.4437435186,2.5633835013,3.7350572392,0.7308309953,10.4535829641,10.5245077542,8.9684363507,9.1683295024,6.1088041391,10.2800803419,10.3183121531,4.1613577083,10.1590525850,10.2975982095,10.4481645159,3.0754909563,0.0071349052,0.7369939105,10.8379415405,10.6742562133,4.0116755058,4.4984351172,10.1811666378,10.4778138000,10.3972123142,10.3126176916,1.5821965399,1.5862982181,2.2464604786,3.1199543099,10.6124751776,0.0609894318,9.9513381883,3.8397600954,10.1006585191,10.8509729813,10.6547115338,0.6301623048,0.7334806925,10.7110680311,5.1319629235,5.0755950824,3.4600532267,1.7927380293,10.9201587148,4.7341125760,5.6319333064,10.4704523064,5.6011381436,9.9685987560,10.3125621115,4.7792719658,0.8738609519,3.1380748390,5.8156052884,0.4943384930,9.9911960264,1.2484119514,1.9736775188,10.6005787474,10.2726607293,10.1659832260,2.0751471702,10.2825407840,3.8554124901,5.7179548706,0.2598372660,5.7473487436,3.1911395142,2.1136214937,10.9345790470,4.5306482249,1.0884334485,10.1269769598,10.3861107318,4.8228766411,1.9891613558,3.1519934523,3.8934641949,10.3118198656,7.1772513422,6.4219934744,0.0156281172,10.4423005628,2.4704606989,10.6412141553,10.3883455872,10.3295774963,1.7994461197,4.3379818416,10.1094118590,5.1444060256,1.4003947145,10.2912864402,5.0041258561,2.4255806935,2.4300513051,2.1767389315,4.2744197893,7.9808912741,10.3308790023,0.5364440719,9.4554255815,5.1696699317,10.8562193374,6.6209329706,10.2106290531,3.6785683642,10.1477395717,10.7557125010,10.4946540956,10.1846864750,10.3475224278,10.5100297476,5.3168959818,7.1904915622,4.2229210150,8.9836136791,7.5325916412,4.0514004524,2.5155313701,10.2597694074,8.6143955617,2.4359904441,9.9509695269,5.8437251798,10.5146593267,3.5780073862,2.9817913858,3.2949468937,5.1112010694,5.8225583343,2.6655940689,10.0974045445,10.2015863604,3.7606096608,10.4508502751,1.5942937811,6.1059935435,9.5115401966,2.0600393814,8.3897293567,10.2217791284,6.2976619205,4.8728152604,10.7061035386,6.4219934744,10.5488173620,4.6637016940,2.2258048057,3.8852932081,2.7421804484,2.8812143345,9.8005646085,10.2467873256,10.7381584367,0.4371136013,8.6568358253,3.0809385733,3.8287946865,3.7079367876,0.1539181687,10.4052019467,0.1451854593,10.5986839589,10.7982351991,1.7365412116,10.7676411269,4.6894946005,1.6464334817,10.4882956796,3.9025739084,5.5532542269,6.3109510246,10.6922678586,10.7423149624,10.4999776293,10.1899419563,7.1347406727,10.5615769995,5.2469253693,10.5501633135,10.3190572710,3.5106119124,6.0265117068,2.0878625687,10.5388462039,4.3809183850,10.0726444389,10.1940525309,6.9198291906,10.5135355852,1.8641187844,10.9006812960,9.9679486235,10.5280574715,3.3108351013,9.8252363212,10.2550681560,7.1745433039,10.6203450147,2.2486598677,10.2564653408,10.4337527820,10.6121688951,10.6772898975,10.9083810071,5.3100981268,10.2946551224,1.7138410092,10.2421404226,0.5649084371,2.4171360524,10.3919914534,2.4387884482,6.9863483018,10.3945914235,5.8120306103,9.9274662739,10.7468244754,3.4283107927,5.3404371603,10.5994320113,10.3943130599,10.5466043801,4.4218959602,3.0730232936,0.9082982545,10.3695261255,5.9000804098,10.6045822224,1.8888617065,10.2668426723,10.1661260434,9.3640550220,10.0467214253,10.5730208294,10.5513583091,2.7243136674,7.6763451698,10.3922251091,6.2452305743,4.9925138407,4.9132203326,0.3584843591,10.3726011069,3.6987029094,10.6817254524,4.7810600918,6.4219934744,5.3418793736,10.4537231349,10.9435183889,10.7646069607,10.3720296296,4.3314867409,10.3553533190,8.4467695306,0.7015258814,0.8464088630,10.6119071069,10.6208488012,2.4044496318,10.2512101012,10.8054976438,7.0262411573,4.7794365791,10.5541226629,6.4219934744,10.5085051356,1.2707059481,10.1587921846,6.1206546645,2.9251931155,9.1055649328,0.1060397260,10.7577351657,3.6054624922,2.5146536475,0.3460804695,2.4966700996,0.9105653358,3.1143631581,7.9730987084,8.8046566764,0.4301270837,10.8858612710,1.9687817957,4.1593941520,2.7885596353,2.6368336479,7.9245794017,1.6716283316,10.5021750531,10.2119800532,3.1079264024,9.5055202748,6.0382686168,8.6505973613,4.1730086935,6.4219934744,10.1079553631,5.6175387524,4.1132522530,10.3413794410,9.8152650339,9.3736296804,10.7457634257,5.2995852080,9.8725365073,10.3618469967,2.9943328443,10.4180654924,10.5719802733,9.5551428829,2.1587866086,10.8449402461,10.6238386524,10.1227803668,9.7989218008,10.5674583157,1.4747331818,1.2967108668,2.0706827717,10.4590630490,5.8769565059,4.7613047251,10.5451762100,10.4974573358,10.4729008492,4.4936572575,5.3738958795,3.2775027923,1.8881669538,2.7739341804,10.2502701050,1.7284424591,1.2321051502,1.9744054996,10.2252543029,10.7314893511,6.5123787681,7.7230812184,10.2889188209,10.3873002591,2.0067370178,10.6049947273,3.4896316820,0.8617690912,10.1623752043,5.6960339193,10.1484484495,3.1197791112,0.8465594851,5.6642001374,3.8272757708,10.5441329434,10.5284666647,2.7803032435,10.4578263833,2.8710414003,3.4291033506,5.7307764955,6.5298246056,3.2599595797,9.1090854810,3.1384485135,4.0789034449,3.4387211688,8.6469907903,9.3602719148,4.2343329711,10.5078022053,2.6335388485,10.2106487186,10.0879011020,1.8720806992,4.6248679663,3.6687442083,3.9285011266,10.4920791117,5.8478125968,10.8638132655,2.4998646030,2.7705459123,4.1139573773,5.7920212148,0.9276694029,3.3992082485,3.5377898882,2.7189092697,9.9736407947,10.7790935067,6.0349832668,4.1070384255,10.2473175879,0.3237591025,3.5501462574,7.7176910899,9.7510030601,2.6817351604,0.5388826850,10.5371669295,9.9142838277,3.4064322516,10.2447768012,10.4464529000,4.3273960316,10.6404501550,2.6503915830,1.3031244645,4.6285016075,10.3403803963,4.6190564042,1.7910532841,3.9445840843,10.5771452077,2.5340336728,10.4182091494,3.7522087080,9.8071605114,10.5499628861,10.2795547885,10.5198590452,0.9301040285,2.3370151005,9.5517876353,3.8315678201,10.5823849171,5.5112583936,4.6917414118,10.5059247323,10.0048187850,4.3502682184,5.5477024483,10.4911694464,9.9632234046,10.0984031044,9.9870259149,10.8257920925,7.5640699461,4.9038188938,6.3094617221,10.4564176546,4.0509369177,5.4261846692,10.2080028564,8.0329036618,3.8233096840,5.6331765344,4.2710096869,9.3878735957,10.5088609353,5.8824099606,4.0392245257,10.2479764299,8.3793556604,3.6353559324,6.6433716028,1.9593270367,4.4800602793,2.4139627628,10.7438549007,10.6752537929,0.6716084588,10.5869353210,6.4219934744,10.2253017682,5.8416462039,10.4564491120,9.9592473319,2.4861798692,6.9058211583,10.4542190401,1.1898374183,4.4271184823,10.2415706500,0.8284136036,10.1400248823,10.4997927456,5.1689183895,3.9239584563,7.9232687216,10.6093421338,10.5168659759,2.2059298150,5.3936197792,10.3739110672,2.2440676374,10.4791245715,10.4076832348,2.9492146465,9.8789528306,10.2177815884,10.4261798186,10.2820105811,8.9424115025,10.2717476332,10.4180379509,10.2335728623,2.5537185105,2.5637593103,10.5735019095,1.2958796432,4.9629230331,0.9872017669,4.0204740443,10.7866323446,10.5929553454,5.7688968490,7.0646753512,3.5287503307,10.3859090172,10.8660147204,3.5885546182,10.9194953940,10.3915502551,10.1401959219,10.5591047274,2.5112904511,1.8490667766,10.0936632313,10.4982858023,10.7809407732,9.9494149750,4.5345517228,3.7380754954,5.8115921884,3.6907225099,0.8539424395,10.5348732544,10.6420559882,10.1608767537,1.5111493492,10.5679828344,10.3252684454,3.5590188133,4.4478879194,6.7003064953,0.5664296293,9.8632484945,10.5909446023,4.0453579330,2.9156628064,6.4219934744,2.6561190461,10.6895264844,4.2479776180,2.5800135835,1.3629094646,5.6247484493,5.6630237342,2.5036449828,4.5884433503,0.8883700438,10.2490257131,10.2539018152,1.4480962963,10.3532000468,10.3979942249,5.8166424141,0.3366993111,10.4493967707,5.4055502201,6.9442324731,3.9062238292
PGD2,2.5989992134,3.3948272157,9.8187722270,2.6162835348,9.9696879995,3.6215007907,3.6057905801,9.9321979836,2.6029442825,0.6358309548,5.2829757519,0.5743427111,3.8355164411,9.9656865787,2.5953119998,0.2404926601,2.8178791034,4.0259820706,0.0307334229,2.9079166363,9.6268291553,4.2991541002,3.6254346365,4.6388836838,4.3751966838,1.8846270205,1.2115196224,9.6839684213,2.3013212043,2.4952980685,9.7397930026,2.9031986073,0.7559262816,1.6143220891,10.0827163199,3.4595364158,5.4865701135,9.7203742361,9.6902871295,1.8283739165,3.5069891557,7.2906831161,5.6963592342,4.7050377966,2.0827775149,5.0952284445,3.0907350593,4.0478727461,9.4765058234,1.3524604012,3.3681882259,1.2438000242,0.5828398881,2.5539771098,2.3665372382,9.9531318457,3.9458876110,10.0263240612,1.3795418569,4.8061149855,6.4405006944,3.0919607832,4.3002359932,3.0170426703,2.4038158979,5.3056709959,0.7768560689,3.6191136991,5.9224196399,4.5159340952,9.5250949534,9.2953911742,9.0864197431,3.6820567911,2.1140867279,3.1250224972,6.4219934744,2.5093605880,3.3551065436,3.7501462717,3.9264707235,3.6503441413,9.8743169480,1.6027961100,0.7529795654,0.6950432801,9.6546558199,1.5935930779,2.5731335990,6.6309701897,1.8136024611,9.7013827501,3.9172571838,3.3993981208,2.7272596020,1.6731574591,9.8539369023,4.1715356346,9.7280624457,5.5718801274,0.1550063045,0.5161310087,3.4744528867,1.8341127584,9.5804047946,0.6066723066,1.7755266145,4.5023702450,1.9472811885,1.8677633221,3.0131473159,2.6847735263,3.3212879055,7.5515932377,4.1283831912,2.3441331652,4.6577265582,1.4832746174,4.2612662961,2.0902701516,9.4984740323,3.2157212843,5.1701301729,3.5841527049,2.0588028835,9.2003829958,1.8447072773,1.9739883592,9.8097058185,5.9037556527,4.2991640307,9.8148099278,4.4689466794,4.2388207821,2.1542853131,4.6688491825,3.7144945298,4.5230942941,9.6112038756,6.3848086964,2.7971412746,1.6562055698,4.3275151184,9.5748793539,3.9682474956,6.4882972263,9.5602074905,2.0318835799,4.9301847101,9.9844753711,0.3956654751,8.8477422660,1.1931208089,9.5415186328,9.5671420669,2.3797456915,5.5964595345,3.1480807274,0.8192341138,1.4610296755,9.7247716728,0.3092106973,2.6128211104,4.2195065534,6.4918818306,1.8120299369,3.4589225535,3.0842256588,2.9084135494,3.4727632672,9.9649375172,2.2830590920,7.5617367133,7.5148370602,5.6763732670,9.5529498612,4.2258241778,0.9835773045,2.7397808757,2.1919321267,2.4343115813,0.1184427922,3.3257531447,5.6658206375,9.7456584935,9.5389299400,2.4369762096,2.0119347960,4.0207712327,1.4890683109,5.5061700640,3.1326964486,3.2341642412,4.9057277581,9.9468498594,1.0994514457,4.3144044026,6.1575526152,1.3108879831,4.8375255413,3.7216538076,6.4219934744,2.4710625379,10.1213524072,4.2359258310,4.9410602988,2.5707074505,3.8647884752,1.3008857218,3.8943266655,9.7232957660,9.3341884261,0.9207677593,9.6255171787,3.5723646025,9.9927389144,4.0435240399,9.5682799965,9.2924005153,2.5633938875,1.1403679059,3.2603152930,4.4363843147,3.7138587495,4.9156854062,3.9223503053,0.9967133478,2.0989167285,2.4825537792,1.2401516795,4.9554404253,2.9617310353,4.0469191448,0.2369663486,3.7506774624,0.3429883042,4.5873249509,5.6412529283,9.3549343561,9.1152847860,4.0282072888,6.4219934744,0.2636091018,9.9050357468,2.2039357484,5.2908394347,2.9505969369,2.7865491038,2.2871009227,1.9332464902,9.5016198575,2.1601892590,2.6720676920,1.5307052729,1.9916967012,2.9166848551,5.3006856904,2.1957553540,5.6311308621,9.3523869420,9.4974368235,9.7059811576,1.2163167032,2.6877877910,9.4353508372,0.6883718285,2.6504955660,0.4041855287,3.3326484549,2.7326318754,3.4443260658,9.9133443590,2.6528896742,9.3635365940,2.3923848729,3.3760768680,9.6607072667,5.8840128144,3.3409462751,9.5357006794,3.8434581307,3.9336090780,9.7980318682,5.1006188608,1.4723159171,8.7757187427,9.3780031977,2.3419382096,6.1896835645,0.6312082743,0.2536564126,6.5139179702,4.3788445775,9.5572713021,2.0771851216,3.1273692324,4.4890961861,2.6976365245,2.5717961569,0.5863376580,9.6580154022,9.4021014982,5.2713173839,3.9431726035,3.3046580550,2.7538831945,9.3207614325,9.6098430145,1.7542544938,5.1120697978,2.0483196554,1.5640453136,2.4394635811,3.1509084997,0.9577349136,1.1986678657,0.7582020839,4.4333488973,2.5182669810,1.5512609833,9.5614662940,9.6721946451,2.1800420618,9.7749393160,4.6251213693,3.3669924933,1.7188222228,4.3461291527,3.2104351958,2.9921176391,0.2624188261,1.2035518386,5.3999838361,9.9923237141,3.9001797267,7.3246104201,5.6307081820,3.4938854042,1.8118478828,2.5434475017,0.9054329074,7.8271370281,4.0101678149,4.2645234575,2.5498365826,2.7985004077,9.5856228690,4.9222292739,5.2884082337,2.4397426738,0.8272420121,9.8034029009,3.9252937369,3.9525186553,2.9496616361,2.4825481597,9.8852654008,9.5459188857,6.4219934744,3.9670429337,3.9336210114,4.4783101138,9.6096796736,2.6854639739,9.7331623605,1.5491958536,2.5183574634,5.0177334974,2.8591814669,9.7808775445,9.8698410570,2.3762707071,4.4874553009,3.1035648405,2.8664463492,2.8911066907,2.6605164390,2.1811138571,5.2585018424,6.9818281231,4.6080413328,9.2812319983,0.9750219280,3.8598118451,1.6703051928,5.0123389946,2.7606499486,0.9641855643,4.0131150635,3.4913298996,9.4145693349,3.8175289738,1.0903711359,1.9942784064,4.7706870410,3.1082269670,6.7837252750,9.3773847674,4.4409994875,6.1898741098,3.3270550056,3.9291059122,9.1417106720,3.7879960840,2.1488771433,0.8142703821,5.0215007249,5.2328436015,2.5164891572,3.6325798147,1.9985460512,1.8225084907,2.4415653563,4.0635328594,4.4954899152,5.0029855230,3.9286274648,2.7109293932,0.4448182801,0.0573448683,5.0837440067,4.5135956593,3.6282397746,4.1220464853,2.3966376787,3.8412647122,6.4399885151,3.9773906760,4.2607863423,1.2160337574,4.1986829013,3.9607401745,2.0379778175,10.0771279688,0.7986628658,10.1188015443,1.4352692481,0.4630867256,0.1804914320,1.2246774152,0.5970230554,4.9456942847,1.1563258264,4.2384823473,4.6017197199,9.1438368167,3.3534088635,3.3994032685,1.4434934000,0.4603962068,3.1450275521,9.7661918728,6.2682492244,2.4957908598,3.6857757868,4.7567593391,9.9323707092,0.2700061251,9.5875724848,7.0104040789,1.8499993501,1.5104975980,9.6573346866,9.9343319626,2.1976178266,5.3836945453,5.1597255403,3.5135766670,5.0973168950,4.5677062675,3.9890611962,1.4502419365,9.6079986183,1.8242456668,9.7405566846,3.5978372263,2.0222516083,9.8085036952,4.3318937849,2.8963885703,4.3115774257,2.6836514358,0.2695741370,1.4499257149,4.0153957185,0.8770986667,4.0459321733,9.2626209950,9.4849677271,3.5068066743,3.3165501561,6.5932061830,9.4380669909,4.9470753888,1.7392640285,5.1344468627,6.4219934744,4.6176839003,6.6415053469,1.0159671114,3.1516697480,1.6797089921,2.3695264689,0.5834008984,5.3203504069,0.2145884752,5.0466932859,0.3779703232,2.5742431617,1.7604559377,0.8932429778,3.3096201578,4.6842293666,6.2713479676,4.1366498130,3.8143069351,0.1392973254,3.7366421254,4.9330255191,2.6535188754,9.7441832958,1.5956196031,8.0863458246,4.0400326468,2.7531585637,6.0111770950,1.1426778720,3.4538054565,5.3155572810,4.9075059212,2.8918127526,3.6788935665,9.6376256609,6.9058881511,7.8115496314,4.1868288795,9.4847632527,2.4929687059,5.6639806794,5.6563020849,0.8914362927,3.5745673627,2.3591062208,0.7107331195,3.9522512549,9.8536581870,3.6660039683,3.8174400069,3.8356495120,2.3785460265,4.6750976305,6.4219934744,4.1987525692,6.5460706727,6.4219934744,1.3970436845,2.9568900985,8.6345967153,3.6927926186,4.5019254458,1.9700162124,1.2025602399,3.4329434087,0.3287173818,9.4512899057,0.7097558365,3.0570618628,3.8414693680,9.9648353528,4.3569081424,2.8183503165,2.9933981118,1.6666896036,3.5611008063,4.5553278584,9.6690634682,0.8328176713,2.7660664541,3.5087203598,1.9075770944,0.3619192571,5.2577091288,9.3721833921,4.2072506726,2.0805033513,6.4219934744,9.4546080022,6.1254362543,9.9531888506,3.6728578461,9.7219293417,9.6868352532,9.9236694143,9.9196453795,3.3222749712,1.9824954957,4.3181670312,2.9218553904,9.4783280996,4.9258362886,1.6449244894,3.1173596966,0.4395345731,2.7451134589,0.5734661566,4.2415296408,4.4275668465,9.5124003351,2.9389159644,5.3141103670,9.9458302161,3.1818012420,4.1910082625,3.3128601730,4.4184525519,3.4140649783,7.9485768966,9.8082372419,5.2197780202,4.3909080404,2.5996572001,1.4539333605,5.2531206465,9.3853874483,2.8028209082,1.6443748451,0.8982072620,2.8460485183,2.1729045704,3.9308053337,1.5286003158,3.2851017892,5.0655898031,5.9808065420,2.3294205034,4.4500720613,3.5403290102,6.5123184171,3.5023842675,5.8566923589,4.2983863474,3.3205717173,2.4533221781,1.4042129143,2.0984131346,4.0163219269,1.4691905844,1.7949669933,2.1105204286,3.3446186658,2.4595326545,3.9239308610,3.2120070022,9.4558366947,2.2722276535,6.2154873125,9.3221787394,1.2735113372,4.4017754387,9.4056318879,2.5086375426,9.4474453677,2.8854284588,4.2606254253,9.7153525257,2.9806792471,2.1569974663,9.6508956971,10.0021532303,4.3927893737,9.7880916547,3.2328663754,9.3397662305,3.4807124444,4.7407752421,4.9640862728,2.7160405153,5.3249944100,3.8515670194,2.6660598721,1.9520334210,2.9123344734,2.6455763205,9.0993926726,3.5492340434,2.4855211349,1.8586225014,4.2578295368,2.2968315626,4.4433902264,3.9893076959,9.6244542716,4.3195160463,2.8906510788,3.6269825059,1.3685381939,1.8616869527,3.5137426265,4.8301371210,5.1537964960,3.5863592096,3.6521704021,4.4131059431,4.7218442256,3.4825789128,9.9423415914,5.2733926179,2.7590269684,3.5406059543,3.7490218553,3.0583805836,4.2595651760,1.0086411483,5.9926495251,5.3888358683,8.0132730393,9.3426875224,9.3955196047,9.5027175483,3.6926087559,1.4440137650,2.7168129496,9.5851860187,9.7353538913,8.3463964871,4.6342273812,4.0017885179,1.6143612025,4.9803319307,2.6680218584,9.5784732105,5.7574282331,2.8821716318,9.8072765260,1.4088672694,7.9274540799,3.6403259092,9.2920538320,9.5424590075,9.6469134333,9.8064867759,5.3559768569,1.8813531077,5.6816070445,4.8074017813,4.1092247015,3.4823996941,3.8092340185,1.1344410713,9.5741260826,7.9397798224,4.7155580293,9.6864460691,9.6793114108,1.1255608534,2.0899807149,9.6830331772,4.2152348415,6.4219934744,2.9112746438,1.4838046248,3.1097593596,3.1929789041,3.4259449878,5.4668381202,1.8154614160,4.8717283239,1.1969215608,5.9309708066,1.8985602079,9.0532296239,6.1246193999,4.6590986117,4.6565539329,5.7320280225,3.4586264051,5.9099227086,9.0791296252,9.7144926919,3.5226037434,9.6260502627,4.7074084216,3.9222666335,1.9951037267,5.0280268349,10.0087761906,9.6051126328,9.7812162686,0.1991733299,5.1675262750,9.6780240084,3.5300487999,5.3394799773,6.4219934744,3.6845432200,3.5778698052,9.5778741980,1.0847821606,9.6372249894,9.8056941985,4.0071288551,9.6379752277,3.1375413075,9.6929815877,1.4543012988,4.4085181281,0.5992033119,9.3980767600,4.8090224179,9.4363157225,2.7018117991,1.6327484804,2.6509750954,4.6719384165,1.5372111648,2.4261855066,3.3761248832,4.2816318317,3.8570336766,1.3720246905,9.9582025591,3.4212428312,1.1182304679,0.9990153665,2.6416267660,2.9343478748,2.7270095528,2.9145783323,0.7519730837,3.5280253020,4.6735886049,9.3689032857,0.4435006252,9.7502721470,8.5307605204,0.0002061585,4.3631581078,4.8967949319,6.6717823582,4.2653821656,1.4426991836,5.3909241415,4.5329744874,4.4945804044,0.7722113297,3.1559856735,5.9727553177,9.5322555081,3.3404175701,4.2423021911,1.2940865834,0.0111082864,9.7911257837,2.4967609696,2.4629112624,1.3453710340,3.1574721194,3.5141495515,4.9129099304,1.2646665033,3.0124532184,3.0353089978,2.3436992090,1.2422738381,0.0501284583,9.4918053699,5.9629674230,2.6676020165,0.3070852187,9.7683595619,3.6495371752,1.5148201158,9.6299244190,2.3582638683,3.5042690977,9.6685278071,2.6091504716,1.7235363017,3.4692387266,1.5884431316,5.9286878371,0.2917022433,1.7913990339,1.3729478137,2.3695877639,5.2326069352,4.5834259607,4.1851382528,0.3573720933,5.3086459925,9.7881331718,2.6518744602,9.4883131339,0.9664628411,0.3752035001,3.3464805796,2.6373569843,3.6690766924,5.4339620010,3.8550939425,0.3558991711,2.6744156603,6.4219934744,3.8929891423,2.7154997641,2.3242241534,4.8424536992,4.9223307696,2.6423686354,1.5512788687,3.4976523270,3.1370479485,0.3421016322,9.7753694118,3.5765062719,10.0472416888,1.2031414742,2.9271664330,9.7831400428,9.7520718756,2.8405753806,10.0164525973,4.0313524034,3.0822607897,0.3421119905,1.0784800669,0.4681645649,2.4222299981,3.8385074505,6.4219934744,9.9340753173,4.0190787608,3.4283666452,4.6634738457,9.5330792923,3.2542479441,4.2807358365,9.6153550092,3.6697792323,3.6597160697,2.0442177929,1.4890116796,1.4661922044,3.4477526267,2.4138936401,4.0767742765,2.7259453982,7.0911433974,6.4219934744,2.4701190874,4.5853804296,4.9604262368,0.6637978577,3.4301499981,3.2174185467,9.8486876754,5.9116406475,4.9148785234,4.8927728529,3.0321215029,8.5746406829,3.9262059523,5.4190185311,4.5396579733,5.8591765739,9.5046589030,2.8976376532,4.4824484023,4.9612949422,3.8143802976,4.2551594811,2.2498339523,1.6269026574,0.9848928998,2.5546745961,4.9900979009,3.8027413217,3.4587657018,1.8838560534,0.8931154962,2.3269872053,9.6451682360,4.1536696555,0.7354719387,1.5785835506,9.5902583468,3.9974345736,2.0520012242,3.3092724048,2.8294592169,1.6673904870,2.5456533145,3.7723230855,3.4505662696,2.6593897943,0.8264811363,6.1553482119,4.0465786319,9.8014594590,1.4914595413,2.1849507455,4.1184777818,3.2078774928,1.2568678651,9.5767059096,3.3954255833,2.8139046420,4.8646325214,9.3751715158,2.2413368943,2.0685186160,5.2704522779,2.7876485830,0.0487620016,1.2915951081,1.7187871565,9.5183172867,9.7479851967,9.8093831686,1.2419539149,6.8223799251,9.4095791713,9.7241703605,1.5106702414,2.5259677133,5.4603630755,1.2125395285,0.2252171915,4.0006002871,0.0743210013,9.5798282678,3.0940675590,10.0686618911,4.2105102279,5.2358747468,1.2800341253,9.7118349908,6.9674090777,2.6543851811,1.4221180071,2.0072717438,0.6262473129,4.1664917613,6.4768157158,2.1511798115,9.7152751536,3.2138237385,1.9404377259,3.8390061045,7.3316123604,9.8630788728,9.2993596616,1.4497852004,1.7407040395,10.1065483874,2.7363655465,4.4477437331,3.9068168542,2.9368936927,4.9397328054,9.7132400528,9.5247269311,9.6064949415,9.3390987792,3.0359183878,3.1124084045,0.1597473467,9.4471161685,3.1916287070,2.0073638277,2.5730784924,7.0985530741,9.8076084812,4.1744665772,4.2665353139,5.3406580410,0.6900542864,6.2390098937,4.2056500074,2.9234265253,9.5085744853,0.4570872843,5.7399424655,4.4999713728,1.1735277251,3.8396557699,3.4337761054,9.6410204258,3.8049518017,9.7275946195,3.6423132608,1.7414754859,0.2249040653,2.7766622244,5.0130604369,2.5497478513,9.3273404016,2.0201018283,4.8413053462,2.6672484223,9.6205055473,9.2418237053,4.7067914988,2.1391746718,1.8779923500,3.3169606314,9.6835844480,4.2489709073,1.3122844047,9.8770052393,5.3971512457,5.3724272854,2.5426187315,0.9871035604,1.2321463685,6.4219934744,5.3965219608,0.9503830498,1.0350611673,4.2587576905,5.3363999693,6.2499053331,9.6785900794,9.5814183257,0.7607658188,9.6327780605,9.7262201315,5.4258546309,1.1332709968,9.5778981834,4.2385003389,5.0122796017,9.5888097763,1.7887282646,0.4361960536,9.5777723793,4.1685101907,3.2954996484,0.6029411070,4.3095507201,3.3426091795,4.7982234869,4.2928017927,1.5451106611,2.4946961874,1.6724897619,5.4154523902,2.3539168316,1.8989413390,0.7828320232,5.6646710233,1.7258149646,2.5634487189,9.9599880027,9.4257548482,2.7829494824,1.3793284001,9.6121737275,3.3842803318,2.0283825014,3.7201003060,9.9538802704,9.4716651921,2.6263067888,8.8868049583,2.3376714725,9.7121299198,3.2293925421,3.4198319696,3.4740779244,2.5250443037,9.7004953397,1.9118388899,4.1910884697,9.3269178617,3.7659448533,2.6650798568,9.0812296571,4.1762125872,2.9042112066,6.4219934744,4.0931241476,9.5885902387,2.6350862423,3.1333672897,9.7217982279,5.2437993398,1.4794753769,0.2165465057,2.2307278877,9.8136730688,2.2791913583,4.2133155000,3.0269054986,4.4769141354,9.0787177553,1.7413400567,9.2023109244,1.1879745185,3.3659698476,9.6655501354,3.9256113090,3.4042145164,1.4939627816,3.7505298407,5.7153114100,5.2396072943,5.5637168957,1.7396930201,1.1777581371,0.6660865249,3.2931513479,0.2085856103,3.9967013513,7.4684421451,0.5492358254,2.5050348164,1.5495857736,0.8432831198,1.2605975452,4.8745065344,9.8496601342,0.6013074010,1.8406972664,5.6405156015,2.4537144227,3.7259571055,1.1029061861,4.5579717936,0.9539825003,0.9952375838,2.9200613860,0.4685362946,3.5955820223,1.2724096616,7.0198904218,3.1639270002,1.3183957387,4.4154544038,4.2982368714,1.2437754565,9.5514798197,2.5765159160,9.6901399262,6.4558291504,3.2700843392,1.5967417601,1.7420762511,9.5522585535,9.0080176971,6.2744706596,4.1318147612,2.7188115289,4.0860558959,10.0285572344,4.0627891936,2.7742112273,6.8459532569,3.9830377666,9.8110765069,9.9318023070,0.8241044209,3.7390036920,1.6830730222,6.8361111813,3.2675025691,3.5392083069,1.1297960146,3.3136821391,0.6018826957,2.8569443611,2.7693829040,7.2214000980,4.2918544053,2.1471611764,2.1367070002,9.8521443301,9.4249147758,3.5094048102,1.8051888716,2.4566172713,4.1247902792,3.1101783225,6.4219934744,2.9291313203,3.5763207560,3.4800268966,5.7170478951,2.9231652478,0.3239568640,0.5066342112,0.8668244332,1.9826294249,5.8990450979,1.2218512050,1.5312182287,9.2967840452,4.6025767936,3.7818952089,0.8218892121,9.7361451237,2.4931051214,6.4219934744,4.1513580929,9.5565391203,3.8436952078,3.2165153828,4.3408919090,2.8563618441,10.2144517694,3.6676991828,1.9039906725,5.0874627560,9.3727650736,9.7313701197,9.3440523334,4.2324681738,4.3404809772,2.7386870050,3.0950678835,0.4450294923,9.9971723338,2.2526877956,9.8956071781,9.7642930099,3.0376333666,5.0540705615,2.5960897804,3.6340438559,9.3921857732,4.2102959663,3.3354876300,4.0874369630,4.2239888777,6.4219934744,2.9222612617,9.6488809405,3.7635494546,0.8951750732,2.9551412386,1.9165670118,6.0414094853,1.6751918322,4.1616522598,4.4986925818,9.8114154132,4.4751139693,5.2276994908,4.0106615889,4.8988840087,3.0547682882,3.2954245568,2.6756610925,2.9882113730,3.9454822246,9.6132542274,9.3600635563,9.5794686976,2.4385147234,8.6657387668,6.3805270930,1.7208173414,2.2366682779,1.7362378768,3.1742418295,9.9477524764,1.3792185831,3.6660024446,9.8285584079,3.3989881713,5.5779024395,7.3836677526,10.1229688746,5.8118802347,3.5620125721,2.9521543330,4.7656261439,3.5695208654,1.6969505907,2.7569543893,4.4342303544,5.5503171776,5.6941596100,5.1338371191,3.2571395686,2.7032233405,3.2012762480,9.2575815754,1.8750487748,3.2611240247,2.5308456832,4.5442313696,6.4097487610,0.4184834683,3.7516802134,9.6345189133,4.3242936656,6.1381552673,9.3840359505,1.1369446163,9.2745633702,9.8193106929,1.8286191284,4.9062477458,4.1042426867,4.4100718938,3.4963968079,1.0791987044,1.4655974982,6.5447337173,9.2107218560,9.8032612897,9.9989076472,4.7504176073,4.2259998871,5.2132866746,0.8294772107,3.9546356373,9.9512592252,4.6135046763,0.8136536968,2.4701734527,9.9299566148,9.8400317511,10.0011063263,4.8250224231,0.3247594229,1.4305044073,2.6023147268,3.5447772153,0.0509021205,9.6245000057,4.7448577992,2.7789375705,9.7690442052,9.3294064591,4.7834402312,3.7284655194,9.7515359685,3.8990972287,4.3323816003,2.6849469504,0.0861082034,9.8053271865,4.7945487401,2.6561198427,0.3813189258,1.5921627699,3.0081502629,0.9543172390,3.2793804421,9.7134074798,1.7296674823,9.8011504338,3.6943770608,2.5194509797,0.4569397774,3.3524459820,9.1095781704,4.6430100062,3.2859196132,9.1564944166,2.5021528630,0.6511634259,9.8920363523,2.3511281621,3.8171565828,0.2313252932,3.5594939281,3.7927147716,3.2350771737,4.2433204748,0.4865782161,3.1406547253,3.5823578831,4.3063192214,4.7574500926,5.3748557686,2.3238034983,9.6529876852,4.6230203503,4.7216855363,9.8676591075,0.5335322159,3.1879872832,1.8919646414,0.4121235812,5.5139825093,4.3790144573,1.4980931560,6.0311116082,9.6285049287,1.2647768132,1.7424729241,0.9541628671,2.1220974736,0.7294535351,0.6776728049,6.4678105350,4.5000246742,6.4219934744,1.6046068375,3.9828272504,0.9750358945,4.1557320578,9.8394911272,3.7434587123,2.5154083979,9.4030545661,1.7866160572,1.4281104492,5.0837481621,5.1449670878,3.4283420489,4.9708109521,6.3872344238,1.3700017403,1.4383833890,6.3068865855,5.4982986153,2.9705822995,3.1015704819,5.4929545960,1.1804664774,2.5829424159,5.2795523094,4.1827736010,1.0203137040,0.5221376252,3.9205799318,0.4890928765,2.0600144496,3.5361321980,3.5657289804,2.6926023291,9.4974243540,2.4319483610,9.8991827102,3.0956582798,4.9387204896,9.6673627357,2.1048532862,2.3214650137,2.5936424655,0.6140586440,9.4640434737,3.5603992866,2.1115032583,4.2239886224,1.1757036718,1.4456847700,1.9898184914,3.7398028782,5.4236214222,9.6302252986,3.9056089530,0.1618791064,1.8635858423,4.6546557483,4.8792473180,9.9235791456,3.7745827042,9.6686900344,9.6515485191,5.6101968385,4.8788031977,0.8393421792,9.7770151549,3.2935486773,5.4812420684,9.6726885809,8.7260261812,2.7190841177,9.7086212305,1.3142367453,2.5682417023,3.9390561294,9.7312348355,6.4219934744,9.0636062987,5.2769185452,0.7501249649,9.9895088463,9.6376048996,1.8138213784,5.2073100933,9.9275134793,2.0999316263,9.2439468816,2.4391341470,1.7634199901,9.3256800984,4.1042088035,1.8034531010,4.4192168650,1.3876856462,1.6271593435,4.2197064754,3.1897978169,0.0943418299
WT1mKTS,10.4159753356,10.0294757118,9.7284759846,9.8207205022,9.7119780578,10.1152362138,10.7726859615,9.8113796525,10.3820243162,10.4002959339,10.4937724289,10.9526673833,10.2284640732,9.5436476723,10.4716849123,10.6285041755,10.1439476267,10.2053144200,10.5063745491,10.8202309634,9.7719352235,10.3953546267,10.8540098500,10.5609780298,10.4781305079,10.5256812707,10.4195359361,9.6138636123,10.0996771518,10.4062060349,9.8664139196,10.2204098780,10.8053654033,9.7778986691,9.6006167891,10.5102229168,10.3968929149,9.7663304823,9.5601510359,9.9688434388,10.5555999762,9.9413391309,10.5251572360,10.1805018642,10.8565300198,10.6634346982,10.4175674311,10.3260313221,10.0774880433,10.1283734876,10.5431342781,10.4273706426,10.1784222569,10.3960990252,10.5033748645,9.8860758990,10.2472642056,9.9974129637,10.3061965319,10.6668402394,10.5180830250,10.3515328209,11.0626987214,10.3986063392,10.2094948456,10.3995037575,10.2843587625,10.2287195930,10.0841142740,10.3701352081,10.0212144267,9.8395641394,9.8874286313,10.1936541228,10.5986486426,10.4486572900,6.4219934744,10.2945389631,10.5526001072,10.6461971355,10.1053548245,10.8351797902,9.3340101987,10.5389718613,10.0853415925,10.3538695779,9.3984114480,10.2810482686,10.8224477799,9.9879195958,10.3792217990,9.7491000983,10.3424666153,10.1432494559,10.5429767383,10.5567315437,9.6278100036,10.9610486801,9.8223468925,10.5721239502,10.4356356482,10.5246312677,10.2860003766,10.2464533425,9.7339921653,10.5356151359,10.3785919262,10.2448574908,10.7089889858,10.9392231553,10.7335962030,10.2346104019,10.0908151088,10.0619459499,10.4085972603,10.4336008654,10.2577057131,10.7942124264,10.6527507074,10.6752331972,9.5882226583,10.1016117717,10.4090882916,10.8332975896,10.8336005615,9.6144106779,10.2449152333,10.7353733720,9.5896232078,10.6162083661,10.1757410105,9.5377557394,10.3585513972,10.3590507663,10.5446999210,10.1022642366,10.4523508469,10.3178528327,9.5659713322,10.3826885620,10.7850493702,10.7480578105,11.0337479242,9.5153777099,10.3923130257,10.8742081279,9.5390178630,10.3085347283,9.8611851838,9.6297443428,10.1271164086,9.7794694141,10.4883917050,9.5935433315,9.6851431109,10.2527525577,10.0789485727,10.5077303131,10.3977176194,10.4873696240,9.3243139391,10.0103862575,10.0446641260,10.2695560646,10.6814182463,10.4680601345,10.3678503137,10.5667839554,10.7976683674,10.7101589892,9.3060694936,10.3235328672,10.0068588256,9.9948237893,9.8532803688,9.6948045173,10.7695193931,10.5775769864,9.9941199459,10.6976580345,10.4053537190,10.5785740738,9.8851567169,10.1127578394,9.2552607096,9.9519051037,10.4923148827,10.4975688350,10.3331694059,10.4796035016,10.4215775459,10.4747259976,10.3421103765,10.3848362696,9.2687416991,10.0906365505,10.3752457072,10.1798096030,9.7206751543,10.0327487026,10.7084015662,6.4219934744,10.5696817923,9.5695963851,10.6517840847,10.5626745581,10.2318223424,10.2305684247,10.7566192175,10.3794428030,9.6658826458,9.7016545518,10.0232757356,9.6383485891,10.3077615553,9.9705693463,10.6685162056,9.3894021668,9.7862564263,10.3191971811,10.4972604485,10.5885203354,9.9771406740,10.2430807015,10.2268712473,9.9093063290,10.5090435866,10.4388083172,9.7772502750,10.6368495346,10.0852099027,10.4069516284,10.6171459985,10.3090894764,10.2352865842,10.5110947210,10.3251167326,10.4588427140,9.7195352829,9.9442627487,10.3508604783,6.4219934744,10.3372999818,9.8952262724,10.6369494711,11.1440987406,10.0235209730,10.4338386164,10.6350693566,10.4001444232,9.4391639269,10.8150393123,10.7499937837,10.1978718283,10.4387778291,10.7741403899,10.6068166196,10.9341279783,10.2180615225,9.9040094025,9.6083768541,9.6744765106,10.2864690869,10.2586399807,9.9309522460,10.8532050573,11.1653493090,10.1814280862,10.4356802820,10.1627544180,10.3494200432,10.0021565299,10.3791722197,9.4604424074,10.3219258424,10.4776123058,9.9728683735,10.2061030223,10.4096568370,10.0125163726,10.6400826858,10.5491592268,9.7081863213,10.6544676379,9.9731501344,10.1479533955,9.6089853866,10.8578644560,10.2516314065,10.1320052769,9.9449654191,10.5993457436,10.1415004608,9.2960055594,10.5240007138,10.4876043674,10.3660383489,10.5536315835,10.5339816356,10.6418252405,9.9509476848,9.4964910455,10.1993608702,10.0723150547,9.9736616002,10.4112109211,9.9156757717,9.4890964044,9.9754173147,10.3319327384,10.3983092979,10.1437550599,10.5381577845,9.9849091557,10.3478793744,10.3196340152,10.7245333433,10.0718526186,10.7860855582,10.1894055753,9.9563778587,9.4590517836,11.0256944721,9.8947106628,10.3463698630,10.7072693354,10.3069418335,10.9117139341,9.8399535033,10.3701410306,10.7128922144,10.7208105588,10.3774827812,9.7779009862,10.3474097948,9.8040813384,10.7017529291,9.9577633923,10.3490096448,10.1644983023,10.2815024605,9.9425496817,10.6928804706,10.4348891484,10.7871022298,10.3740854529,9.6166058674,10.8867275535,9.8346553782,10.4213683705,10.4624389182,9.2079345632,10.7062333058,10.2613694334,10.4353622371,10.2459473031,9.9000324101,10.0514923673,6.4219934744,10.4835332198,10.1344856596,10.3257007015,9.7017113087,10.4686722632,10.0257722359,10.4992503089,10.4502957075,10.0232002020,9.8462208631,9.7505524055,9.4735909389,10.1911994508,10.4731119924,10.3482217883,10.3602297912,10.3246117505,10.5983491358,10.4945071384,9.8923052828,10.1666314289,10.6517831126,9.7119427256,10.5680676690,10.6341037040,10.3567011576,10.4522576897,10.6205175390,10.3634170124,9.6811095327,9.9529585103,9.9229165059,10.5151621592,10.2704788310,10.4278530651,10.5924328749,10.4474202636,10.8731819467,9.7606773788,10.5089604494,10.2754373269,10.2327978447,10.3715158970,9.8542937739,9.8407165720,10.4878922368,10.1688315242,10.5976597107,10.7805297719,11.0230003225,10.5281402217,10.2001701191,10.5608232019,9.7969967538,10.2441395604,10.4231908149,10.4419686104,9.7879660845,10.6784949066,10.1786735684,10.7256607265,10.1314373243,10.5995021149,10.4072706512,10.5546891971,10.4309358555,10.7915412471,10.5194059080,10.2182162984,10.5612344711,10.3594076737,10.4786141842,10.2512310508,10.7238603433,9.7319569072,10.3181800702,9.6489624042,10.6681512636,10.3671156981,10.2527926186,10.3516692103,10.3494058579,10.6868050512,10.5034002251,10.6307760697,10.4252489921,9.9541553395,10.8202635129,10.8178410229,10.7876501414,10.2804343337,10.5458228219,9.6609242519,10.0585784972,10.1571789674,10.2004635878,9.9747515556,9.8421632772,10.4069428649,10.0216406873,10.2472736748,10.4365116968,10.0295697908,9.4932891463,9.8554802808,10.1292504536,10.1519807478,10.3905241511,10.4015844670,10.8068428860,10.5799305838,10.6606198342,10.4980083949,9.4177834475,10.2785895791,9.4098577812,10.9507440223,10.1258347145,9.8017559185,10.3649748118,9.9439723836,10.2300131011,10.5496450427,10.4551082267,10.2526888556,10.2229306280,10.3344266535,10.4793274307,9.5858749293,10.2029817922,10.7811836090,10.2399563181,10.8932791751,9.4664102800,10.3440130732,10.6540897016,10.0864754706,6.4219934744,9.5069898207,10.1492786492,10.6160347981,10.7479578426,10.2077835376,10.5497474931,10.7275675339,10.4522498021,10.3085770199,10.6118574083,10.7698595990,10.5347919018,10.3101770599,10.6424892395,10.8030515404,10.2362168923,10.9068154689,10.9275133391,10.0731531593,9.7274073984,10.5705301735,10.0381609415,10.0148865020,9.5233980662,10.7425377636,9.5178743258,9.9227008031,10.5409120691,10.1515088940,10.0816560041,10.0140557015,10.4869164663,10.2227967765,10.7027123182,10.0809256728,9.4789101701,10.1760683015,10.1101495881,10.1291936891,9.3999076430,10.6375406629,10.5619526353,10.4144089689,10.1702706286,10.1032855729,10.3269587025,10.5252455022,10.1154839043,9.5802299214,10.8256990141,9.8165163452,10.5788086796,10.3022939471,10.7179161589,6.4219934744,10.2736793328,10.8829592685,6.4219934744,10.0833811231,10.0312212749,10.1459930459,10.3706234235,10.3958507807,10.3553741214,10.5325632932,10.7413800044,10.4372233139,9.7256126741,10.2834587301,10.7951143576,10.0955307101,9.6391244344,10.4628924553,10.6117161951,10.4510136351,10.3107040337,9.9740289939,10.3610893038,9.8073184727,10.3970339766,10.2570621229,9.7519928626,10.7037211475,10.1392357505,10.4333811604,9.6702324014,10.4032926031,10.9515814661,6.4219934744,10.0784819557,10.1331093009,9.9069062277,10.2419637954,9.9182083525,9.5808974155,9.8978087231,9.5006070111,9.8705746725,10.5468095025,10.6314252934,10.5108274854,9.7004798087,10.1273883830,10.1471218590,10.9156143383,10.7075684961,10.2521905126,9.9913108888,10.5338121267,9.9734908707,9.4624489780,10.4098242322,10.5030907822,9.8926860071,9.9440720590,10.4919523022,10.5372731246,10.0963540101,10.6614821955,9.8114714880,9.4937143204,10.7780103888,10.4413573664,10.3956236989,10.1781890496,10.6068278504,9.5959891821,10.5341668834,10.6636942487,10.3372044445,10.3684938947,10.2881996031,10.6429076708,10.0788301005,9.8559871056,10.2498788282,10.9686330676,10.4268243026,9.8604563846,10.3437684416,10.1107809393,10.4103579402,10.1577032425,10.3929893721,10.4468293510,10.1913188305,9.9828329411,10.3631017822,10.3379484323,10.0151594079,10.4747663727,10.4840003063,10.4148295295,10.2138180495,10.4663240434,10.7299137607,9.9372069074,10.4662577707,10.3828102547,9.6987490805,10.5462555464,10.4948683299,9.6897784543,10.4456594146,9.7505005004,10.7167047521,10.0670489003,10.0470363365,10.6844340234,10.1774508660,9.3544145192,9.4558322870,10.2272184979,9.6399555663,9.9225866501,9.0786780285,10.4354459828,9.7682174035,10.0206038982,10.2011211532,10.4925657026,10.3874017448,10.2284389096,10.4614281186,10.0091147807,10.3719491968,10.0388439177,10.4158317762,10.3106145521,10.5968513881,10.5071055264,9.9412039333,10.3787481971,10.7093545612,9.7727428120,9.8357579092,10.3820246453,10.1891529873,10.6917508246,10.9041863877,10.1311491930,10.0658931040,10.4820519566,10.2980287814,10.0558017301,10.3268351197,10.1189558688,10.8090887484,9.4558067932,10.6943656995,10.4439130935,10.5412655598,10.5644583103,10.6757469908,9.9598954463,10.1349421260,10.5710944906,10.6271547900,9.8838671027,9.2751870760,9.5635593640,9.7572401811,9.9274114039,10.4983929289,10.4077703878,10.0691188912,9.6577388702,9.9465237519,10.4867424003,10.2125961021,10.2326445081,10.4775238835,10.5592090241,9.7482132629,10.4595281680,10.8892731027,9.7652405469,10.4378806310,9.8117212141,9.7655939306,9.5988398347,9.4222572774,9.6227438163,9.7305462558,10.3614525564,10.7544234837,9.9382136683,10.4797437171,10.3771936469,10.1024655786,9.7799347689,10.2318571531,9.2236275417,9.5816947037,10.5871465909,10.1080748809,9.8976237769,10.3087910107,10.6121663130,9.7284495813,10.3743217503,6.4219934744,10.5876282904,10.5398701322,10.3153399893,10.6621153498,10.1729367703,10.4098252162,10.4890085503,10.3408673200,10.5496007631,10.9701931720,9.9649304561,10.1689452981,10.9023391849,10.3992030003,10.9566529089,10.0051916175,10.4976649262,10.7313884353,10.2496764617,9.9101057320,10.0589006641,9.7708128260,10.6054072522,10.2252857868,10.3401103527,10.5885017815,9.6301041842,9.6436731973,9.5714152765,10.2338793540,10.6390268477,9.4567990235,10.8551833353,10.4107748891,6.4219934744,10.8263017013,10.5920298139,9.8130834276,10.3190182271,9.5068306400,10.0861820833,10.7033157905,9.7723676704,10.5893577148,9.8456200241,10.6867692897,10.2637338741,10.5399571131,9.7708291693,10.3394074616,9.7836968281,10.4955329703,10.3187866193,8.6105622683,10.4737052631,10.3442340092,10.2552473186,10.8061648524,9.9939312673,10.6665282632,10.6706513155,9.3154203173,10.4717576900,10.4711974616,10.5074616061,10.5412309617,10.5572080598,10.4215938219,10.4384621087,10.3352402819,10.8126409962,10.3187931642,9.5918202465,10.4352422188,10.2608634523,9.7708200065,10.6918699823,10.4248249306,10.7390710015,10.2293575474,10.4695336583,10.5556107626,10.4495473604,10.4215167293,10.7273064245,10.1882935671,10.1644343684,10.0584953125,9.8269863165,10.5625823279,10.3111040782,10.2393876978,10.2009294913,10.0346408327,10.4505143726,10.3356068033,10.5356420788,10.3501470896,9.7149013026,10.0670933002,10.4393362972,10.3699526314,10.6429746596,10.5361203406,10.3994305717,9.8499900316,9.2725386892,10.6568485837,10.3191327979,10.7194219944,9.6345188139,10.2261551389,10.8218611049,9.4250544039,10.0846945448,10.1045543342,9.6108017300,10.2702404459,10.5563552228,10.6200003623,10.3551571110,10.1842604830,10.5616329960,9.9168094508,10.4111812236,9.9206848344,10.3234721549,10.8391730740,10.6218031674,9.9169177361,10.6186343395,9.9796666643,10.4282709542,9.8545115703,10.6039565938,10.4365122020,10.1303949684,10.7038951679,10.1644563031,10.9601682215,10.2678187227,10.0121478795,10.2793338675,6.4219934744,10.5280186238,10.3642081469,10.3078656451,10.5545805922,10.7516386208,10.0400128533,10.3096827532,10.3410111417,10.4604664981,10.0787203422,9.6588319128,10.6786339102,9.6803464643,10.0215599039,10.3945071505,9.8690356057,10.0177512603,10.3029898393,9.8318191362,10.5467586036,9.9567700868,10.2012939451,10.5473964286,10.2689754826,10.0678711127,10.6200228539,6.4219934744,9.9078660302,10.4927357404,10.4678045857,10.4783886480,9.7488084362,10.1260774520,10.0956306070,9.4334659800,10.5096612195,10.3334424591,10.4633425157,10.7980654184,10.2354512404,10.9125637472,10.4840571287,10.3809512277,10.4932607193,10.8597175871,6.4219934744,10.5179182687,9.9861078854,10.4953348885,10.5579888823,10.4020025133,10.1077227397,9.5600970137,10.2401761885,10.5273583638,9.1402339141,10.4571474351,10.4159789829,10.5351674898,10.7650005712,10.3069207144,10.5990688716,9.3732211552,9.6670346409,10.5418763169,10.5903165158,9.9415822993,9.9464583550,10.2479413209,10.4717206069,10.5158238148,10.4613935054,10.4735293213,10.4139663326,10.1147321396,10.7080770061,10.5879312503,10.6623466391,9.6398619981,10.7836271939,10.2721182769,10.6316568033,9.4417990214,10.2226762614,10.7967330366,10.6558197353,9.8885393671,10.3873681533,10.5105107931,10.5732759450,10.5655223748,10.6014676865,9.9685073440,10.2942275345,10.6544924125,9.7435058040,10.0724863987,10.6209535374,10.4819287495,10.5929351042,9.8004789688,9.3895674389,10.8522220040,10.5644679646,10.4493451623,9.0307992126,10.4968601115,10.1102714257,10.2102577442,10.1873055061,10.5828171265,10.4417335805,10.6724149243,9.8202633186,9.7670276345,9.7792128912,10.3758153897,10.7530607509,9.7363270637,9.4270880527,10.2715805697,10.0755394474,10.6898986855,10.6459670656,10.2880445034,11.0958836644,10.4121322109,9.3466487504,10.5931979113,9.6225890366,10.3510885076,10.0205503804,10.4440485563,9.9780345115,10.0569999276,10.4924049997,10.1421183744,9.9916126339,9.7508617053,10.3683136912,9.8323902948,10.3487318456,9.6609872325,10.6915435238,10.6324491698,10.4442050302,10.5497209541,10.1043256836,9.6002639328,9.9222701020,10.4121931565,9.1420829364,10.5899313142,10.5219717688,10.1805140652,10.5685901078,10.4882169275,9.3685956799,9.6635125181,9.3658320415,10.0142298036,9.8036556810,10.4214978478,10.3799212237,10.0279112170,10.3828767498,10.5571154327,10.2937791687,10.0324143308,9.7804423073,10.2863500882,10.6656359434,9.8665070974,10.3515774452,10.4349837715,10.3048292655,10.6428990065,9.8515628068,10.3860664454,10.7460100551,10.1518349610,10.0568832444,10.5419001085,10.5243582412,9.7733979808,10.3468010106,9.6092645601,10.3484388418,10.3151906160,10.9153870921,9.9372659016,10.5543407279,10.7589788205,9.6795142359,10.4666035956,10.5116937042,9.9767014690,9.7113474593,9.5972032170,10.8480291968,10.5388035294,10.1251841097,10.6779712765,9.5723196605,10.1880244623,10.0697010516,9.6019728864,10.7883774238,10.7206201920,10.4983562861,10.6485949406,9.7016411989,6.4219934744,10.1410449779,10.7207035599,10.2285560462,10.3991131029,10.7710184037,10.5674628766,9.5734859443,9.6958169640,10.6638688930,9.5421970904,9.5244045021,10.0629424407,10.6681690469,9.4120623359,10.2057237817,10.8262191479,9.7675732200,10.0791424942,10.3851547612,9.8632879190,10.5994021494,10.9097727967,10.1342396465,10.3524956203,10.3704427909,10.5645956912,10.5654682370,10.2220043895,10.8519365174,10.5180743748,10.3097822966,10.2888518903,10.4671383366,10.0945487005,9.9726463097,10.2919312973,10.6394986357,9.7956616050,9.5608307463,10.5572860771,10.5258649899,9.6999301717,10.5697899885,10.3404924374,10.7015329118,9.5471511395,9.4344268984,10.5682128866,9.9054701512,10.5450417073,9.7675229097,10.3147435263,10.4159009122,10.6184625134,10.4570853322,9.7874523467,10.2749848367,10.1685473435,9.5579854820,10.1966042956,10.0177742535,10.0266826753,10.0287620650,10.4647844975,6.4219934744,10.3848637326,9.5544651044,10.5329638239,10.6478720315,10.1400676351,9.8911560761,10.0448478762,10.6422408913,10.3117153783,9.5643697906,10.6158398947,9.9047929567,10.8523517168,10.9384905094,9.9977878308,10.6733014152,10.2029294978,10.3428874564,10.1501806364,9.9631787256,10.2571870887,10.7467019016,9.8017565482,10.3189911805,10.6600737043,10.2031508686,10.7964870977,10.3871425416,10.5897660749,10.7076050392,10.5026146451,10.6533632053,10.6802730044,10.7629116897,10.6521006860,10.3467584682,10.6573265085,10.0605741333,10.2902368966,10.2533535730,9.5434772596,10.6118682595,10.2013609242,10.1026164194,10.6969798350,10.3678178941,10.2140664522,10.7473688987,10.9366458264,10.1115819781,10.3784465995,10.6688969609,10.3132789465,10.0155222479,10.1615415676,10.6333645129,10.3874282869,10.4000700924,10.4826412106,10.2771308830,9.5987729477,10.5932019737,9.8716114789,10.4243582161,10.3635784763,10.0545756867,10.5707982646,9.7204186391,9.8314396436,10.1978954633,10.1806281126,10.4179826479,10.3157458163,9.8669013705,10.7176205651,10.3020628144,10.4414956763,10.2777978362,9.6085406445,9.1918546418,10.5455803709,10.6451851872,10.5710018016,10.5033812523,10.4462024888,10.3505954693,10.4844185509,10.0077908134,10.4424605632,10.4249474862,10.2466317247,9.9623068728,10.4096746219,10.6202968873,10.8981470251,9.6350875181,9.5457325065,10.3729800735,10.4786049535,10.7086616493,10.5289005519,10.1560637077,6.4219934744,10.6295386576,10.4781436025,10.3832375028,10.3137217359,10.5988536813,10.5884511152,10.3492837759,10.2285361991,10.3186863895,10.6955020830,10.2800196757,10.1288817038,9.6559062134,10.5820856753,10.2127933133,10.3686273251,9.5427015885,10.4806034278,6.4219934744,10.4011220835,10.0784861355,10.6842825173,10.7647867868,10.6066708048,10.0301654442,9.7598317679,9.7694646465,10.3559361756,10.2360989838,9.7592629190,9.3726392091,9.8010468941,10.3494474634,9.9953691078,10.1005086268,10.4747540336,10.3048618578,9.5670104171,10.5509475284,9.5131138267,9.8106485044,10.7406827696,10.6247729783,10.6203893533,10.4445473703,9.8420558842,10.2066023928,10.2684992985,9.2820994597,10.9807031839,6.4219934744,10.5859424368,9.6293929968,10.9363777224,10.6483699170,10.7159584913,10.3372601413,10.3719136542,10.4757904682,10.6866396863,10.5538262346,9.6886655432,10.3742041598,10.4707592329,10.4317401225,10.7128716850,10.4824071248,10.3219447290,9.9376623073,10.5410306762,10.4847892058,9.6998321108,9.3896261320,9.8020170215,10.8709421016,9.8120279777,10.4513963095,9.9776726386,10.5946731153,10.3875777850,10.1765009823,9.4767265510,10.4677013924,10.2233660499,9.6536397871,10.5072141870,10.5018340519,9.7177499945,9.5425122523,10.4716530555,10.2739789310,10.7744671258,10.1183237642,10.6108020489,10.8459563381,10.3052143488,10.3974524751,10.0369671524,10.1586029972,10.4071779473,10.3772627906,10.4205130048,10.4785038669,9.6691698964,10.3680076967,10.2784248937,10.4507058622,10.3255356443,10.6263794386,10.7010022678,9.7947602812,9.3866302379,10.5261773315,10.4045611837,9.6267403920,10.1068326329,9.6747337442,9.5019080115,10.6271247708,9.6676298969,10.5249315141,10.5023958139,10.2476862776,10.3418800066,10.4056771022,10.2137406052,10.0205862762,9.4928522618,9.8620155884,10.3825368560,10.4786980590,10.7325023527,10.6588708134,10.9077369336,9.6662547746,10.7999646871,10.3119349748,10.5397177000,9.8884284231,9.5658365203,10.0056552653,10.5930984760,10.5049075176,10.5011659945,10.5537301135,10.3648867091,10.4785086586,9.7703807953,10.5545820341,10.8328543207,9.8857823481,9.3591484339,10.4163804104,9.9254056068,9.9850512983,10.0587594007,10.1215720309,10.5519245249,10.5618041315,9.7305887826,10.9868033019,10.4936558699,10.5344965481,10.3205817536,9.9901131511,10.3451012995,10.4025547375,9.7108644385,10.7495378925,9.7302518135,10.5215430793,10.3562207558,10.4754340245,10.6433527790,9.8928788344,10.8446115659,10.1180073394,9.8799646012,10.6819962919,10.8645508642,9.6492024645,10.3526307484,10.7613188558,10.0358612842,9.9512629154,10.3218465524,10.5727938843,10.6094851842,10.7102460907,10.1724076902,10.4741738188,10.4777506489,10.7025432486,10.5773633529,10.4129971394,9.7030476047,10.8107472235,10.2643495338,9.7007659808,10.2640392548,9.9123827316,10.1810271514,10.7342509973,10.1926688766,10.2779124148,10.1201550187,9.9636608970,9.4220922529,10.2888020943,10.2083065797,10.1443528535,10.0813443677,10.0854423582,10.4446311004,10.0131584219,10.3697611015,6.4219934744,10.2086453982,10.1387845862,10.3858239862,10.5814142811,9.6902507498,10.4488573600,10.3690170600,9.8413935442,10.4378466284,10.4654485278,10.7330358704,10.4910433219,10.5219618009,10.9399249109,10.8396250860,10.4802950100,10.5572281381,10.7175895454,10.3786452755,9.7466063939,10.5859879936,10.0691484602,10.3423703886,10.5356658285,10.4780472895,10.4433606975,10.3871137382,10.3870570605,10.1322322967,10.2985962805,9.8895135468,10.5201531285,10.4160040645,10.2571790928,9.9240946215,10.3247865159,9.5960032977,9.9685604735,10.5190301573,9.7947159194,10.2046450707,10.2810767224,9.8062560458,9.7750608902,9.6694263027,10.3859120244,10.4615769719,10.3218147409,10.4426453252,10.6423188233,10.8522496362,10.5408981581,10.5343290244,9.3432892584,10.1832702076,10.6838359092,10.6307490977,10.0918181949,10.5998364951,9.6921883481,10.5312981981,9.9847228340,9.6588274132,9.7869402759,10.6019336033,10.2533736072,9.7838450814,10.1097093796,10.4880739910,9.8086609349,10.1853303445,10.6245929077,9.8676868664,10.6219202893,10.3001031591,10.2987510629,9.8626758421,6.4219934744,9.6901704641,10.3477525361,10.2490971234,9.8001046163,10.0527774056,10.7936761743,10.7425926454,9.4397134416,10.1181622493,9.7398740671,10.2768972069,10.2979475734,9.7782477181,10.7251856809,10.6438024979,10.2352684521,10.6273794337,10.2033610460,10.4572194703,9.7386378245,10.3974477724
SRY,1.6690191930,6.2799504823,9.5251772507,10.4015651693,10.1361379503,10.2328763377,2.9098394026,9.5298919645,1.2920077760,5.0894146347,3.9358738772,0.0977007792,5.7123495874,9.4785736245,0.3114160379,4.4284767982,0.6520625929,9.6374851936,8.0804858433,10.2744416138,9.5565131482,10.1343140881,5.6220358554,2.0003648839,0.7344298158,10.2764869601,4.3555045879,9.6698456682,2.3460884428,7.6057661185,9.9026597490,4.0217231866,4.9626923415,2.6937958951,9.9093955029,5.0394051890,4.3313898449,10.0669873716,9.5274004014,9.5542966262,10.3298630087,9.9135791663,5.7510705331,0.4610416609,9.0528404258,2.6688387921,4.8227852179,2.2445760274,10.0464764204,2.0796217989,9.6392994377,4.0388395002,5.0501132010,10.0640705315,4.6826209059,9.4445729819,4.5911233349,9.8514165310,4.2725694306,9.2268747067,5.8206747559,4.9780633841,6.0334170583,4.1440489538,4.0867717342,4.9191747392,3.7966148352,4.0242328090,10.0978568959,1.1163927346,9.8457584545,9.9023284066,9.9938504650,3.7074487215,0.0142321536,8.4329407518,6.4219934744,3.1749136567,9.1708637797,0.2718986316,1.7428671006,1.9895068904,9.5404571214,4.6781193738,10.0041260936,4.7644727463,9.5723344252,9.9482588327,3.0522264217,9.9421713453,1.6636649648,10.0402705720,9.4456120684,4.4400310459,9.9268386792,7.6218415132,9.5101045004,4.8062284256,9.8030336843,2.8688447231,0.6167002232,4.2200510492,4.3420213783,10.4212522285,9.5615074590,7.5274700300,6.3485401127,6.0111133575,9.6499153460,5.6680780030,6.2611677164,10.0032683659,5.5106523617,9.8364399457,8.7545338534,2.1929323930,6.6736540362,4.6345607829,2.9624341324,10.1948088397,9.7786751748,9.6398751519,4.3706172933,0.9987718239,3.6860051974,9.7601053729,10.3354266758,3.2080179423,9.6768691691,1.7830589968,9.9590466489,9.7514484156,2.3978124067,4.1114180098,2.3165823418,2.8729207612,1.4333160275,3.6871700778,9.7178827152,1.6792157034,7.6594868594,2.7156511438,5.6119320973,9.7665213430,7.2009071729,4.9327449438,9.9296770876,10.0992547309,10.1741937125,9.7154536708,0.9601974993,9.6012669318,1.5906678907,9.6963131083,9.8149609120,1.0847378478,10.3694033119,10.2384975960,4.8898540195,10.3487082904,9.7677014379,9.9242699487,10.0889230675,5.2122134305,9.8987087500,6.0653978416,10.0181201990,8.1184566834,0.4462036456,3.6425509813,9.3523514581,2.6125475076,10.0797561809,9.9619863023,10.0044314336,9.7003858769,4.2379663365,3.1834656008,10.0077292066,3.8352547786,4.2257927297,2.7900580720,5.7978843643,5.5044261410,9.9702191886,9.9903333303,3.8681920050,10.4510071371,5.9908813341,5.8548956498,3.9191870498,1.8922582910,4.1502124567,1.8609888371,9.9229376072,0.6840870171,9.7448028512,5.1564912051,10.1682818392,9.7289278977,7.5621765144,6.4219934744,4.2495806392,9.3277263240,4.8519455960,8.9050437130,1.9245928112,1.9776662277,5.1444186847,0.0905007060,9.9521806489,9.9329947697,9.5357866795,9.6555990094,3.4042101960,9.4134548965,4.0920523397,9.7399123731,10.0305308728,0.8276664667,5.0229050918,5.9045872430,4.2676374884,5.8261801622,10.3892790774,10.0393863326,8.6644547799,10.3196291813,10.7088757033,1.5910429394,3.7684265915,1.0444502699,5.2126059607,10.1215685497,10.4039762151,3.7063531792,9.6917397996,4.9705812015,9.6943117567,9.8488009482,9.2780729428,6.4219934744,2.5704271588,9.2565134912,3.8781534427,6.8093972679,10.2870315589,5.5736222995,4.9505719350,1.1375429569,9.9131557440,2.2764612389,0.7733511103,2.5593049405,5.6700296903,4.6823202863,5.2031159427,7.2626724352,4.5492500052,9.2101894183,9.6770388253,10.1026925607,4.5982969282,4.5982732440,9.5554428795,2.4496893842,6.5779275072,10.0312567329,2.3902675290,9.6624933779,1.8503167730,9.6922992201,3.4620981927,9.9056272443,10.3799154002,7.3469911292,9.5811539360,4.5136298994,7.9080028959,9.6705250406,5.3438040153,2.0068663498,9.8937893611,6.2187697627,0.9798960956,10.0518951765,9.6990451780,4.4834999548,5.3829756584,6.0142472711,10.1029103446,0.7859813828,8.6016904878,9.9336643814,3.9388250774,6.8989539930,7.0065478037,2.8830263105,4.9705335861,2.8234957957,9.4712734868,9.2853544814,10.1822651832,9.3324711883,10.1382210957,9.9183834321,9.6950192144,9.6490049198,6.5578720263,10.1667102209,6.3399818720,10.0860124696,9.3182913384,10.5727758530,4.9014547095,10.0308779179,0.7294276185,5.1092736631,4.9282489980,9.4359837690,9.9649297719,9.6853442620,3.0670957316,9.5835719044,2.1165314053,1.8995926556,10.6513655178,4.9954374708,10.1634183798,5.8786352374,4.6537711336,2.1243772696,9.1900694773,10.0364355340,1.0705612689,9.9797716147,4.3395597841,10.1520321213,2.3552635967,9.8635087408,2.8429221513,10.1565960755,1.6670138080,0.2341298147,6.7464809605,4.5919708359,9.7002555281,3.1154827416,10.3915235128,6.1985665169,0.3011521244,9.6989892069,3.9883872558,5.6108635528,8.7947041886,4.5361037727,8.8251654189,9.6199152601,6.4219934744,0.7174968724,2.8166012525,1.2842502583,9.5744757654,3.0095659412,9.3535214476,2.5228753058,4.5468806572,9.3556755015,10.3394904109,9.8816003665,9.4061968429,9.8844829046,8.2916285599,2.5214707673,1.6355320620,5.2834923524,1.2524284116,0.2951455824,10.4200780551,4.8543333998,0.0350926460,9.5504090907,5.0633912887,3.0091755151,10.3500539619,10.0794229089,4.2295527063,4.5980984103,2.9138003633,10.3818889154,9.5267590018,2.1858575732,5.5677683615,8.5165721449,0.8180124743,2.3405495571,3.9028315365,9.5047286367,5.0529037007,10.1191187395,9.9385584195,2.3728313120,9.1998903060,9.9893918573,2.4465579053,10.1535028070,3.5185582581,3.5001924774,4.7256775379,5.5186295236,9.3049871175,0.9838536161,9.7240823230,10.2219900004,8.6959810755,1.9383961386,10.1426239577,5.3233505690,4.8663066270,3.0243617261,2.3816439802,2.6029639278,3.0790742181,10.2268878236,3.8102158800,4.7302346319,5.9063921861,3.6591649843,3.7305366060,10.1600366851,3.1571094206,7.0184645031,4.2081297214,9.7547731567,3.6507354480,9.7920151400,10.4325367227,9.5061847279,1.7981167547,6.1741789476,4.4168718358,5.3766385963,3.6672695518,0.6571464472,5.0335819671,10.2177381718,4.7349524172,3.6393385138,0.8478338230,2.6329648027,0.6976382937,9.6769555804,9.8507326664,1.1456909122,10.4755358019,10.3521054777,9.9435190764,4.3913857173,9.4375161356,4.9905763207,2.3576233278,10.1421045297,9.4288349364,9.5815331538,0.3373648870,9.5455490524,3.9130115864,10.0985568162,5.5085514671,0.1382219329,7.9163894240,6.7566018464,9.8669458090,10.3535729744,9.8513609166,1.3060900102,3.6318653817,9.3936585049,0.2373037190,1.5722014489,4.4443405946,4.3513963785,4.4029899918,9.3731973666,9.3759289587,9.2260144894,4.9595681077,9.6734342790,9.7732635014,4.4798949632,6.6697281372,3.3920788819,9.7410779858,10.3338111670,8.1819240671,3.8866781990,6.4219934744,9.0068591460,1.3077600914,5.0916090339,3.2652577319,2.0442144382,10.0088294611,4.8299202968,9.5211649813,9.2047116184,2.4788438872,3.8244136350,10.4166073508,3.4961160175,7.2169077300,4.9146514163,3.4597375418,5.6524730904,1.9092207155,10.6268617715,9.9513140344,10.1639619345,9.5758346557,10.3142078497,9.4742403410,5.0880015108,9.8582991557,9.9636545373,2.9682128748,5.4319421128,10.0049169921,7.6716404154,7.2244631093,6.1915748841,10.0799957734,5.2190414798,9.4487437642,10.3874376162,10.1209483626,5.1130903984,9.8931344305,8.4616965115,3.7025205733,10.1604574414,10.3712389425,8.5684419500,5.8644382847,2.0785666179,5.1427770273,9.0947691022,5.5853468063,10.1112625346,4.4123976564,1.5609034335,2.8301750678,6.4219934744,10.0055561588,2.5882249129,6.4219934744,10.0468573170,9.9043861798,9.9990541663,3.9584648452,3.4057972551,2.5014722408,2.3182632109,5.5719180076,8.1895582676,9.4855193252,1.2349919085,1.3503441993,3.8560376370,9.3657821748,9.3226857989,0.3037601920,3.4056730315,9.4114208321,10.6138668261,3.9943946062,9.8437534730,10.2743644055,0.8458967678,10.4003550249,3.7989558963,10.1145853298,3.9985246870,10.2005222119,5.9054026003,4.4375786361,6.4219934744,9.7725409775,10.0715334702,9.4837628569,2.8648481611,9.9207359092,9.7708954897,9.6103750997,9.8816463178,9.9456983469,2.2807891867,10.8977285836,5.5465208160,10.1743654456,4.2588369213,4.0148204002,2.0571237937,6.0264379465,2.8219173014,9.8951734214,1.9163232220,3.0229164324,10.0036027626,10.1027141630,5.3163153347,9.7485846305,10.1915222812,1.0493590082,4.4429275513,0.6073309880,2.6478153993,9.7642140628,9.5130577652,5.1465083134,1.5904826236,1.0433901056,9.8859910064,3.4898903204,10.0026593369,3.9878581956,2.3329274121,10.2801728972,1.0328733331,2.8514361311,3.8897309527,5.0278889202,2.6881016739,10.2510694013,8.7333606218,2.8704600795,10.0408888710,1.5202479677,3.9497421937,4.5043572346,5.1017740599,4.7224746444,0.8398188731,1.7727404304,10.0664233398,9.1721544183,1.1237116205,3.9655732587,10.4045304111,1.4702486122,3.3271102572,10.0761287439,2.0069397908,0.7456795974,9.9624931765,1.3051283949,1.3349860205,9.8530113234,2.3756499358,2.9062108140,9.5216093096,4.4510795876,9.5476589077,3.4051359429,10.1001539506,9.1133214928,3.5820736015,8.9334494357,10.0817225449,9.8899648774,0.4827830493,9.6020686033,1.7588011211,9.3661875584,5.9259242193,10.4196892054,10.5737014180,1.6477594848,4.6749112445,9.3435760239,4.4424268456,0.7499310391,9.7876354955,9.6327931735,9.7305329184,3.5846610820,9.3481322894,10.0892521835,1.4737163680,5.2450311617,3.8785321431,3.8931013505,9.8333113198,10.1035486519,10.1018174147,3.3463701823,3.9136796205,3.7148614933,10.6118716532,10.0564090687,9.4908996986,9.2458615426,10.2351774424,7.4881550547,9.7267483950,1.7093064660,10.0011655389,4.6692796735,1.9761018612,8.4812913909,10.2172615574,4.0792112276,10.1467606630,2.8783803147,1.8271586302,4.8240754987,9.8868423569,9.7512351901,9.2052497512,9.9667477451,9.7857483481,1.3422385930,3.5609143707,9.4606511817,9.4168287814,10.4065129142,3.5361887891,6.9099930671,0.6117787356,8.9384328515,6.9342748768,9.3396257692,2.5873008433,7.2038501208,9.6903819699,10.3810575744,9.9531746815,9.9851494791,9.8918427799,10.1833304690,9.4895518493,9.9855402044,4.4783777017,2.1471372136,0.1417556419,6.0535836718,4.6963365777,5.6006967651,2.3786539781,1.0765796618,9.4411254178,10.0538780799,2.6399048376,10.0200224589,10.0597183600,10.1907935952,3.0064476009,9.6799034372,1.6310043070,6.4219934744,4.1726516461,7.0204849819,5.4782102415,0.2192060824,9.1482097501,7.2729872653,1.4234806140,5.2615564553,6.7845425438,4.6352461950,3.8188290022,10.0100184382,0.7966086815,10.1721629431,4.1298575660,10.2974354495,3.0829274041,3.4571790942,9.6835699841,9.8678169431,9.7938150255,9.3843560814,10.6062991149,1.9796323184,2.4556373304,4.4967356784,9.6501267192,9.6163515130,9.6000325653,2.7027633698,2.4049186228,9.8427773396,2.3594912243,3.5905587070,6.4219934744,2.4019541645,2.4838770274,9.7571814024,10.2410499771,9.7346487625,9.4862894959,3.1049335187,9.5654110832,5.9216964790,9.6225803181,2.0560485725,1.8694261648,10.0743840573,9.6348462157,2.4373478010,9.4372166601,2.1154788420,3.6493282373,10.5297613809,4.3185347354,8.3435227888,3.1422196461,5.7956150514,4.5894603829,5.9216251779,2.1684787754,9.2088439616,3.1205726806,3.9184889272,4.7966316255,5.3952507963,0.8917660391,3.1242166618,10.0400396141,1.7885757708,2.7096472579,6.1378979600,9.6270272696,6.8830910599,9.4655510454,9.9394619394,1.6908353989,8.9612054634,0.5338333281,9.5664339485,2.2436603962,5.9764100055,6.0922649488,4.0037245855,8.9996137524,9.8856338309,9.8817002560,7.1203341778,9.3799730877,3.1594916840,10.2932578384,1.7597270071,9.9254628602,9.6545749487,5.4032913960,4.0870712404,3.3650672555,9.9092958884,9.4055436127,1.2284383145,5.0731357037,0.1753991113,5.3616474754,1.4953967461,3.7319494991,8.7209010556,9.8465515921,6.6307760063,9.4358893935,9.7173117916,9.4402073539,0.7321378469,9.5112210225,9.4636503599,3.2972163488,5.8520122050,10.0551129327,6.2833729627,2.1871573018,3.9268167531,6.3450256671,3.6048185784,9.9583402387,9.8636414121,5.3131277176,9.7360723418,4.3812545902,5.2704881624,2.2966311712,2.9144814855,2.6722712248,9.6862608331,10.2211301902,10.0467411425,3.6339102540,3.3223943499,3.2389558457,7.2745583924,1.8890744753,8.6325281320,5.3524849761,10.1203940823,1.7602728139,6.4219934744,10.4518458130,0.1718279218,9.7416191500,5.9306471235,8.4640024418,4.5666214572,4.0081483553,9.7942809225,10.1873963785,9.3098991614,9.6331216256,4.1023669475,9.7317358950,10.2319429423,9.6329284539,9.6464887489,9.4487804787,9.5948668877,9.5390977288,1.6557594920,10.1014466537,10.0212906313,0.7926102941,10.3698435125,9.9959494021,5.1723887100,6.4219934744,9.6758823135,6.1001041403,2.3575399841,8.6914628952,9.7618381322,9.8436255451,9.9972654707,10.0984697257,3.7428711984,7.4075290047,5.1410441779,3.1687911550,9.8289243635,2.6200554260,9.4983508327,4.7145267602,2.4421521039,3.7102673445,6.4219934744,10.2119330531,0.3348253468,10.7009431310,4.6334789067,9.2607423879,4.6310857033,9.9670760526,10.5702947576,10.5523942244,10.2849981653,3.3924790798,9.8557219813,2.1369182308,8.9536415588,5.3263172109,0.0670519954,9.7903966243,10.1349356798,2.1673489226,3.0629270176,10.1592529746,9.9490505809,3.2164788408,9.7726644020,2.9890467690,5.9961246458,1.3187720496,6.8844989295,3.8287955102,5.5527797786,8.3706648190,2.0795118716,9.7588451491,9.7053377290,10.3353352648,6.0540379292,9.7472536833,9.8436350253,5.3455727244,9.5798133991,3.3046595699,2.3168937834,2.0196617148,1.0760415753,5.0346058686,1.4371627777,3.4808281093,7.5672709821,5.7991389147,9.2697440603,8.8872984841,9.2606238082,2.0448424035,3.6873042060,2.5053094678,9.1150610991,2.3898190292,4.6118242851,4.4207742893,9.5832646073,1.0760028696,6.4217149224,3.3426498910,0.2729297706,3.4186386341,8.0983873240,5.4716193445,9.4750448247,9.4778956961,9.4534330904,4.4232817857,10.3552724795,9.5380166224,9.5912096046,7.2319718548,10.3162607062,5.0432664478,3.5370658074,10.1602763891,4.6800344249,4.4595379897,9.7245650186,10.1482984729,9.7777464707,9.6470513660,2.9042390889,6.4069854634,9.6688651800,4.4948995349,2.9505301298,1.2280732496,10.3707257695,10.0036213563,10.0071694035,3.1289046672,0.4131121151,9.3759958713,3.7018100153,4.9156026892,1.1213358413,7.1420798638,9.6566738336,9.9822662033,3.9345160225,5.2437416741,9.2464442535,0.9911349360,3.0358799257,2.4097524221,2.2139915638,7.9003943388,9.4915851786,9.6830660363,9.8925714882,9.7268248985,3.8589758982,4.2606066081,0.9399176505,9.6592680174,4.1297849302,0.0910619641,3.9081299641,1.5732718375,9.8003880959,1.9766328374,2.4417493501,3.9448849498,8.2481871426,10.0469053169,2.9569547954,2.5995378272,9.2504205975,4.0226981152,8.5745521432,5.4437375035,4.2247385324,8.9361100414,10.3159922365,9.5721467822,9.8964819295,9.1629150578,2.9918069484,9.8896624005,7.8156182519,3.5041700013,5.1758894400,1.4927909283,9.3506031590,3.6798648172,3.9050913007,8.3411691794,9.5955328198,9.7192873511,6.0369498602,10.2700185663,5.3749277544,3.2482323538,9.5892989005,1.5582818702,3.9013724010,9.7579268233,4.3411046294,8.1827283953,10.3057383144,0.6607456365,9.8175458211,6.4219934744,10.1213545681,4.2087750198,9.4355554378,4.0236302446,4.3064563780,5.3587102582,9.6727847877,9.6091902219,2.6685144885,9.8861046239,9.8823661537,2.8974433723,3.0048826563,10.1515315832,10.3852424416,3.9577900311,9.7955259322,10.0854992800,4.3031688697,9.4285241576,5.0691463714,7.2667460964,4.6595465467,9.5448407551,0.3302558071,1.9975323363,6.8497211597,4.0866788156,5.0750181011,1.8858473445,5.7100406986,1.9639044728,3.1586157208,9.7679219936,10.2257106884,9.7053663360,9.4688595842,10.0920100908,9.7833638178,0.8072641798,8.6968234287,9.8313749073,7.2052137112,9.8709457575,6.2933249950,9.3465128848,9.7820889617,10.4449955327,9.7475110994,10.1626720711,9.5565426230,4.4961050202,4.2065688938,5.5661211668,4.0091902073,9.8181552966,1.0052166739,8.4845715086,10.0036023510,10.1603396239,5.5843453372,9.5293507277,9.8972653420,2.9026321800,6.4219934744,2.5795876977,9.6733870074,10.2125826534,4.1227386373,9.6924433830,9.7012590358,3.2293252161,1.2807530774,2.9098235292,9.7842369069,4.0394066792,9.8100095441,6.4044030605,0.7520396014,9.9154184792,5.0694330665,10.1015251538,3.7206795821,4.6076943398,9.6079647624,1.7644608675,2.2619760379,9.9041279694,1.6444873551,1.5626779978,6.1631196629,2.9963456400,0.8046877438,1.2256516193,5.5765730919,2.4563236994,3.5493165135,3.1853566127,6.4242633026,4.9736236470,7.0595269548,4.2503733086,10.3476064311,8.5199523874,1.7330230505,9.4147732878,2.5647622328,9.8002604129,9.9922541656,2.8535814754,4.0707646035,1.4606151708,6.1974966453,6.9067861163,10.2236826431,2.4254295492,3.9552042355,9.0860282208,1.9421705813,6.0047892102,5.9703845419,2.4520788097,0.7526926551,0.8121958144,1.0838360761,10.2431028818,3.0999384175,9.7315224555,1.8585032110,7.5017040846,10.4658997385,3.8329433600,9.3980279364,9.7093657197,5.4737059817,10.0140384545,3.5826877325,2.2063596961,9.7771708805,4.4601041149,1.1416262301,0.8887393454,0.8663507080,9.4312744654,9.2980753987,5.4030595555,3.6919755866,4.4567248383,5.9587848230,10.0853249903,1.5829424796,4.4124171203,4.5695209495,2.8027083073,3.3868901732,1.3341171783,10.2136806005,10.1570434719,4.3418515890,7.7937527038,9.5504628215,9.7093094444,4.3245391161,2.8169549462,8.4249892187,4.2207135506,7.9406260228,6.4219934744,9.8823344042,0.2179697052,3.8675658979,3.6392274014,1.5235630005,3.7408521299,2.4310199111,10.1435164738,10.2371270440,8.4440719422,3.5532300333,2.9728167536,9.7936191183,3.4531070368,0.1928963034,9.9360331838,9.4184709814,4.9959960276,6.4219934744,6.7479740368,9.1510594334,4.5948418290,5.1669788877,10.5475330592,3.6954128992,9.5847269468,2.3493853793,9.3049099707,10.3301088143,9.7069017703,9.4494611887,9.6701556230,3.4669029197,9.4540620839,9.6887760211,10.2416706638,1.8114986240,9.7680317374,2.1808149731,9.7122396282,9.8698584052,6.4315604998,2.1919037766,3.7339200192,4.1694972306,9.6453945765,0.7914232859,10.0477767249,9.4284668591,6.7363519271,6.4219934744,3.4632590069,9.9636989871,3.9446336830,1.6662959915,8.9271717329,9.7513424836,5.5690937594,10.6274952675,4.9717773715,4.6244285740,9.3551414205,4.6146856265,3.5252015880,9.8591145350,3.5649651900,1.7110189690,0.3160478130,7.5465050495,8.2044857596,2.2128838308,9.6213275523,9.7606968252,9.7191402589,0.1293235287,10.0359396369,8.0807716912,1.4887044055,1.5145779673,2.9421120174,9.8585454074,9.7498858369,8.0863547498,10.0816697477,9.9936722126,3.7183664028,10.3622608650,10.1078262260,9.3545925553,0.9621357602,3.8318792802,3.8564327943,9.9012630451,5.4125038327,4.7834866555,5.9680223867,2.6848323146,10.1089821835,9.9800307985,5.6579879436,2.1317518566,5.2368559460,9.6765343992,9.7298905377,8.0237493020,6.1816324138,5.2814222397,5.3088916662,4.9226365601,2.2162001332,10.0422427299,9.4810521674,3.4611378224,2.2873655924,9.9757026530,10.0854865374,9.2655809661,10.1974836519,0.5784070182,9.4456764975,10.4602964029,4.8122440137,3.9491075921,10.5529625326,4.8818399806,1.2081434291,9.3111870578,10.0666745977,9.4736955412,9.9450968876,3.2059233323,5.1123238919,1.2372501004,3.9880343068,9.4651441713,0.2305710575,10.5360909822,3.6505760486,9.8731748063,9.5672260455,9.8796340511,4.8173629038,3.2788563272,2.9737132369,5.0160967745,9.8887818406,8.2022182575,9.8960100892,9.8668114902,5.6803993455,9.6403639771,9.7486965326,3.6064758330,9.9407748228,9.6975824205,4.7411419831,6.0250396290,4.1132654762,7.9969451061,9.8580369187,4.8291055336,10.1504273474,3.0592010027,8.6538220368,10.3868913484,10.1856867608,3.8091246566,9.7198437270,2.2657552070,9.6141466385,3.4777294421,1.1531768270,1.2081182700,3.3944022290,9.8476000702,4.0756701950,10.1137538064,9.4893650101,5.2860130359,7.6130194511,9.6439374534,1.2469882705,2.7786911971,9.9599521035,9.9711155779,0.0201603316,7.2092970628,2.3472089553,4.2322379779,4.2311015331,9.1855709808,10.1454455822,3.0215635649,3.6831100143,8.9758226387,9.5176802801,4.2773296936,4.3784156500,9.3693795261,10.1121119932,10.1970943134,9.3824004307,3.7699820934,10.4351294042,9.9671754176,8.8865410076,9.8422520451,9.8054304337,9.8780312249,10.0500492436,9.9274544862,10.1167487987,0.5018023761,3.7787227322,9.5553648055,6.5269572375,6.4219934744,4.4741789919,10.0366200111,5.4424528486,2.4713175709,9.3752195092,10.3647761666,4.6696164231,9.3902999450,5.6420657252,5.7229643667,1.3378765518,3.6652925088,5.1785139153,2.7872513131,2.3000368955,10.3841605370,4.9286284977,1.1437113122,1.4741751600,10.3069899885,4.5818687501,10.1511141656,5.0428002646,1.1783230657,9.2100994987,5.1542371886,7.2661759213,0.7657555864,3.7033095606,7.9176356371,5.2489231372,1.6761403352,2.6180272452,10.2269889217,9.3860991531,0.4238444939,9.7338453705,9.9432009226,1.1835632644,10.1654219216,4.0311505440,5.2363141030,6.7520499975,9.9512987766,9.6984204109,0.2133071629,5.6787240658,5.0249249163,2.6456315553,1.7096060880,2.8413339471,3.2291379029,3.3676410969,9.6676903983,4.1602837706,2.4097874892,4.0810251394,9.6782643285,4.2395121706,9.7473223411,6.6854277876,9.6615946845,9.8821643647,4.2506357208,2.0607077251,5.6070931794,9.5767840922,1.2393467358,1.3784247831,9.8685849219,9.6067402390,10.1812009818,9.5640728756,7.1750519159,2.9743148322,10.1407815466,10.1170388513,6.4219934744,10.1048406509,2.2263169241,10.3271311916,10.1994808955,9.8532682076,2.2876562038,6.6648619184,9.8011479100,10.0618473169,9.5327514773,2.6223026951,4.1042088903,9.4614513783,3.5912726104,4.9533415386,9.9862574589,2.0830598570,4.3160915985,2.6495809022,10.0964883186,10.0684737868
DKK1,5.0067772884,1.4002697358,9.8592202605,9.4363382522,9.4500201792,10.1274518432,0.2072393101,9.9846325643,3.9906773384,4.3179071243,3.0613884946,4.2315161306,4.7837574581,9.6726434270,4.9988403837,5.6000345262,5.9682066441,10.1597371590,5.9494417787,10.0510313105,9.6689601348,9.7816903256,5.6513077723,0.5260110313,3.6806425507,10.2720777628,2.8815334024,9.8026626244,4.5040811444,2.9695187913,9.8684612486,3.3547914399,5.0695743051,3.3309384116,9.2435955621,1.2628167309,4.8586547521,9.6621003220,9.5108090840,8.7209566486,10.4984655350,10.0084527220,4.2802982916,2.7125122052,6.2974127195,2.3056036417,1.5790120695,2.9437384128,9.7045856863,4.9673810102,4.7103380149,1.3533591955,1.8002937531,10.2073446338,1.5109292986,9.9122009914,3.0093454174,10.1496035995,1.7745906609,4.1173482788,1.5720975268,5.5512872046,2.7805430595,3.0130710199,5.3333820227,3.1636810636,3.7057514000,4.1601262080,9.9598327695,0.7160897612,10.0064643874,9.2931135589,9.5802823927,2.8623470735,0.2250341067,2.5588576670,6.4219934744,0.8574553184,7.4637808352,2.5617524101,2.1431121084,2.9349853616,9.6961870756,3.5216973362,2.3746221244,1.6939986101,9.5451102873,10.3673177451,0.3587437744,9.9954969286,4.9740085395,9.6002218731,2.8543517904,1.3956265921,4.5722173749,4.4354937319,9.9748824460,4.1834414180,9.3051039561,0.2424617390,1.7207579212,2.0529137791,2.4074413515,9.9523321821,9.6922787373,5.3522309734,6.0364488844,2.6260060310,3.8878232759,1.1084969225,1.5038824341,9.2487157885,3.6547039624,10.1056667233,9.5323490028,2.6477104149,8.4295563123,3.2138805364,0.9945718233,10.2398225815,9.5505587529,6.2051686112,3.6401858754,1.2866820156,0.8079168460,10.1738959755,10.3705167853,0.7676108493,9.7735494368,1.7834988878,5.0078472386,9.4704763215,3.8531414729,1.8746091588,4.4674799482,0.6705102047,6.2572269306,5.0868285680,9.3310678261,4.3857300174,2.1080378840,4.3122257129,2.5458174243,9.8175042845,1.9033681103,4.6609459015,9.6426879247,6.7303912141,10.1635583584,9.4230925975,1.2012298761,10.0246898808,0.3413161694,9.7540428057,10.0638713366,5.1759897893,9.1112329495,3.8146669269,2.9118250164,10.4658905140,9.7363856721,10.2912600602,9.8373722987,2.1909673151,10.0267158895,4.3823345120,9.7398356412,3.4811634776,2.4749908786,1.0656126398,9.7198407264,2.0777027430,9.9922250687,9.9991709421,10.6418766112,9.9540114734,0.3897720807,3.9931109148,10.1506232274,4.8597410761,3.5618733463,4.4511031429,6.3911901266,4.4705098567,9.6702509512,9.2543045098,1.9110922525,10.4693795753,4.8790273636,5.8369044503,1.9145495530,2.6119054209,5.0569225227,4.0841449824,9.4990496601,1.8543789761,4.4611800187,3.1403846745,10.0956587743,10.4708404815,3.3516989424,6.4219934744,2.1191204260,9.7336537761,1.3106633396,4.4281090672,2.1584615968,3.5649319038,5.6339133325,3.6369484149,9.3885500397,9.4821114301,9.6936221729,9.8709288642,2.2211694553,9.9597890888,4.7110369737,9.9577135588,9.9680732784,2.0723342366,2.5418337897,6.6227101728,1.9733448200,2.7117472487,9.7748674342,9.4161714457,4.5513173370,10.3137194142,3.9363111574,4.9560319966,6.1341158433,4.2138499419,1.5946325477,4.6152413812,10.0659005427,4.7325965736,10.0353946664,4.0896448615,10.0399425902,10.0363667349,5.2765599243,6.4219934744,1.6607476754,9.7146664365,3.6582100471,1.6485031161,9.6279119339,3.9658956771,4.4635673339,4.7525633921,9.4067472327,3.2517299165,0.7317207256,5.9363045908,3.3813923740,3.4003840702,0.3534905161,4.2515956420,3.5028034209,9.9215124208,9.7329765249,9.5933902615,5.7922758347,3.9054359641,9.7981279670,1.7931369836,2.9360187524,3.1553298500,2.5733569071,8.7526489836,3.9921132717,9.4827265874,3.3472179415,9.5794897728,10.2285279846,1.1077219365,9.2156699033,4.9600004334,0.4495458660,9.7748820455,0.9040491119,4.6021172040,9.4667745660,3.0116085336,3.6729480229,9.7526408056,9.8363978170,4.0875978384,2.7514855926,3.1451306106,9.9282837825,3.1699755391,9.2467265085,9.6403329766,1.5450984625,5.5273146855,3.4598858771,3.7891963274,0.0901065396,1.3759854738,9.5599533265,9.7989191701,10.6666916683,4.3243280741,2.7009080407,1.3360563274,9.6816455492,9.8252640010,3.5497961516,10.1639251685,6.6493235109,4.8158728386,1.8666657043,1.0536142117,3.6999417489,10.1791651093,2.8592935375,5.1438489061,0.8165299652,3.8719456142,9.8202688390,9.6875649947,4.2858398431,10.0608003432,3.3220811650,4.6769257334,10.0432308642,4.0419795409,10.2417924378,3.3044051991,0.7490882050,6.1101785025,9.3893518310,9.6798576458,1.5798549209,10.0253667359,5.8418806052,6.9343059500,3.5572460987,9.3142828118,3.1112475801,10.0311411802,2.0065876282,3.1311299970,4.1855954833,1.5844410559,9.3083182981,6.7808473886,5.5996959905,5.2598990604,3.7399778523,10.1426170361,4.3487136828,3.5022935180,2.7865928467,4.3264459054,10.0803244314,9.5699385437,6.4219934744,1.4509039052,1.3366369290,0.7002918909,9.7739986153,1.3960478540,9.8706824208,2.2937730798,4.7404206427,9.4327661774,10.4811836001,9.6217469322,9.8209549015,8.3617985668,1.1442125020,1.6176085469,3.2429946566,2.4126472287,4.1473261124,2.4241122728,10.2099306196,3.0617361608,2.9958908738,9.8824998052,5.4142293069,1.9238543143,10.1817143037,10.2443250562,4.9431436124,3.5368145788,2.4513128164,9.7362689596,9.7604172742,4.9282621354,4.5138765304,6.7830577679,3.9840396302,6.4522160153,3.7464850844,9.8871083381,3.8348161464,10.2446268805,9.7897440742,3.8024755878,9.8984489089,9.6862794726,1.4445530042,10.3826506374,3.6435871002,1.1809488995,2.8154825958,3.5917189072,3.8333090334,4.8465506633,2.2087939567,10.1762609519,8.4060213987,1.6951706585,8.3017275654,1.9685227855,3.4848304982,3.5809679140,2.9522149276,0.3856771507,4.8338410802,10.3416812936,6.0835907247,3.7868742142,4.6324474919,3.0014489104,3.5568829016,10.3069676409,2.9528431447,3.8015781959,5.1499481279,9.7924473786,0.9701845383,9.4827981273,10.5408529417,3.7538357594,4.4470567166,0.9176017417,0.6710509851,1.8602592263,1.4133069942,5.8717688793,2.3133820248,9.8303743387,5.3790366659,6.0867556871,6.7171820089,2.0893986381,0.7690286518,10.0393834770,7.6481616746,2.7654966223,10.1984989676,10.6287070169,9.5929972041,1.5110580843,10.0449648110,2.3745432820,1.9920113610,10.1829932698,9.9503775638,9.2925161860,2.1703567897,8.1972133345,0.2027736961,0.7338326299,0.9232391472,3.4461936079,3.4774134058,4.0612324233,9.5055488992,3.9229213765,9.7678715965,3.9198505995,4.2788265121,9.5687303878,4.1484268588,0.5348226403,2.8619196568,1.7696243452,2.2586710935,5.6448859990,8.8740709078,1.5227877076,3.8353240207,9.4465000192,9.5933727992,4.1967631672,8.1796453541,4.8469354889,9.7905608786,10.1608311386,3.1769760002,4.9556131379,6.4219934744,5.8094058887,3.1721333642,4.3400212204,4.8611626147,1.8118542217,4.9919638578,4.8602986089,2.0816449599,2.0052293077,1.9764374618,0.8358331340,4.9370256097,1.2000889556,3.8457194559,0.6579025082,2.9589669045,3.9283144640,0.0900186305,10.1911898202,8.7576728171,10.4227115187,0.5052731159,5.2290601524,9.9364019454,2.6771064827,9.9208173554,10.2837025949,2.5496092307,5.5177404273,6.9285026948,1.4486663143,4.1905908705,5.3359597751,3.9355705060,4.6876517035,9.7836287284,9.9109698443,10.1014714823,0.5068637404,9.8404074131,3.4983868805,1.7372142686,0.7444350122,9.6223036526,4.0789461710,2.2638811758,4.2029377336,2.2460137449,9.5486193889,7.2457437983,9.9431285983,0.2518831703,2.0901112565,2.7057988108,6.4219934744,9.6788490849,3.6438537529,6.4219934744,5.8633236715,4.8481593326,10.0929502672,3.7233995536,5.0792630532,2.4558561372,3.1089668755,3.1557677516,7.8739623846,9.6940343011,4.7517062930,5.3670264827,2.8040597482,9.5893942230,2.4583113097,3.2990662861,4.5842469360,8.4177356687,9.8972463424,2.3351455123,10.1004954617,9.9107655201,4.2761770039,2.5413828197,6.5471221673,4.1486142199,0.2062481215,9.9230746536,3.8226737401,6.9858357434,6.4219934744,9.8122020313,9.8212413068,9.7045290474,4.6751398641,9.8098310908,9.8286066964,9.3673253912,9.2759558888,10.2304441994,3.7864362467,10.1144345262,5.1455153773,9.9077480684,3.3077138147,2.5237984853,4.3136601279,2.3299603816,2.9935235295,9.8499764428,0.9211086060,2.4711651603,9.6271354074,10.0247763824,0.5112286272,9.3467591804,9.6561713312,4.5722783789,2.3250399055,2.8358261153,5.7719750510,10.1931728424,9.7108827885,3.7787501724,3.1553120703,1.4181549796,9.2793472300,0.4499525002,9.4396130411,0.4876635086,5.8743244359,2.9287049657,1.1785146045,3.7270164709,3.8524691342,2.3032722283,0.7042183397,10.4585250704,2.8352963498,1.0836964579,9.9403048123,2.6502665765,1.8830167137,2.6073656057,4.0745253206,3.1336342752,3.6226284112,0.9368089328,9.8789487109,5.2425003099,2.8813519592,3.4283258186,6.7869663487,2.6058246567,5.4217640414,9.8012489112,3.4630419193,1.7203420130,9.3293460090,2.5642319478,5.8343176247,10.0003225272,4.0063266835,2.2390761227,9.5387714301,3.0592037901,9.8051685888,1.2767828972,10.0160565776,9.4063037566,3.5565861528,1.1765316939,9.7255224507,9.8751131859,3.0068176577,9.6581123966,4.9871432128,9.7734248122,3.5770806984,9.1936685423,10.2751107354,3.3192674085,0.8043225427,3.0496041880,3.0121956080,1.1472413597,5.0300309723,2.2995316018,9.5346138048,5.4637961647,4.7940951896,10.7244294902,3.4909442475,3.6868090059,1.0174248519,3.4131763325,9.7850083131,10.0614342181,8.9848657698,5.5602340317,2.6333574280,3.7765281191,10.4356410916,7.9646555422,4.3755762381,9.2289565314,9.6398234641,0.3094423606,2.4396947113,3.9507044347,9.7211346271,1.4755200825,5.9197222707,3.8684899348,10.5109156841,1.2549187505,10.3711899938,5.4092818252,4.1994774784,6.4324772860,10.0968936003,10.1046858320,9.6936205865,9.4558381331,4.7811967267,3.7102346130,3.2723038202,9.5408358793,9.5225039410,9.5398284740,1.4814761156,2.1951159648,5.0959311748,2.1698662899,1.6073569255,9.7474725917,4.4907019291,4.2605766974,9.9159164803,10.4665060703,10.4555409447,10.0480809273,9.8553456881,9.9630019249,9.8724417247,9.7493765580,1.2151285157,3.4668380565,6.9989887748,4.8670428160,3.6714220545,3.8087481890,5.0605916084,1.9575104246,9.8588978683,9.6692041772,3.6154076959,9.2644335004,9.3945916415,6.0041170797,0.7830317896,9.8778368960,4.6137773481,6.4219934744,2.4725705128,2.6289010762,3.1722394325,0.8136323215,4.2862024100,3.4736134197,2.4370925153,3.7927804819,2.6760777126,0.7380831046,1.3545077224,9.6628162881,5.1447557458,10.3286013718,4.3669593891,9.9409041792,5.5144561114,5.6836449753,9.9422009636,10.0208127918,9.5901710021,10.1321180179,10.3937832947,4.5739767546,2.0623941846,4.2491568759,9.5488020552,9.4098765849,9.7176280473,0.3513226172,2.4135598577,9.9600092825,2.9215649116,3.0357630332,6.4219934744,0.4321778172,4.0868500447,9.4832392907,10.3131500912,9.5748100749,9.7300345832,4.0660089318,9.5974774664,4.2783553478,9.3397472370,1.7251053462,4.4301454034,9.7195808244,9.6638905452,5.3566543980,9.7576875760,2.9767451063,4.1921683070,6.3381986172,1.2876175543,4.6697523245,0.0133410235,3.0691018623,2.6143395472,4.0379560862,3.7662680046,9.9713827183,3.1285381699,4.8723868380,5.5575169927,1.9963772303,3.6823054354,3.7509389745,9.9575828645,2.7319595608,5.9806231630,2.3487198877,9.5621222503,1.0540909782,9.6808867780,10.0444957427,1.4339339778,2.9584724599,4.7417039796,8.5357784039,4.3486097365,5.1329184802,3.4971385129,1.4253653879,0.7408489463,9.9009094890,10.8619909122,6.7647252955,9.7923341718,4.1625283421,8.6606662823,3.8203373574,9.8249986740,9.5410101675,6.4597423526,4.0035653216,1.4962379045,9.7556096147,8.2053395951,0.5694449128,0.8710559196,0.9928394335,3.9881029453,3.6797189707,3.8034827920,4.2681734175,9.8116317988,2.6846306935,6.2096879071,10.0445404315,9.6068888183,1.3741022080,9.8452619746,10.0553263896,3.6044821137,4.0539451689,9.6775868863,2.5404193852,3.1068351763,5.8016110830,1.3012183848,7.1715682214,9.9599682126,10.0070119884,2.7271461814,5.2878383478,4.1285773133,1.4757915954,1.3161857769,4.3183550060,1.5786947100,9.6701266258,9.9366718623,9.7196349179,4.1085920461,3.5132692272,1.7214515896,5.9862041893,3.5997989525,0.6041897811,5.8775001351,9.4227271120,5.0183421025,6.4219934744,10.0310813338,0.1757775820,10.0713540873,1.3199164155,1.2006018667,2.8827851815,4.7853248462,3.8240123513,3.4713576379,8.4399178160,9.7082171920,3.5923202162,9.3861861674,4.8091774108,0.5529786560,9.6409455515,9.8045347409,3.0132757511,9.6790032415,3.9336121538,10.3500986417,9.7642890425,5.4816863585,9.7672220032,9.9706664346,2.1425950103,6.4219934744,9.6893954332,3.1450862339,2.2209578573,1.2232758300,9.3907130893,10.1432596807,2.7966169796,9.5088475934,4.9021622686,6.2604727973,4.6088935071,4.6864396616,10.0373146706,3.9758084406,3.3944275870,1.0407374839,0.9218276344,0.1399634519,6.4219934744,10.2204972175,3.0419867804,10.4143106551,2.2386372706,3.7935446984,6.0613645557,9.7154051088,10.3457961391,7.8540112996,7.3512717424,1.7205997634,9.9874244720,3.5628303776,4.1799765789,6.0456817870,6.7645085700,9.8089201315,9.2675741502,5.2986777244,3.3670541879,10.2032349897,9.9099597489,2.5508415935,4.9278703313,1.3333664853,3.9559071505,3.7292015707,5.7798502141,3.9056874854,4.2387297728,5.0732613164,1.7287773307,9.3854040682,3.9063776841,10.1916623173,3.3165882378,9.5527875828,4.2674811082,4.9807853059,3.1032502710,1.2691609398,2.1109653622,0.7229697436,3.4025980173,4.8004158025,4.9555408221,1.4341260605,1.1414555748,1.4436231997,9.7524369433,4.0249448254,6.1926641795,0.2070170855,2.4049335745,4.6729453418,9.9871784765,1.8672248143,3.9596960287,3.3015320068,9.8869841143,0.5583400344,2.2864681751,5.5719501467,2.0064360449,0.8790740834,5.0481528765,4.8968738994,9.7568967015,9.9056487053,9.9985962930,2.8207036185,10.4055272273,9.8603213950,9.5235823296,0.3920109745,2.6835256206,6.7461881787,3.3887915098,3.8171235065,6.4153106716,2.8609919827,9.7277763107,1.5957991815,9.7937446073,10.3634952426,3.2165539901,4.8212169284,9.1391263718,5.2337275055,2.1437861193,2.7395429275,5.3565957035,9.3480906903,10.0772819568,1.8209770336,3.3963413957,9.6496179252,2.8593287478,5.7652993658,2.6954428248,6.6194067652,9.3249366990,10.0630654952,3.6375542290,0.5718250272,9.9201463743,4.7470547581,4.9082080295,4.1684225001,3.8770790893,6.1284812078,9.7091114003,9.6374382370,9.6034536235,9.4531879289,4.3123901369,4.8819412503,1.3778184396,9.9020571640,3.4338739737,3.0094451889,3.6047559839,4.3237979700,9.4302306018,1.1162929241,0.7325112361,5.5365911281,3.5737157437,10.0161276680,0.3790134269,2.3803300267,9.4652612513,3.9075492703,4.2305902074,5.4921819577,3.8418594037,3.4535976901,4.6178825904,9.6376222714,10.4645609599,9.4613037659,3.5652438504,10.3742114932,2.4204098140,1.1610918783,1.0200961719,4.9326962796,9.5590561381,0.4029715959,2.1057566503,1.6782601506,9.6889456560,9.8181423097,0.9674263187,10.2826916000,2.3622339502,4.2244278465,9.5961514216,0.0285271353,1.2719750021,9.6877260969,4.1428348411,5.1815501870,10.5160843051,2.2198031678,10.0423916409,6.4219934744,10.1414873745,4.9896216700,0.2353822994,1.1875240639,1.8780640501,5.0228881147,9.6409011497,9.7771451233,0.0923583501,9.6549411322,9.5323746582,0.9925120492,3.9659458986,9.3680764000,10.2800217468,3.9114732931,9.8189233254,9.8855369520,3.7023738258,9.4837755032,4.8630490512,3.3537288455,1.6809697397,3.9526746104,1.4836862039,2.4678779655,2.1799677146,4.3273250000,4.5821791842,0.3723027046,2.5861123334,4.3308785086,3.3635224410,9.9481973116,10.1615438477,9.2225147002,7.2247825227,9.5855299409,9.7373050456,1.6964274536,7.0780468813,9.4812635037,3.8912910833,9.9215641565,4.8619072154,9.9658811473,9.6081839543,10.6519379303,10.0312574127,4.6110941417,10.1109788499,3.2971734404,3.8578356905,1.7601008924,4.3223404497,9.6730853314,3.3903951141,8.7766557007,9.7083112141,6.4843392013,4.6249145860,10.1669581467,0.9221126560,6.0850802952,6.4219934744,1.4224948691,9.7110804864,10.0162020921,1.3689268213,9.3339746844,1.2231979525,3.3028824503,4.0474486852,2.6310728306,9.9465183737,1.1733262782,9.4807674985,4.6500945775,2.4284956136,9.5412928848,2.8645316406,9.8257323209,4.3679182915,3.5260606541,9.5820825207,4.9896807086,5.7262353383,10.1024702957,0.5566884554,1.9977216493,3.2328684087,3.3539063719,5.2191914720,4.7610924586,3.6706839603,7.0856827516,1.5521530044,5.0499969972,6.4427167571,3.1372067609,2.5657559244,6.2169528472,10.0080074262,3.6498603433,0.1788452550,9.5095057530,4.9999527793,5.9363466788,10.3058923385,0.8480350744,2.8937818886,3.5302137576,6.4019833160,3.6389044265,10.5531461807,4.8285315091,6.0199576376,8.8347361955,3.4196857791,2.8240015308,4.9701263582,1.5775912279,4.5372377382,0.8542568759,0.2216359227,10.0447674550,5.2367286758,9.5563449914,6.4280782065,2.5925754890,9.7809249871,2.9224546535,9.9088115362,9.3002647546,4.3046066813,3.5511397358,5.9547561843,0.2773920073,9.3409376960,4.9075347848,4.7560018140,2.7187732062,3.2975867210,9.9550641059,9.8425919482,5.9862868910,1.0621371526,0.9239994008,3.4839672581,10.5501919374,1.3232624892,4.4127822749,2.9753137591,2.3442303859,3.9964880630,4.2420098736,10.0900217118,9.4601671054,1.8176568305,3.6802911777,10.0284234031,9.5595296726,4.4014428374,4.0750561329,2.6217500360,3.9656981192,5.4296268923,6.4219934744,6.1933874524,4.5673824899,1.9256838681,3.2047667990,1.2896085943,3.4230377872,3.7380303418,3.9466704396,4.1411315355,2.0637285856,5.3342616106,2.1236132507,9.6891866516,2.0796690971,2.3835677726,9.9398720492,9.5834404528,3.4587477900,6.4219934744,5.3041155386,9.5643567281,5.4674731023,5.8584752395,10.2410572345,4.2554706632,9.1028025035,2.9292633873,5.7628242517,10.2984185470,9.5334335483,9.5618959375,9.6486219988,2.0218650303,1.4968899139,9.0720520119,10.0283198113,3.8182351655,9.3608176915,3.9492660927,9.7444340539,9.6727014361,5.5396284396,4.4724095664,2.3836863237,7.0234382090,9.7444232124,3.3618757750,9.8690620888,9.5024066341,5.1160634243,6.4219934744,1.9099963558,10.1108450276,4.7760728453,1.5977778707,8.6459777870,3.8573088261,1.9622969006,10.5929323112,6.5680930281,3.6884011765,9.9028208143,3.8149146072,2.6389681963,8.0754383276,1.8237806079,1.3392119337,3.5781762917,1.3628699367,8.0096336462,2.5496484149,10.0027879543,9.8776538552,9.2378726245,4.7465035547,10.0227654953,3.6934998423,1.1459779241,4.3829969065,4.5290903956,7.1124757405,9.6712432514,4.8573600125,3.7293712430,10.0276205141,2.8633265748,10.2006894905,10.0666576840,9.8156361981,2.4992029031,0.8641080624,4.2417970336,4.5336024404,3.5066868659,2.7935271339,4.3820570265,1.2332142660,10.7435205623,10.0836263028,4.9341827816,4.6874458282,1.3513124145,4.9456070087,9.7017663284,0.9877632014,5.0293989941,2.1854490589,4.9664696668,2.2544553004,2.5236151470,9.9888186624,9.9823006231,4.4433325209,0.8699128997,9.8403000316,7.5751847343,9.8988448957,9.8365903679,7.1591110898,9.4905259956,5.9204800470,5.8741185419,1.8996822023,10.3715785227,2.6176011976,4.1909681004,9.7530605460,9.4082324142,9.5698501156,10.0821643053,4.0206604552,3.5768657911,0.7590182563,4.7430152786,10.0206837546,3.6646286828,10.3050870050,2.6611261982,9.8633514890,9.3328567921,9.7633332359,1.6520807915,1.8654042837,3.5117984594,2.4507175919,5.2975954808,4.0298254635,9.7896166233,4.7087769116,2.7960135786,9.5535210815,9.7707662088,2.9581026263,8.0252711145,9.8558247464,5.5923652327,5.2173791882,6.4109521160,7.8795519962,9.4752920729,6.1020130963,9.7385030921,3.0849410631,8.8347975294,10.1083341136,10.5188751327,5.3890366818,9.7420312928,1.0304586026,9.4337520251,6.1945344680,2.7304948935,5.4514096406,4.1342985395,9.6330552853,2.1339884527,2.0279382958,9.7007889947,4.7110283166,0.9961331698,10.0268111418,5.1678608162,3.9879905121,10.3014268228,9.7395537438,1.4164807441,1.5377546867,0.8658094539,2.8010676760,1.3038022138,8.6408680441,6.3661893276,2.1853281535,0.7997151405,5.0311784081,9.3432867556,0.9548387716,6.4022957120,9.4394212957,6.6653134365,10.2500604663,9.1911315803,3.6003330532,10.4270519388,10.5027060930,3.4953598779,9.2866128465,9.6742433065,4.3768616161,10.1085409088,9.8327549406,9.9229111164,4.9518115412,0.8386700005,10.1715899159,3.1021933050,6.4219934744,3.6864313129,9.8991146213,1.5197044068,4.9529500367,10.1043157828,10.3815850720,1.8327884208,9.9674199812,3.7548476390,5.3064442379,5.5213806240,2.9055791900,3.7633575876,1.9638480828,1.3420601862,10.1180771450,4.2037466331,4.9131415871,5.1725626948,10.0104415259,3.4093297838,10.1083374492,3.8296466794,4.7438945907,4.3820212207,5.6128399669,3.3427378019,1.0752163204,4.1088132171,2.1446197171,2.7954464149,3.8098730319,5.2767686880,9.5722280450,9.6455679125,3.6853902925,9.8919048366,10.1155896728,5.2725124667,9.6093094052,2.7187640798,6.6429740187,4.9153840043,9.7674528894,9.6943254941,5.6708575326,4.2363580023,5.7070057229,1.4834634388,0.8280610955,4.7711348069,5.7471577560,5.0827415280,9.8362897765,1.2660218497,1.1915105783,2.7854745333,6.6738955043,2.3756347733,9.4387850550,0.6070173577,9.4794373538,9.5050872020,0.5045573484,4.0207789943,4.9589938114,9.6545012850,5.2067689006,0.5938929036,9.7330933147,9.7720573750,2.4985439083,9.8626413431,7.0043291291,1.1533508390,1.5659179376,9.4795518580,6.4219934744,9.9180459870,5.4422186471,10.4750292683,9.5383248103,9.6396494360,5.2524028668,3.0811610250,9.2857778614,3.7623106065,9.6667170432,1.4234443227,3.2725751321,9.7582164641,5.1640709964,4.1365752612,9.9058981109,5.2968993272,0.0929337772,3.7871599577,9.9540074005,10.3728346325
WNT4,10.4987458739,10.6200793234,3.9886186225,9.5908930711,1.0652443645,4.8658809048,10.6489318990,2.3938574364,10.9917362651,10.4335002985,10.5345856816,5.1149731399,9.8680685898,5.3428881257,10.6073159336,10.4551443980,10.3571292825,10.1507829862,8.7572025666,5.7787542244,4.9075495609,8.6590714045,6.2811548954,5.1866864294,10.5969312255,8.0175950902,10.5834245372,3.2439263446,10.4567489887,7.6435111163,3.8352871475,4.1170677848,7.3824927483,3.1643030164,1.6672986091,4.2389129144,10.5854380143,4.8355097136,5.1686427249,10.1950753314,5.5053428256,2.3471199278,4.5667125527,10.6574533710,8.6699590708,10.2438751231,10.2564515989,10.6110781614,0.4948542728,10.5443762146,10.3289427942,10.3334911376,10.2327151006,9.2486696755,4.7824131575,3.2572066780,6.2875683500,2.2868061434,10.6949912705,9.9691930172,2.8664150043,10.3086024074,10.7320876087,10.6048160198,10.3982776991,10.7600386386,10.6738511637,10.2673061533,2.8296978225,5.5181894320,2.6418805586,4.5975109461,1.4573696116,10.3017827379,10.3131779928,9.0844238309,6.4219934744,10.2283228037,10.1302417144,10.6418795280,10.8302982358,10.2803262526,1.9705053174,11.0474366731,10.1439458626,9.9045560318,2.3628843036,1.2782985462,10.4890565102,2.9916110568,5.7345982649,6.2896851986,10.3870703208,10.5301743731,10.3957128121,10.3285105540,2.4546352694,2.3509324667,2.4334284369,10.2452385318,10.6946011679,10.4795844401,10.6028315327,4.6107166100,4.8961583713,9.9659704384,9.9784156985,10.7456108683,10.1194978306,10.0364246406,7.4072829472,10.0495967426,10.3631613647,4.2388782163,10.1118916282,10.5203709418,10.2973265143,10.5800788986,10.7151383133,7.3344036846,3.1395742452,9.7345087166,5.9948627684,10.0192176926,10.0780352993,4.0737735778,2.8496240774,8.9389359349,1.1218674000,10.6785196848,10.1546014212,1.6096536849,10.3598059103,10.5501572316,10.5835681562,10.5584976439,10.5178383234,10.2453435842,2.4887591524,10.3398042142,10.3563619689,10.4338472337,5.7227452880,3.6354696398,10.4362922084,2.8729013785,3.1073345653,10.0577107501,10.0054082189,1.7651161597,3.9527528468,2.5986518428,10.6765645415,3.8867365512,3.4415577608,10.1221294843,10.2059995454,7.9875796383,10.5582994543,7.7674175177,4.6093334469,9.8370184322,6.0043820175,10.1169735146,7.9210180106,8.4616758003,10.1679882888,8.8286362755,10.4110358458,10.4296500163,1.6876830935,10.4850259286,6.3291541364,2.8153501177,5.8694886142,0.6584839982,5.6454870993,10.7587085596,10.0562202120,10.4590966205,10.8060002488,10.3527382331,10.4762190511,5.8632382834,1.6089063476,2.2746915374,10.7467177536,8.0231479358,10.6011122879,10.1430569448,10.2950394326,10.2545927945,10.6470170130,10.3628745831,1.2128434324,10.3921236152,10.2734808984,3.6477031943,10.1036492058,10.1862817854,10.1308830143,6.4219934744,10.4155692875,1.8035583093,1.9940545264,9.8950907830,10.4613878368,10.5951207178,10.4369570883,10.5161757294,5.3053778485,0.5862509042,9.7361353583,0.1841528797,10.6966207989,5.7565167949,10.2860843046,3.6985751252,0.3383317199,10.2260429935,10.6667733460,7.8528211537,10.4514024345,10.3111497949,8.8054360806,10.1585395061,8.7977480137,5.0592234627,10.4165904914,10.2114682840,10.9682518177,10.3251334350,10.5661428812,10.4791541481,10.0763709607,10.4073444269,9.9263707132,7.1369634580,4.9177912104,0.9355754187,9.8133045518,6.4219934744,10.3868465164,4.8061492866,9.5925896656,0.1523808215,10.1804566160,10.4319523398,10.1651208698,5.6143149126,0.5553222165,10.5316450907,10.1857114491,10.3260597831,10.5113236509,10.2922486396,9.8636730650,1.4963237306,4.0965018580,1.4866479310,0.5710464927,3.3263080269,9.2698279242,10.2483003598,3.5448367662,10.3211933304,3.1680478887,9.8899603600,10.5908766983,10.2969620640,10.5430164228,3.9849595330,10.5768847432,5.9431227324,3.3823059072,10.4218431296,3.4061821725,4.9071799413,9.7467729809,3.8768638360,9.3291137935,5.2898858601,3.0139029785,10.3130502938,10.2437052231,0.1319367663,3.9387264970,1.1845705206,10.4794269503,10.4246247223,9.9606168515,10.5799613191,10.0024126618,4.4829384760,10.1968565979,9.8305038069,8.9020673185,10.7179820028,9.0118203381,10.0745981941,1.5696562767,4.8793351649,2.2448690800,10.2917825989,10.5905651003,10.3034595840,3.8674858343,4.2301944007,6.3441935520,2.2675429572,10.7224737303,10.4549519932,10.1471482856,9.9769649725,10.2681599766,4.9632309877,10.4697931540,10.6919674033,10.3027481988,9.5645561733,2.1117716996,2.6702980073,7.7412530610,1.9001060621,10.7989985536,10.3546011021,8.4726115067,3.8879470520,5.0637594197,10.2142322414,10.4362734645,8.6668535092,10.0678765124,4.3273273737,4.7516816115,2.8529934641,11.0535708710,10.1935719405,10.7468272292,10.2428851862,7.2843693714,2.0373095330,10.4550976964,10.4442940585,10.5733464475,10.4877756633,4.1146126393,10.3083694527,10.4853034355,10.0952701073,10.4272967273,1.0226106180,4.8953894087,10.7115602137,9.8885171440,10.4409385841,1.9132307979,2.9236633870,6.4219934744,10.5616650543,10.6682350537,10.1388686565,3.3789071189,10.2448583295,0.7873364199,10.3335455883,2.3039173678,10.3514914347,8.2239800610,3.1477692421,3.5262196735,9.9364823753,9.3049239886,10.4353077592,10.7397670247,2.3827522425,10.4561679573,10.4402546782,9.7853485560,6.9606780926,10.4064867297,1.3887334614,10.6318474336,10.7427752946,6.3392033271,5.0702363238,10.4722741805,10.1464842305,10.5349446616,10.0124073694,1.3268096933,10.1690854930,10.5912606437,10.2490950327,10.4505977972,10.8399695734,5.3796283858,0.4874603621,10.3600893950,1.6107425667,10.0620973849,10.4708787727,1.7010739843,10.2111761236,10.2214268167,9.1192081874,10.5157348873,1.8760156015,7.2492807745,10.1751225054,10.4944472822,10.0622894569,10.1821852360,9.3456902923,10.3019208940,10.1143626946,9.8872272250,5.9662114399,10.5969233817,6.8085276689,10.3849048213,10.5738276316,10.3488636626,5.1544263906,10.3925522517,9.9210455771,10.4058106527,10.3672109628,4.3907492344,7.4160713620,10.4290337072,10.5760838226,10.5641359194,3.3825929827,10.7348722400,2.5826785927,6.4623145906,9.7733413778,10.5323175787,10.7115833898,10.1167920144,4.6596890870,10.4756455204,10.2576532540,10.4410181156,3.3703404064,3.2161092633,10.4680205781,10.6029237520,10.6915432211,10.2127072961,2.8078578453,10.1580322994,10.6994094002,7.4566902231,1.9091465844,1.9503238323,9.9227066503,5.7159006434,10.5346410401,5.2529263560,6.2314171603,2.9160941359,1.2146531377,10.5882390180,10.1529807347,10.6346711432,9.8066492317,10.0725105137,10.2313957507,10.3349719085,10.3576676886,3.5249329674,10.4010123789,2.5753516619,9.9682553165,10.6473281794,0.7088343803,10.6781729462,10.5669850751,10.6652477982,10.4254625016,10.5402143152,10.3422280336,10.2798353688,10.3349838366,10.3777767816,2.1908716355,0.9098282021,10.2342425771,6.3957100824,4.8272372581,3.4945369763,3.8954689380,10.1140223675,10.3207959135,6.4219934744,9.5541279699,10.4467900804,9.8721607206,10.2176918033,10.1214395825,9.6415055702,10.5176929370,10.2122494329,10.3341740516,10.0737902012,5.4535750372,10.1625803531,10.6531335971,10.4483494296,3.6066496752,10.5933369246,0.6245753426,10.3645874193,8.4248580678,10.3355229254,5.9748298802,10.0535486210,10.3681791221,5.3169462928,10.4497443397,2.3333693671,9.8426261103,10.5214721897,4.7614153989,10.4064460307,10.2530833181,10.5985144608,10.4000017257,10.3752524286,4.0831833679,1.8682232765,5.3854345762,2.9940784481,10.6200523559,0.0686949381,10.2894051074,10.5659312957,10.5094267544,0.8360410502,9.9702349094,10.6395260625,1.4651559974,10.8270754941,4.6363750598,4.7470494681,10.0051644152,10.4931686237,10.7926241592,10.4145242456,6.4219934744,3.9207821948,1.6025303312,6.4219934744,7.8837172411,10.4216323064,2.7556204720,10.3449586700,9.9122617778,10.5706596696,10.5130391370,5.4020990025,10.3426360168,3.3476239619,10.6304254541,7.8845899405,10.8205234769,4.7701866448,10.6660010934,10.4634522191,10.4257198462,10.1327022716,8.6469502351,8.7634759808,2.8162252524,2.7873803231,10.4892693978,10.3653563517,4.9210606050,9.5727237532,1.4094752896,4.2848476038,10.3267014021,2.7952647828,6.4219934744,1.9776705707,7.5329940520,1.0963400325,8.9809662871,1.8623489744,3.2818193838,3.3228054331,3.4269415408,9.7801319580,10.5284846528,3.9804882835,6.8513849997,4.7417348836,10.4364530226,10.4820474797,10.2347927856,8.9942847806,10.1923819616,9.9576935901,10.5906498615,10.4175658324,0.0505997668,0.6638808507,9.9227869411,2.5377841658,10.0843917408,10.2704681599,10.4746705753,10.4793235565,6.9685768370,3.3495428218,5.5238902655,6.3728018315,10.2348289693,10.1420483743,10.0464823896,10.6124333964,0.2896834875,10.3882036110,9.9647457040,10.0574996472,10.5938820204,10.2106591014,10.4646129140,10.5101366879,10.7294023988,0.9684302744,9.9543616734,10.4926804081,5.3891401537,10.4624208076,10.7870475746,10.6239089163,10.4261124384,10.6161450458,10.7161274222,10.2423848379,9.9734832936,10.3202728608,10.5751849420,10.0044657385,9.8895218124,10.5965412681,10.5331419073,9.4748619518,10.8147155981,10.2548902825,4.8913520371,10.3842168967,10.2505033493,3.0528320625,10.7351123155,10.5330361075,4.3199204940,4.0584968575,3.5492330459,9.8063068317,10.0988633137,1.3729274888,10.2193343705,10.3618312922,4.3640072487,3.2384732746,10.5192051938,5.0736872199,10.3717388306,2.4263582796,10.4998459024,10.0832741298,1.6412002835,9.5922938025,10.2404294001,10.5599223100,9.7009804162,10.6429532852,10.3287373983,10.6481624129,1.4038912834,10.8387371760,9.8332176919,7.2465642027,10.5794246550,6.2222156390,10.2899913293,4.6048696435,5.5443103841,3.8688559903,10.3665863019,10.4598875971,10.6316108873,10.4511679435,8.3512451136,10.2679252200,5.7616074921,10.5446694453,10.1718998451,9.9455503625,10.2003885370,7.6329633019,5.0502201377,10.4430638642,5.8510008921,10.2354985837,8.4787143331,10.4485311390,9.4621746552,1.7400014108,10.3359935127,7.2444272984,3.8607868677,3.1043711973,3.8960601826,3.0227251265,9.2490695072,10.4266469175,10.4595509360,4.2406660643,1.5805610489,1.4224748379,1.5861789686,10.4057672845,10.4930657830,5.0603490267,10.2536725307,1.1262519009,10.6304343595,11.0481758235,0.0061994225,6.5195988721,3.0405297475,9.2663305769,4.3928289841,2.5758322276,2.3178705251,2.0972099373,0.6624517657,10.0136351515,10.5138898037,10.5148077740,10.8865759333,3.3811521866,10.5673843508,10.4498843597,0.7479703929,2.7532214146,10.6586293092,4.3299397246,3.2981134258,10.3745486857,10.1780631209,2.4236222253,7.8780246760,6.4219934744,10.1486087211,10.4005760222,10.7223676570,10.0428663161,9.7129221780,8.2039816866,10.3841124314,10.1969727699,10.0199173507,9.9798937236,10.1328041553,1.6809023132,5.5960019385,1.8925418780,2.8227060651,7.4477786359,10.4544779122,10.3643925770,4.3468035722,1.7856501727,9.6494043504,3.0036861311,3.7450693597,3.5272091974,10.5289919180,10.5376462096,0.8689808092,1.9064769051,4.3746208673,10.5278792953,10.3188945975,2.8621259707,9.7990868772,2.2305451108,6.4219934744,10.4254080404,10.5559556257,6.2405164499,2.0800572366,2.8506860117,3.0036967060,4.6553693025,1.2526147915,0.7452135920,4.8831199132,10.7709462727,1.8537795763,9.5255207721,3.6645630264,10.6088594692,2.1264144109,10.2533136588,10.5919366608,8.8633636000,10.2943796514,10.1491354379,10.4608164143,10.3376976909,9.9842207241,10.5088043778,9.9943995812,5.4402246900,10.2059110762,10.3888642841,10.4231924116,10.6037153981,10.5711320822,10.4434205346,9.2570293293,10.5478603249,10.7328155349,10.2509790474,5.1810372602,6.7699369412,3.0043423746,2.3730606356,10.5035998267,10.0307084113,10.6945914309,10.1959429869,10.6586456253,10.3853992342,10.3995965576,3.9335488239,10.4274755089,5.2896122738,6.0384191684,10.6178457403,1.0529008545,2.5321119508,10.2020686524,10.8738814084,10.3017531550,2.8809941987,10.2162967382,10.8506059541,10.6653633594,9.9997554357,10.1049869923,10.6485010603,10.6317967877,10.3935852137,10.3459762451,10.4980330425,10.6571669702,10.3854880630,3.9872288717,10.5356431642,10.0024881116,9.4100137874,4.3562017061,10.6032377457,5.1398847265,5.3225181379,10.3620698460,4.2487983847,2.2750816514,10.1445031363,10.3311144356,4.3131718850,6.1125567939,10.2111318464,9.9945476540,4.5476612115,10.5578411320,10.4783248003,10.1201850561,7.7896213240,10.4007524940,10.5474427292,10.7868054440,3.8095038930,8.4880071856,2.7259988073,5.9268687509,10.4715068191,10.0424210314,3.5965522219,10.5507041426,5.1512350255,2.4540105144,9.7059862867,10.5554857840,6.4219934744,5.6482653709,10.4489609465,10.1287175969,10.5761410408,7.1816748954,10.4899650761,10.7288615130,10.3221684691,9.7816407502,10.6841505072,1.8301927205,10.0569116634,1.0045213585,9.7017325735,9.3482324426,3.0399483304,2.9355346057,8.5640160057,0.9241920603,9.8721285386,8.3357270382,2.7383933039,10.3405135955,9.9877877275,0.5235448164,10.2112114580,6.4219934744,2.8542024905,10.0797288934,10.7867691767,10.3279250366,4.9589016812,10.0958157802,10.3596943625,2.4251925119,10.6045647257,4.4948906783,10.4342471650,10.4921937335,3.9875061664,10.2888898690,9.7785951418,10.3562074759,10.6247849903,10.3967612970,6.4219934744,8.9121569209,10.1506763582,5.0162474997,10.7511506993,7.6644780452,10.4226891282,1.7513368117,4.8982941584,10.0297227407,9.7632107134,5.0400569013,1.1106525740,10.1744959135,10.2973048599,9.8735627038,6.9708557255,3.0076990011,10.2461842134,10.6916584565,10.5595369703,10.0705199731,10.3184510236,10.2094650168,9.9257390559,10.1528011114,10.4178298034,9.9755304554,11.0106823044,10.2038089293,7.2897825487,10.4647458917,10.5878146530,1.2311868456,10.5484709459,3.1321334948,10.1462488090,4.5312673375,10.2452808216,10.5641228795,10.0748073212,10.6721730843,10.3971151082,5.8427543603,10.4805724596,10.3606982707,10.2256217794,10.4596423638,10.3904293789,10.3340302022,1.6144540068,10.3776254692,8.6211555899,10.5331990103,10.2777845705,10.4007964570,1.1759551920,10.5339853588,4.8565979613,10.6837275427,4.6279766186,1.5251782058,10.4218512373,7.8260690133,10.3188312887,8.2320536434,9.5009539345,10.2661881836,1.9675553013,3.9694805541,0.8726288525,8.0792453532,4.7469505470,1.9228539619,1.7488088439,10.3781337695,10.0228461978,5.2707193389,10.5328805122,10.5196931722,4.7477000702,10.8593717143,0.6242287785,9.1990426065,2.0295820566,10.0103633673,10.6474619986,9.7360135476,0.3386584391,8.0374410130,10.3982400702,10.4155600834,10.1187851810,10.1354283180,3.7073526319,10.8762859785,10.7705148389,3.9608474470,10.6373273842,10.2863272568,10.5132973623,10.6684336266,4.4733148172,2.3514920984,10.4863272816,10.5001848061,0.2871325041,2.3461216420,10.3532366045,10.3108569292,10.3358962821,10.1256567474,1.6894806472,5.6124292102,2.7764894990,3.6200817142,10.4847292586,0.9198607131,10.5295628811,5.5952329840,10.6489784590,10.4583863189,9.8807413874,6.5073494156,3.6056383726,10.2133301737,9.4398885204,3.4264064076,9.1907242245,2.9964132586,10.3068028853,6.0533347613,3.6908867061,10.5392975617,10.6807112246,10.1756369927,10.3993813285,10.3640004014,9.6263371281,3.4832167529,6.5549340554,0.3287776211,10.3540864064,6.6336068466,9.4579295202,10.3509975593,10.5086252412,10.2754356943,5.5114300289,10.3582175791,1.9325422194,10.6053421059,4.3848698730,2.9286749017,10.2235243825,5.7548590836,10.3585934732,8.9797434042,1.2666461620,10.7917544405,10.4696071042,4.3262271056,3.9818535262,6.8328014418,4.2003187646,10.8307796716,10.5580491843,6.4219934744,4.8827163008,10.3266332810,10.1445055338,10.4443147008,10.4437581368,10.8410685030,1.6782962960,4.4465475393,10.7699022297,3.8665439638,1.6672852283,10.4189969491,7.6244728788,6.5552714994,5.2746339680,4.6276529288,5.5276830255,10.0897643415,10.6832091507,2.5783723823,10.4739517071,7.8437778835,10.3224011256,10.5776363080,10.5599896959,3.3479631286,10.9280246337,10.5160779156,10.3071745046,10.6925899493,10.8302016685,10.3716938708,4.3357781976,9.1517887945,9.0881946128,10.1762806295,10.4648371885,2.3394475788,0.2540049185,10.4891282667,10.5719560436,2.2100350553,10.3133874495,9.8409866580,10.0454629256,4.0846098851,4.5373641788,4.3836694180,1.2631463587,10.5999016161,4.6250610066,10.0396123160,10.6022833590,0.1369881030,10.3890341928,1.6187622623,9.3382819420,10.1182903172,3.4982134837,10.4182468834,10.6603781760,5.2443775404,9.9342046797,10.3727081443,6.4219934744,10.7779048541,2.9997852612,9.6828089408,10.1094013269,2.6171868405,10.5363006742,10.6642157348,10.1119683160,10.4768241365,3.4675843231,10.5154468615,2.9710058214,6.3287878382,5.1732001673,0.4131167908,10.3725507854,3.4400965654,10.5671382912,10.1827869720,1.4008015020,10.3502569506,3.3471991403,3.6682384568,10.5384918580,6.9667385752,2.3994702776,2.9316406904,10.6343156223,10.4673991845,10.4611767277,10.4779870235,10.9366752928,10.1628743059,10.3849981091,10.1536641564,10.4118136161,9.2762413277,10.3837370738,10.3490551019,10.4413758144,2.1413107931,10.6217109625,10.2714712117,9.7343664400,10.2670325850,5.7539121314,10.6678113175,10.2237415373,10.1657497741,1.7209006578,10.7077511850,10.2299673685,10.4478559543,10.5930054630,4.6981815852,10.3830212055,10.0572944387,10.3074081292,10.4939393637,10.3891878955,0.8290511524,10.4754964371,3.6601059963,10.5499350901,10.5555274463,9.9383429110,10.6589358397,4.4153718106,3.3750099645,10.7402010215,10.2118847906,10.7510418935,10.1849086506,1.9243279159,3.9421157783,10.5326247853,10.2529481768,10.4119747283,2.7521767817,5.8157550833,5.7719589488,10.3002396098,10.6062410610,10.4881031041,7.1914948828,10.7902772580,10.5443910142,10.4078858942,10.8149469925,10.2578113995,10.1741969493,2.7628944843,10.0380424981,10.6599347046,10.5122541433,4.3372005437,4.9556674994,0.7681071470,10.4802438705,9.7452367186,10.3758725506,10.4498974541,6.4219934744,10.5655986746,10.4604787132,10.4452851058,10.5100079086,10.3595858291,3.5974876066,10.4982950810,9.8856890904,9.9868847183,9.0838340726,10.5228765835,10.4294931197,4.5591096374,10.2596756746,10.6078021371,9.6942829116,4.0520445130,10.9690597493,6.4219934744,10.3833288434,3.7663926590,10.3402210955,4.6454077462,8.4885196853,10.6511800204,2.3792288693,10.3078549602,10.3807499244,1.0077657322,3.6460710318,5.0410762200,4.4947262001,7.4588755058,10.3878098707,10.2849157518,9.7940598403,9.9708216554,1.0369502157,7.1128780233,1.9559638892,4.3430660425,10.3976223267,4.7064501095,10.1416677519,10.4277139257,2.6807876457,10.6995981976,9.8247372198,10.1682570591,4.8388642895,6.4219934744,10.2844180448,4.3881624652,7.2885008222,10.2959916007,10.2228960743,10.2653682946,10.5136407631,7.2127659117,10.4934734584,10.4097531648,1.1734563306,11.0535923968,10.1791132906,10.3152622893,3.7786639533,10.0564676156,10.6257817872,10.0880020448,10.4584954795,10.2789369008,2.0475386252,0.5238998620,2.3640411585,10.3431664259,4.2173170401,7.2496404229,10.4194202533,10.4002197682,10.5301081863,10.5659308685,1.2868206806,8.3115569672,9.9930620869,3.5030516598,10.1188051837,5.5506526202,5.8583410889,1.0017519612,10.5647275490,10.1266181963,5.3229089482,10.3032932943,10.0905615062,10.5761841537,6.2664198714,10.3333547474,8.0405223396,6.5202721177,10.6190131660,5.9396175677,10.4225795562,10.2605995756,0.4384662344,10.5006050747,2.1444017509,10.3739426780,10.1810311370,5.0619740933,10.2470968779,10.0866485755,1.5390605695,6.0141562365,2.1018339046,1.0801939490,10.1835020822,2.6861298944,0.4303142532,6.0513071600,9.9514346301,10.0876599438,6.8273960659,10.4802746416,6.3252533646,10.6832573558,10.5216998520,5.4588977131,1.6652542733,1.1559291760,6.3215806547,10.5638081091,9.7922571345,10.4277421708,2.7473406691,3.2083766411,3.1985333281,8.9312495836,5.5019514919,3.9130269673,2.6950184223,1.3204670481,10.2211365637,10.2078826098,8.6332245316,6.8473296615,9.8132850388,9.3640923808,4.1712072851,10.6919700309,10.6862608173,1.7001224418,1.7439602848,10.5221180775,10.0201813283,1.8124247585,10.2840323705,10.5003106624,2.7602098625,10.6653837480,2.7292264978,2.9080732649,6.3416671072,10.4014576165,10.4262935433,9.5284044209,4.4622006294,10.6517570050,3.9407544750,10.4363733535,0.7472798718,10.5464625588,10.1954644611,10.3455924141,10.6246176343,2.9312517187,6.1062923460,10.0855583850,4.6022326506,10.4343065101,8.5420092618,4.3062808184,10.5195382944,10.4634922230,1.3203208848,10.0456437588,10.6348721786,10.4539822083,10.0797869062,10.5176588232,10.5885511836,10.5161037212,10.0836677257,4.7480354948,10.0333716149,10.3801114386,3.0496280190,10.4605489999,10.1480866922,3.7327026812,10.6395012549,3.9386790787,10.0308286897,10.1839462942,4.3069575270,7.6842888012,10.2090369922,10.1310727901,5.8186058997,10.3806395443,10.0985026882,9.7944952728,10.2701803004,10.4570214646,10.4958999292,5.0300249797,10.5828258658,6.4219934744,10.8082147376,10.3285600477,10.6128355419,10.5943531986,1.9070664127,6.9723184758,10.4384732193,3.3750992672,4.3680999527,10.1178623510,2.6240006906,10.2951404369,10.5767701882,10.5328911950,4.2066067931,8.4374834064,10.5950931915,10.5400192720,8.0477276941,5.1117289873,10.6057012513,4.1033288882,10.4347636583,10.3931458112,10.1419661427,10.4577027380,10.1040982970,10.6905145569,10.2970476710,10.4508102579,10.5078816692,10.5006846277,10.7200446833,0.0593458189,4.7965029964,10.4273194707,3.3440015305,8.4744306346,5.6768913164,1.0282192155,10.5884508244,10.1946692119,4.2890561915,10.0574331048,1.3971361230,10.7266110509,10.2585846952,2.1878636323,10.1625692466,10.1067840891,10.5774901930,10.6181577644,4.7652437614,2.5884342458,10.7048096711,10.4274696219,10.5846683228,10.2208345161,6.4351459097,4.4807055872,10.5519295302,3.0570064709,1.7660868822,10.7878113816,10.3445973473,10.4796267943,2.2698890927,10.7894878755,10.1824953375,2.5599893975,1.6284895753,9.9656870984,2.6412147152,10.5518211059,10.3877005784,10.0207764216,3.9592575902,6.4219934744,0.3391189452,10.2801314311,3.5572512300,3.2447212247,5.1037711224,4.7979597121,0.8722369356,1.3752767651,9.7187217933,2.2131110510,10.5711735628,10.2328990205,2.5942675950,10.1985526513,10.4008723985,10.0642346695,3.9486358071,10.2889275666,8.3669108714,10.4374241518,10.1653837555
CBX2,0.2312258435,5.0806527052,2.4015049387,7.9917186547,2.4863000572,1.0463061603,5.3456893678,3.5204460392,3.3716661520,0.5463469749,1.9080032364,10.6415557512,9.7974525230,4.3816717688,3.5295241172,4.3071822287,9.7851390606,3.1057888395,10.7473677901,6.2708748880,1.1410599154,2.9547448796,10.4005199855,10.3526526312,3.1138325882,3.1975704344,5.4752533258,2.7895118022,3.0147545399,10.3795336472,0.3017982017,11.0258900838,10.5407973274,10.5740090737,2.5201821344,10.5213616108,6.9512728902,3.6424564077,0.5784555630,7.8713993680,1.0521094512,0.6252585343,10.4591116988,4.4809536468,10.6954563922,2.8725189785,5.3453273696,2.7472256465,0.3715180588,4.5675424596,10.1846179713,3.1230173215,3.7141884230,4.3733126469,10.6114302387,4.6115694131,10.7794326164,4.3422418523,4.7919286968,10.3534422845,10.8933122920,4.6521668846,3.7254267729,3.2162146952,0.5062500984,4.7056337176,4.3596107698,2.6137051982,0.6090287553,11.0381264108,0.0903248881,0.1531051975,2.4277051020,4.5516847213,3.4593391943,10.6225135183,6.4219934744,0.1944040545,6.4796227959,4.5213195343,4.3293282947,7.9483974404,2.9815601252,3.8268899579,10.0609959018,10.0793566865,2.5884743444,0.1375944026,4.9736310028,0.1614490157,11.0261855760,1.7339662410,10.3234266081,5.7892549660,8.3606231803,3.5676553222,0.2830938478,10.7764906623,0.5160859545,0.6507996328,3.8053637292,4.9457616691,5.0979612695,3.9639824300,1.3350464344,10.1806758870,3.7708874402,3.5851250302,10.3364912274,2.7427427141,11.0072852756,3.0787996349,1.9382998931,1.9168221734,6.3322562735,4.0925746801,3.8472464943,1.6159692705,5.9234630530,6.4044672219,5.0227779160,9.9281719746,10.8366748597,4.7218786478,4.5039332414,2.8740510067,3.0709371496,10.8764907855,1.3827290821,3.1156758457,10.0926653170,3.2029346562,5.6653199294,0.8848011461,4.9795848602,3.4370810142,3.6994626442,0.6199026276,5.2254847629,5.5393613647,10.3655495816,2.9782185561,10.3680002230,2.8169090839,0.6422170143,10.5301558516,1.1626610780,4.7609774334,5.6544451520,3.0649601736,11.3261191565,1.9521652476,4.0993972396,2.4842824490,2.3220952111,0.6146909684,3.6730401204,9.9557778954,2.8226041955,1.4083958981,4.7576744407,3.8157489626,4.4051642757,1.4123012085,1.4529528995,10.6131151168,5.4970426757,10.7904269419,3.3152331104,4.4561800759,2.9391087426,1.3615484610,4.0640629332,2.7186114069,0.8928535540,5.1737901441,10.1467046808,0.1785524770,3.8179325216,4.2682337078,2.4451744377,0.6366346745,3.2162163816,10.6303111294,3.4419580576,4.6902197008,4.8877956612,2.0673804800,1.9487034150,2.5710378341,4.6791106938,3.4685219458,1.6746006820,3.4570065744,2.8266315781,2.8499104450,9.8103679593,10.8764606693,4.0649037560,2.7275546888,10.1105536117,6.4219934744,1.0938223748,1.1547390190,10.1964256587,10.1199043453,4.7556929883,6.4627960531,4.9124886708,3.2013667116,1.9550445804,2.6759150676,8.6802513424,2.1528492623,3.9851431372,2.3688007501,1.4046575365,0.4208687245,0.9434490579,2.2763117308,4.4227074388,10.3207946945,0.8252876186,3.4815499343,2.3965620776,1.6138477086,10.5395887949,4.3620963431,9.2647173217,4.3572821727,3.6878068944,2.2840303729,0.6703632218,8.6751453137,1.3238216603,2.2425422072,3.3785312670,10.7607365091,1.9526335840,2.7597519224,10.4339273921,6.4219934744,2.2668867125,1.8672789620,10.7450807831,10.3180402576,5.6050824987,4.0205884141,2.2819544310,10.5575492378,3.1041009001,2.2894997863,0.1179871705,4.0367897006,1.3719928593,2.2767226206,10.1876788128,10.5625280511,10.7272588453,3.1841990295,4.2052323785,2.0093331181,11.0319240214,4.9380598850,1.7018636304,3.9213326826,10.6589210401,9.1424417556,2.7605179806,5.4943555078,2.8334315715,5.0289926821,3.9432865615,1.3713479148,4.8785304295,1.8211577646,0.9981825254,9.9856644179,10.6178483287,0.4350050346,10.0632713440,10.9057217555,2.3433724816,4.0956272879,3.0714295512,4.6916511106,1.0392825941,10.5223288019,2.1406080635,1.4270074046,1.5652093118,3.5660302661,4.6721087258,3.1321463383,3.9319194953,10.1808943108,10.3495221678,3.5665960074,10.4871521050,1.9959497976,1.7814782928,3.4957402955,5.3285064401,7.1370554708,9.8370410608,9.8128129551,1.4882071927,3.4847362071,10.4178330072,4.1998791556,2.8873459365,9.6706190014,10.2705011513,9.7259839097,1.2290038723,3.2167334102,1.7180151076,2.8196685820,3.5494760726,10.8693931866,2.7822856001,2.6088824176,10.8552044290,2.0093348539,4.3038279052,5.1236902987,6.0395253312,10.0595783080,4.1079464994,4.3675980196,3.6746419091,10.5582190907,0.4381556039,0.2268608697,10.8867874100,3.6803269704,1.4697174532,8.3861661793,4.5519757664,1.9806924716,11.0052546683,3.9836261507,2.6763416657,1.9320956023,10.0963129712,2.1745184570,5.9012472146,2.5657870530,9.5389149535,10.4607164179,3.1253552275,1.5886074503,10.7107556015,3.0172306319,8.8360351822,4.5883112129,4.2588836408,5.2705287107,6.4219934744,3.3511583681,0.8836751876,2.5324822748,1.5559273141,5.5252116052,0.5418235873,1.2185413768,10.7291369542,6.0967236196,5.3374418094,1.4235902475,2.2136415932,3.1501437401,10.3685647861,5.0599222915,4.4282083194,10.4169593367,4.1256761878,5.0827320851,1.5745775726,10.5127120607,4.0243210313,0.9946540773,3.8797387627,2.8100696097,5.1100520638,5.4142596162,3.5899336384,5.0433535070,5.4243946041,3.4170097163,2.6896849547,0.5529840173,4.9854388572,10.0462047278,0.8142498570,3.9190504540,10.7647694686,3.5368605740,5.4958501450,2.5295384874,5.3514631726,1.5924413571,4.2821764777,10.2537369501,5.3571960738,3.2242210473,4.8257811139,10.1480528851,10.2382164330,3.5546694526,8.6361583914,5.0299199369,6.9575840565,3.8893169666,6.7034833971,1.6548460164,8.1475650248,10.8392580009,6.1522526172,10.4152484602,4.6899008703,2.7160750695,0.7484038949,4.0391141660,1.2549383663,4.5274975851,1.2580324422,0.8249757404,10.7285156980,6.2104993266,1.1733750172,3.6321719932,3.7491894768,1.1860880646,4.5525327399,3.7189422460,3.9969662007,10.1579634067,3.7102178803,4.9909253085,2.8317549296,10.2693216869,4.9189963770,1.1018522773,10.6989144620,0.1020918912,10.8604599916,1.1153183810,4.5600066029,2.0285838762,5.5434802944,4.3256934660,7.4511347893,3.4427976283,3.8687418404,5.2346892834,1.9644646404,9.0666405107,4.4347755180,6.9437652620,10.7334897292,4.0525026527,4.2023046925,4.1014934860,5.8959674809,8.8262291115,5.5787823218,10.3073180516,4.3738627068,4.4681580153,10.1041012801,10.4358377913,3.5670200677,9.4197731127,2.4989170076,2.3790648806,7.2759101279,4.3501934011,1.6605406789,3.7481394735,0.6533552201,2.1463207257,0.3023889374,10.3885974185,2.4686124994,10.4363618405,4.1476420958,2.4811636829,4.2309006680,4.2508019836,10.3453222997,10.8192264269,2.1645340304,1.5518731614,10.4707360592,3.0408420518,6.4219934744,4.7906139139,0.3535415826,10.2661648442,4.0822809383,4.2776548470,10.2942873150,4.6584322153,10.1536860539,2.6636862441,4.0422261970,10.7218481689,10.0252610492,5.0276258719,2.6641717744,10.6751796560,3.4457022416,10.0736649086,1.4328935676,8.3168684800,8.1016938661,0.9866660343,10.0193903756,0.9178014037,3.9436967830,2.0037881837,1.1532760135,3.2205787587,3.0159987034,10.4380368098,9.9027325459,6.3027230064,2.9484454641,4.0111470692,5.7955978940,11.0124475041,2.0345940862,4.3308033412,3.0834914480,2.4537476678,4.1017617899,10.2920419607,5.9821328368,5.7380521982,1.2394005554,6.8284019523,3.5875282470,10.5888031486,0.7356187126,1.9766933156,10.5231989758,1.4250279036,1.8351402601,5.3980400492,1.4643687046,6.4219934744,1.0522390670,10.5839059490,6.4219934744,10.2199904446,10.1285475861,3.0166126030,4.0719478090,6.7072446478,4.6553333304,4.0408444111,10.3073194697,0.9354925892,1.6163934122,5.9199730580,10.2302995543,4.8054703859,1.5858884451,6.7890680102,2.0889119872,0.2629273067,5.4076552301,4.2304306995,10.1821666126,2.2065800192,1.4065228201,3.0062795167,9.0405760293,10.7118525181,10.6713666330,11.1958675363,2.5460462114,0.8503744638,11.0894587232,6.4219934744,3.6096505660,1.1057753010,1.5006191114,10.9447177539,4.4217578281,4.7607160211,1.1338508602,3.2267519913,3.5378044567,2.0319913008,2.0697902402,10.4692368941,0.9600537709,0.3960167521,5.8504342038,2.2699659626,10.0012158426,3.9629551079,2.7829115107,0.3221275171,4.1731691869,1.2047063020,2.7981960418,10.7503999593,4.4507319891,7.4666191810,2.4578216239,1.4902771722,3.7403411789,10.6844430672,1.1549202780,2.6256168379,10.9496773028,2.1862806682,1.1467124832,7.1489867855,5.4315789066,3.9757104018,5.3674298275,0.2026182322,9.2992430935,2.8434920023,5.4967824637,4.7321067155,3.9819098051,5.9617594792,2.6892380494,2.9416576244,1.3771424052,1.7677718920,2.8586589457,2.1202712594,0.8607247290,2.5529332096,2.7293836338,3.9785731689,1.7308742091,3.2222539838,2.4728364978,2.9513292889,0.7841204928,6.7512672157,3.7865385861,5.0361237312,4.8622262786,4.3283491818,5.9321775426,2.8751506169,3.9304107191,4.5819089115,1.8250695206,2.1771083558,5.6057714654,1.8650009485,10.5445407346,0.2992167701,3.4938552309,6.3573729694,3.5861957805,3.2934335752,10.0749421500,3.3454184657,1.6529035219,2.6916779847,2.5594141696,3.6180337388,2.6038426590,4.1569809027,5.7152966316,1.7535396445,10.2241975430,5.0989112982,4.7942973844,10.4999093987,3.0974337863,10.4664829740,9.8503436810,0.3844921417,1.5565239401,10.4047763858,0.8538378027,3.8195216707,10.6402924966,4.3515504376,10.2580708999,0.3987836490,4.0925431029,7.0960122626,0.2701489162,2.3771399061,1.7438536128,4.2876559204,3.0920548268,10.4937522407,3.5158137185,3.3807919313,10.3025229988,10.3945370470,10.1657197354,2.4089866872,4.8052599603,10.5997746784,10.2787074178,3.7574021776,3.0389983056,0.9995544498,10.8865325914,1.0399303058,9.4995237727,0.3067929419,1.1721077342,5.0494984966,2.0775836308,5.6962408906,1.4658294191,3.8292453303,3.1858760212,1.0234619198,3.5645131381,10.9128121339,9.4124054601,4.2586756380,10.5530578974,10.3369165591,3.9270036161,4.9375629207,7.5054528520,4.5073312357,4.1762339421,4.7070928699,8.2208914984,3.4145523518,4.4873279410,3.4392832666,1.4694839227,10.4931381238,1.5092351147,5.2223170674,2.4899725521,3.5429616701,10.9105220076,2.1269428417,5.7182101934,3.3334165005,2.0420098680,3.6876224644,3.5939038382,4.3511340420,9.1526402405,6.9209744508,2.2760323325,10.9729394633,6.4219934744,3.4263148577,5.2377906621,2.5920368196,2.3703031476,10.1328314093,10.4400990805,3.4841599670,3.3440920801,1.1835718267,5.8950258146,5.2876879921,1.1140055686,10.2535092069,3.8921605579,10.1835035134,0.0547274724,2.0163360896,0.2240534347,4.3788885588,1.4265950208,5.3416649184,3.4738177363,2.2268347646,10.7559566157,3.3368041340,4.5527789951,3.0374073953,1.5945558206,3.0323001078,2.3549019280,2.6750149672,5.2547891810,6.3719230917,10.0789745386,6.4219934744,1.9689828460,3.0323594721,4.9350062000,4.0704471871,4.0548541634,1.9578405382,10.8217200153,1.7724353128,10.6320842145,2.8104258816,3.4801781111,10.7287315545,6.6391464533,4.5367280061,6.0264331710,0.9911907284,4.1907957944,1.9864254293,9.2261645050,2.2369006555,2.7190516157,2.3808290210,1.6691256098,3.8016021027,2.1441475737,3.3335990496,1.4329030216,2.8394358247,4.7289937659,2.4023241717,0.3256087062,4.2051238753,3.3748222405,5.3910864788,0.5164565286,4.2544992113,3.0400546847,1.5351729742,10.5589746914,0.4468413659,0.1106552075,4.1145482355,10.6628064779,3.3049964782,2.8038043069,2.6469087890,5.0701912312,5.6407439650,11.1278735318,4.9824732589,4.2002876929,4.2481112976,4.4420402603,4.3688677587,10.8256362535,3.4305269960,0.0480864845,2.5859645410,0.0090705900,2.5035264343,1.1313048186,2.0715193008,1.8178785622,6.3368637973,2.1139810167,4.3064005089,0.4940147688,5.5926188115,4.0862246467,6.1219134078,10.1953606958,1.6048369152,0.9368284541,7.6918783197,0.8893720668,2.7314848808,4.3446803971,1.6591546616,1.0156848985,1.3892428557,11.0963972120,1.0351949256,1.3475562768,4.3182649872,10.2571453324,10.7967340309,2.9565026113,4.6772870826,3.3123770462,3.0476274927,1.6583326803,2.0397491361,10.5450082788,3.5784443429,4.7343638007,4.5429707619,0.3112230105,4.1843357834,0.7616879951,10.2564718083,2.4020676581,2.9318713629,10.5580876878,3.7747755914,10.5554426498,10.9151027589,9.8187657441,2.4202343725,6.4219934744,1.1809801261,3.0850648330,6.5597567671,4.2747302673,10.6681571693,3.9125499373,2.8146659072,9.4923712453,10.5723560193,5.2302392740,1.6237006782,3.4962588364,5.1067259718,6.3783637194,10.1277373256,0.3305608280,2.1099564675,10.1885098137,5.0997485205,0.6445133290,0.4789565843,1.5490958149,5.8388570890,3.3287790528,1.8929169717,1.8813839575,6.4219934744,2.3775604058,1.7763268229,5.6511965872,7.1524788385,0.1019215843,2.7430849460,9.6137626909,0.6418385718,2.6330781267,10.5558041421,4.9104747069,2.4940115702,4.1719770708,2.9328910265,10.4010721500,2.9610931640,2.9920775580,5.6168451466,6.4219934744,0.9184938840,2.1300378457,2.9859300187,2.9157804463,10.6218338940,1.1314095770,0.1174537935,3.5883684040,7.7927930877,6.4529260860,10.4895214029,2.3659106847,5.0923029266,6.3927896934,5.9145655918,10.3991148926,3.8457693656,7.9205559953,0.6409128659,4.6582950932,10.0997099512,3.2869665414,2.5709735672,10.0322452581,10.2565759596,5.1469311039,4.1204090101,4.4973254404,2.7273843551,10.6654116370,5.0447619420,2.0682904365,4.2536406140,7.8962327530,4.4077247116,2.7490526093,2.0786603557,9.6921971564,4.3870106724,9.9460900641,4.4919466538,0.3275728480,10.6341261485,5.1949473238,2.3860833140,4.2360863804,5.5390214133,3.9329364201,2.3480613692,3.3268032727,10.0322963070,10.2525078256,1.4559347266,0.3755112110,5.0216013219,3.2542167928,2.6306937487,10.5628269131,5.5165148025,2.0882287427,10.7447728792,1.3113667483,9.8447204710,3.5829457433,10.6995802365,10.3427775724,3.3323536557,0.6338861661,2.6581506526,0.3465006995,10.6669119612,3.6161537403,1.3062962482,4.3544010305,1.9129436330,10.3079641421,10.5926006912,3.3316311873,8.9139946524,10.3924281657,0.0752945520,3.8184380826,10.8255714322,0.9803337187,4.7614258387,3.6893234464,10.3392496088,5.3636809259,5.7524081097,3.7168422143,5.8117724307,6.9568600964,8.5014720051,3.9143050435,1.7129273886,2.3615575657,0.1370744330,0.4443021044,0.8180134887,5.9013287689,9.7755554946,0.5146361749,3.8776082268,0.0248931816,3.9558106864,3.7006457068,10.5385687689,2.2071789579,2.6265136415,3.7587674477,3.2158243049,0.8385902201,5.8012265975,2.9707894295,3.9137487426,5.3613790687,11.0247382856,3.3083715372,2.1333199943,4.4273103431,1.2338324252,3.5864123377,10.5474059093,5.3179329429,3.3377791594,9.9874908953,10.6893071627,10.5627486431,4.0543500299,1.2358599499,10.7119291604,5.8102134788,3.8271692957,9.1638749138,4.3896864892,3.9203099499,10.1532806252,10.3385054950,2.4968797738,5.2545195019,3.8101075396,2.5452810976,1.6460270728,10.6816654714,2.9454055920,4.5077248486,3.4801337265,0.5022227384,4.9765269768,10.9030392945,9.5827149934,3.4959718024,3.1435932609,3.2319098441,1.0311673012,2.4961407730,10.6203628682,4.9524395770,2.8131509976,5.1395798179,1.4679715807,10.5510479475,10.6359743289,1.2190114579,0.9972372289,3.4564326060,6.4219934744,2.7037522893,3.3118146212,9.7037162417,5.2576620524,4.3932330730,2.6685134357,3.4687515131,3.1406577562,5.4177339708,2.2757560564,3.3153232142,3.5383881554,10.3733687856,1.5553902321,0.3544375709,10.6372236598,0.1501533310,5.0142324272,0.6583773259,1.7927291260,3.3776794959,10.3359887356,3.9219089447,10.2284382795,2.4991049255,10.7042189049,2.2453446832,1.3063567012,4.7360407580,2.3056866519,2.0307830432,2.5554221290,10.7134049578,2.2244885607,3.9805346136,7.4526773627,5.9651754433,2.0836340782,0.2464159307,3.3685518475,7.7299317959,1.3743777869,5.9604320496,4.8228863809,6.8080424504,1.3769175642,2.2532808063,3.2128631996,3.3245275948,7.8913663581,2.7844211131,2.3158579090,4.7040093574,10.3860780240,3.9233807021,1.4838897653,10.6589978688,4.0353394268,1.3678311005,9.7152541039,3.7258483989,3.8411805277,10.0621715110,5.3875135906,6.4219934744,2.3990508103,0.3826532436,3.5615307027,10.4797556679,2.3184149744,10.6661519987,0.8690911845,3.2171698413,5.4410581379,1.2903271214,1.9375243447,5.2714716245,10.2761611677,10.4950597895,4.3311284946,1.7458319630,4.0762532968,3.2699613127,1.1324973757,3.7047424005,0.2329944656,10.9142089071,5.4121388260,5.4831735416,11.0470559880,10.9491615413,10.2090153635,5.6871436934,1.7449584866,5.9330114986,6.0374177305,6.2623013366,3.9650138407,3.5173801622,0.2501995996,0.5116540486,10.9308119288,3.0910367073,10.1023192377,1.6794747599,1.8176814436,4.7517261491,7.0575544017,4.2677828635,2.0922628452,10.3352428753,2.4449211554,4.4132838901,0.2644610031,2.3127421752,4.0542451751,0.7435809223,7.4335165524,1.1757306795,10.4937738172,1.5182691173,3.2541883882,2.8734252529,5.3911619283,2.2937270098,4.0653281995,1.5679601676,2.0069431365,5.5935653610,9.7508978310,4.0315635801,1.7793868546,2.0842997369,2.6763135785,2.0782082332,7.8736840233,5.5269581679,5.0711995944,4.3054529390,11.1195342617,2.1872809246,5.1543521659,1.1143496493,1.0817618738,0.0848606308,10.4252450864,2.9651391229,5.8937056052,1.9562441548,2.1651873221,4.4493695686,1.1108191388,0.2518285571,3.9680684984,1.8956336612,1.6389201054,4.7798209592,2.5275724473,3.6015305985,0.5194449796,3.0231706048,3.3825761674,10.8194150706,5.9131838378,10.6486682833,0.9942492088,10.2743738831,6.4219934744,6.9960652087,3.9275992526,0.3996998435,4.1402625166,2.2480510737,10.5872683709,4.1640139258,7.8961755801,9.8239271831,10.4798218914,0.5421977079,5.7584626460,2.1786604760,0.9578488936,2.5220264344,7.7513006364,1.4623282773,2.4649642734,6.4219934744,3.6300715839,1.7551653454,4.1253334001,10.4928570427,0.2562899312,5.1066291968,3.3655073367,3.4177192501,9.9962344968,2.3406702577,4.1936635238,1.3884591430,3.3454730117,10.5796288482,10.0587757773,8.0193909855,3.8389072981,1.9435262909,2.4432118861,10.5188626537,3.0015703296,1.8430848081,6.5207555425,10.5586459838,2.6692036339,4.3297569965,0.9969707519,4.7621693771,5.1802013860,3.8883302891,10.2421864419,6.4219934744,2.7041520827,1.4484832242,10.4160414794,4.8271976328,0.7553020414,9.1301595971,2.9915019791,2.8676361010,5.0570023005,3.3116384851,4.5795999748,1.8050675875,2.0675877663,7.2277586299,10.3869208465,2.5666376049,3.2369228234,2.6964986274,4.2456389956,5.1435996240,3.9773379657,5.6177493851,2.0001641721,4.6735607576,1.3055478118,10.7493326549,1.5656736619,3.0113621995,3.0583665563,8.6479130659,1.7281035356,10.8196579021,10.2420671818,0.2967168860,0.4914582898,2.0543093494,4.5306079524,1.0144349067,2.3574809246,2.9181030561,10.6110969878,9.5857712751,3.9238744003,4.4086237970,10.5067928247,0.5595327215,0.9833960092,0.9856852094,3.0237208218,10.5661926160,3.3738356801,10.1258164680,2.8176639872,8.2782853621,10.0893844753,0.6393273739,1.7248950173,10.7721992742,3.7032996983,3.7113609175,3.0335426224,10.7802503842,10.6652564078,1.6767298311,7.7933139887,1.3987190500,3.8610663482,10.7236402504,1.2107158131,9.8166295090,10.8197802346,4.0410567246,2.1658461594,4.4082847067,3.6279138813,1.1281397476,1.2354582059,0.7216824789,5.4647488646,1.0582256503,10.4964670885,1.5899099989,10.6297883443,2.2387776225,10.9984953048,6.4929351069,10.6025027614,2.5941115576,4.1461096456,0.4803709389,5.7447492465,2.0170364924,10.7432724382,10.6191277197,8.2310518379,10.4336702016,3.9433608644,9.3562744052,0.8093386555,0.5878095835,0.5442659365,2.9210646702,3.0866390729,3.1171538656,2.1447705868,3.5903702118,11.1269143863,0.3631428700,1.0050387527,10.5311623027,2.4758622571,3.1791180986,2.3222837457,3.1029377138,6.6599088024,3.4311260851,0.8188756804,2.8492270844,4.6307484889,3.1012423618,3.6090890863,4.5162018308,4.7222565770,2.5997746547,10.6716360195,7.6638776159,1.5759560308,3.3588058568,10.7492827628,0.9672002648,0.3261416248,4.6066679741,5.2519659426,2.6138914407,3.9599234490,2.1953606767,4.5631358961,1.7075754483,3.8046437134,6.6299618708,10.6130958304,9.9235152452,3.3944885321,10.2484397769,2.4601173362,0.6289146471,4.5145482391,2.3613675380,9.8028401863,2.9169249960,0.5892958127,1.7711447589,1.9106732994,3.6386682658,4.6718575262,1.9320394034,1.3272884844,9.9763828981,2.3994169198,3.0514375416,4.9921139915,1.6991978541,3.7875010658,3.7394848492,3.4534996172,6.4219934744,3.6175211873,2.6566110068,6.0683074608,5.4733202521,2.2868538920,2.0084754745,2.3146681341,0.4059082451,10.6638909253,6.5668552142,10.5390709062,5.1801462500,4.5770318045,2.9409973472,10.5727934552,3.8087976738,1.7740463196,0.7071181129,10.5826642187,4.7751876374,3.5660290719,4.1302925129,4.8150741652,0.6654100549,10.3894960308,3.7520796601,0.0643081660,3.2302772205,2.2012651775,4.4764802708,2.7746800049,4.2968682223,4.5679470435,2.1088616198,3.1511865777,2.6871625410,1.5172356556,4.9205686997,10.3960077627,2.2228960790,3.2024736295,2.0033647210,10.6914167045,4.7310761327,0.7917156075,3.0984189377,1.3317611422,10.1278061308,4.0103513095,4.0961014615,7.0672046841,3.3532044973,10.6610398306,2.0641313679,5.0602434353,3.5544467027,2.5805058691,9.0279179295,10.7478869362,4.8984298807,2.0591027352,2.6102071379,0.4280659987,4.7893900390,4.4265308462,1.8261164546,4.3367026276,1.8044759132,3.2288228287,3.0806345064,4.6312846991,10.3142256589,0.6488834528,3.4644373102,4.6012168424,10.2066374573,1.8307636682,6.4219934744,2.9835686476,3.1183999824,1.2711225655,0.8036872109,4.0792745877,10.7608388782,10.0017202118,2.0891602411,9.8636021347,1.9945652058,4.3044821060,5.0384305322,0.7752685446,4.8127270624,3.3815052591,0.2824007542,10.6569210800,3.8524240023,10.8098525665,3.4965253669,2.1341100153
AMH,0.5323436702,4.5149386490,9.4127788441,6.4052029494,9.2406982778,3.9582892482,3.5100858200,9.4928893326,1.3278753595,4.6693693347,1.6933566532,3.0337625946,1.7077574917,9.3425833912,5.0827232316,3.5524301909,3.0880508303,2.2510422745,4.3457976193,3.4478881469,9.7406527878,2.0100208727,3.1240298104,1.5477368504,0.9989555008,3.5611459738,1.3456809655,9.6482066538,3.4273842526,4.0492995145,9.8299384596,2.8941210582,1.3866460331,5.2325644665,9.5724812894,6.8804934765,7.0511306789,9.5549259253,9.3065838100,2.3899774786,0.3328294817,7.6504037579,5.9235466478,2.5306130996,2.4988717442,1.2859968671,3.9260260288,3.9909711243,9.3437244965,3.1093755524,0.9906566619,4.5659387396,3.3405960358,3.3945870449,3.6613116261,9.5013193173,2.4994785397,9.3405193318,2.4358178787,1.0884739575,4.5786582689,3.3417358854,4.5037725590,0.1538345654,1.9050757162,0.7743456764,2.4862792835,3.5163545961,6.5813966854,3.5417584020,9.4237583069,9.2475963874,8.5716255543,2.1955600434,6.1099776573,0.7727476895,6.4219934744,2.5799966853,3.9949862596,3.9854525309,2.1199264366,2.5702794727,9.6340742313,1.0648750704,0.1763733893,4.4395935944,9.2027177809,0.1149078613,2.6042330371,3.6023619699,4.0793817037,9.0309273866,0.3573046114,3.5574854043,4.3484143714,3.4690238901,9.5612410309,3.6757096434,10.0882800768,5.7040784788,3.0939207199,1.7492920533,1.9331607880,6.4042938214,9.8293685867,2.7357546302,5.2350880783,1.7566430658,3.9326582101,2.1487037302,4.2069106392,3.1803751422,1.6588739315,8.0123437007,3.3521994007,2.1572948677,1.6797707944,3.1874070555,2.4004451511,1.0549145954,9.8242846560,1.0719033557,3.8968839355,2.6310470242,5.2590344973,9.7511077057,2.7667263702,0.4123231019,9.8339611688,4.0778198246,3.4810173135,9.9630870606,1.7077080951,0.6922856779,5.0031691746,4.4448935131,4.5460280437,1.4254393758,9.4413468530,1.3801892806,4.0506875316,2.7312992797,2.2770103235,9.0408628871,2.6452148437,4.3678571020,9.5979564829,4.9150671422,0.5554480590,9.2067483803,2.7050112205,8.7665476180,2.7084810876,9.5269697407,9.4405056155,4.2384286172,1.5370370304,5.7161298641,2.3775077473,4.4876428966,9.8344868077,3.5772738485,4.6432826262,2.9981826596,7.6444044036,2.3524217359,1.7266969916,3.0488085765,2.6634970963,3.5394319612,9.4522560555,1.0857461208,7.4489256718,8.2423708705,6.1689154862,9.5041735055,2.9617412439,3.9920320003,1.8823193251,2.3352830327,4.0693704449,1.4269616591,0.7893041884,4.9768148588,9.4490034932,9.5920013848,4.2094939420,2.7910270289,2.4565310106,5.1081065559,3.3839921371,3.2789297162,0.1282310982,1.0938128211,9.8475516852,0.6419874594,6.3651877641,0.9684362628,1.0571294620,3.1947137954,0.8619391573,6.4219934744,3.1768603115,9.3056667338,4.5967585428,3.2161054249,2.4314086465,4.9636165160,1.9869417679,5.5788012121,9.7990049353,9.7062678442,1.1483127962,9.3736073786,2.6767147332,9.4029410439,0.7065933643,9.5098371790,7.5428584298,4.4879905057,4.3807339502,3.9874407275,1.2310955525,1.0533605754,2.7709021961,3.8180919175,3.8228244096,0.8552358027,3.3108399622,2.1747320903,5.0597669379,7.7125588074,1.3043270712,3.1799807235,4.7526129120,5.5397698788,2.6107750624,4.5369073096,9.6418347811,9.4948913215,2.6229812434,6.4219934744,5.2913775693,9.7760068783,0.2705055467,1.2311130577,3.6897548394,3.7134863854,1.0555665380,1.8787747745,9.6951996135,0.2515962102,1.6273243481,1.3398338237,1.3016262332,4.2213926721,1.9111976023,1.4834437098,8.1676273317,9.7410141684,9.9550482822,9.2956468422,5.2442019265,3.3307983029,9.5716639570,5.8771634823,3.1132026284,0.7330775523,2.6419046833,5.4350544825,2.7569947863,9.7866792134,0.4708245277,8.7262498857,5.0114703485,2.6616080451,9.6330182445,2.8427593798,3.0773513544,9.6102060529,2.0710357057,4.3636634129,9.7305571208,2.2108811222,5.9538306997,6.6465154749,9.9148964604,3.3214272460,3.5889865433,2.9911594003,5.6219519973,5.5060146617,2.5756337937,9.4863084759,5.1197935528,1.9494294142,3.4521844738,2.1384358261,0.5422688354,4.9201259340,9.7269177518,9.6930491838,0.9705598279,5.9425730948,2.3234847580,2.9871535593,9.2809608821,9.6414787084,3.9830925065,5.0956125751,3.1618433294,2.5482894764,3.9502662034,2.8314998433,3.7639944276,1.1957594005,4.6076387412,4.4431824736,3.3671893823,3.9122852290,9.7324521617,9.4855465190,4.5227083621,9.7391329089,4.2295819135,4.6581266301,3.0555795379,3.4558059006,0.7880626714,2.1974874088,1.0441327555,4.7354130566,1.1797984939,9.3385651022,1.7982206457,6.9812406269,1.5360224033,2.5356916242,1.1312611105,3.5223208170,2.1588539397,8.0372320083,3.6180156117,1.1952634067,3.5524292858,5.0599866106,9.1252197452,1.6000840526,1.8836105151,4.9915921236,3.3194378561,9.5840206899,6.1369765908,4.7691440400,3.6219038890,3.4924403705,9.6880366666,9.8020968803,6.4219934744,6.5232582015,2.9016725135,4.2096123435,10.1449824664,0.5248058089,9.3141060201,4.6108581844,5.4389506921,3.4593895125,4.5059988113,9.8683605937,9.8117041578,1.1828111736,4.1458244084,0.1925036228,2.9414559441,5.8610440842,3.6433555457,4.7551207711,4.6847816609,3.9067357529,3.2820554949,9.7138993897,3.1089712826,0.7371276397,1.0260624608,1.1743704381,4.2106251406,3.1271079582,0.0823575532,1.9991467089,9.0390612811,0.0666853488,2.2758659010,0.8729038845,5.2595006525,1.5276150737,4.9836139444,9.7905857884,5.4202856511,6.3351298404,5.3456779664,4.8313697022,9.7763883302,2.4383590617,1.5462965386,1.3468974961,4.9208595322,2.4288061801,5.3554198880,3.4818818230,5.3263326141,5.4119920038,1.3525877240,3.9348612976,3.8408361236,3.2708619837,4.3254961901,1.6923248435,3.5322165053,3.7208264877,1.2460785530,2.1401670962,4.6174784119,4.5408512701,5.4167703797,4.7084323598,1.6171616071,2.8518653898,4.2949191043,2.1868775402,1.8284782640,2.9251472923,0.2379503018,9.8639789648,5.1272551191,9.6101673835,2.4771047836,4.1664171854,0.4353000805,2.0661619459,1.4275856937,5.1067673920,2.3687879441,1.6951362203,3.1340238303,6.8296358781,2.4393802042,4.0054344284,4.4860588392,5.3359847966,3.8415197216,9.8043845126,3.3576415908,0.5406149968,4.1946843834,4.2495371029,9.3322963291,3.5799494571,9.6568304436,5.7264230381,2.3352320095,3.1329350990,10.0039575993,9.6342093156,7.0105816169,1.1838727979,2.3750405362,4.1837239979,3.4045707636,2.5326615326,2.1625902974,0.7555613080,9.8102162591,0.9657693944,9.3915250021,3.3944359327,2.6293846324,9.2831987737,4.4856234083,4.6570524736,1.3811989058,4.1185020071,2.0141519385,2.8791861829,3.2385818800,6.3533822050,2.5855553339,9.6287866087,9.5553274234,2.8175537795,6.8353519171,5.2515763610,9.9862411915,1.8642405437,3.2570493203,0.2070726577,6.4219934744,4.4477014252,1.3491550161,3.1469393379,0.0330897802,2.7074940169,0.4816376759,4.0635824754,3.1161863432,4.0274487997,5.8172152732,6.5505001299,2.5461871415,2.4241269842,4.1664182866,2.9256008789,3.4727835722,4.7219282972,5.3045727430,1.7573978998,2.7698818958,2.8777128662,3.6479450992,5.5259447742,9.3907090113,4.5913218352,7.9062708708,3.4089136354,3.5401356826,5.8923943262,0.2192495417,2.8945236921,4.9517152186,4.3801094317,3.3924332908,3.1921528227,9.8437389460,7.2053449245,7.0464593518,4.3720045286,9.4674616236,2.3635671422,0.1246772712,1.6173393698,3.8823657251,5.3327823708,4.8927462411,8.0533514528,5.4685978376,9.7795505097,4.3659585993,1.3901115435,3.6821192253,3.5243647730,0.1735186181,6.4219934744,0.1751181133,4.4996008421,6.4219934744,2.5870898268,4.1885763283,7.1589928511,3.0737467851,5.9769265664,4.2344948514,2.5437595779,3.4962432849,3.0631786092,9.8221145958,3.6314253444,7.6274957236,3.7658507016,9.4936257797,4.0729373213,3.4157907685,5.3538498800,3.5306488251,1.6530101393,3.4356804012,9.4012045777,1.1216288982,1.5756006368,3.3512343028,6.5231214727,1.0712443957,2.4959409238,9.4178629680,3.0813825812,4.5356877034,6.4219934744,9.5975087405,4.5331928884,9.5823256068,1.3716165008,9.4358545679,9.0622783878,9.4111345879,9.4520748429,3.8989445267,4.6552177578,0.3608929483,5.0378482861,9.0789763600,3.6288320817,2.6746935717,2.8263496636,2.1810882592,2.0242563868,2.3519293778,2.6500900052,3.6165448024,9.7460937428,2.4705969532,4.4422305625,9.7473770933,4.4958301753,3.6692290808,2.1669535373,4.8056842742,6.4335239451,7.8769642138,9.8489747425,3.7577491676,2.6217504383,1.5961592469,0.2563049167,1.2374281131,8.4972410962,3.0168686970,2.1665502131,3.0162308070,1.1382219464,2.4574534977,3.7358320726,5.5680619278,5.3806061755,3.0423026182,4.4714552189,3.8388356500,3.2716910552,6.6916539945,2.0241909083,4.9891400873,1.2942862971,2.8633341091,5.4881977316,5.4542416697,0.3420754358,5.6512550709,4.5447728675,0.3716085018,3.9347497355,3.1410738170,2.9035580240,3.8805622207,3.8278498464,3.6569929725,10.0137298504,1.1097594234,4.6913258544,9.1415253177,2.9589806251,3.7212977427,9.7182788253,4.3218463823,9.4180471733,0.1111195629,1.4704511448,9.7979557819,1.9766229709,3.0708835345,9.8279519484,8.8696558771,3.1670800176,9.6275321694,6.4609914853,9.8396707814,1.1391946650,2.5096207154,5.3485500232,1.9776046028,3.8428041859,3.7521997025,5.6890780180,4.5234331417,3.8013466447,2.3074841795,5.9546985323,0.1617444191,3.4436852170,4.9989767659,4.3494408481,7.2463145165,1.1264089558,1.7083678574,9.8509795931,1.7147116226,5.4093616099,2.5902142368,4.6328534675,6.0518297032,1.6606031298,1.8647235628,3.9613248375,0.7439984475,2.2683980342,4.3894382544,5.5638113752,3.1427860031,9.5879681090,4.8549470110,2.2873109846,1.5451232702,6.1681566729,4.3864288979,4.1935346588,1.2694603352,1.1625576047,3.6006509390,8.7959394398,9.3678229503,9.6117980644,9.9778365485,4.4351284230,3.9273245824,3.8493599951,9.3988112863,9.4275135554,8.4159733111,4.5792357913,4.8424370742,3.2409788419,3.4235187192,1.8074463547,9.8903582475,4.5301348925,3.1596343675,9.9341878204,1.7802815077,7.6928435446,0.0036686966,9.7732126265,9.7529758370,9.7419006811,9.7729630743,2.2889677225,1.7233979800,2.6925825387,0.9890574773,0.5713112540,6.7514399529,4.1188783831,3.5625666930,9.8246784969,8.4021483291,2.4206755135,9.6943329436,8.9937723537,0.7791873580,2.4677957127,8.9820144416,2.0342464179,6.4219934744,2.5125139257,4.1794421391,1.7635787908,4.3496484774,3.4359263103,0.9164635880,4.7081528333,4.6103561035,1.3602562005,3.6626560981,4.0564307229,7.9567406214,4.4829015294,1.4338917637,3.2799016692,3.4959197118,4.1486218507,2.4991893592,8.1964905480,9.3975288297,2.2271640530,9.6893133042,1.9648719558,3.1935093896,5.4036141859,1.2450626507,9.7175214894,9.3987585405,9.6184384547,4.0658813315,1.8302808524,9.8946132432,6.2362844903,6.0624726579,6.4219934744,1.0276421156,1.4364890084,9.4210660095,6.7688518668,10.0797741377,9.4090590628,3.6447326322,9.1963601457,2.6286891668,9.9327440988,4.4775383348,4.9409933371,4.8191654945,9.8551888677,1.6554625082,9.7424185437,1.4237318315,3.1363444292,3.4011976104,1.9994146108,3.9258755855,2.9045896903,2.3411873216,4.6873450882,4.9129364092,4.5831815593,9.5584639735,0.0487340850,0.2093143111,5.3456603426,1.1441013010,0.3236875008,6.0361708129,2.5588121629,3.4587008664,4.6132633042,1.6369670593,10.0525046127,4.5972483773,9.4315369661,8.8395814402,1.1049171217,2.1255542244,1.3407550230,3.1987188986,5.6551868880,1.1069046786,3.3107443881,3.4687453914,1.4400157942,2.7401964445,3.9693554575,4.4341979802,9.6443182263,2.2230868454,4.4016418293,1.2495352236,2.5436059161,9.7719205510,5.3178640718,4.3517807168,4.0432858814,4.8031745487,1.0890506022,3.4292656600,1.8429026746,3.5655551691,0.3979462627,4.9899379049,2.0681908926,0.9712407975,9.4737879882,4.0795724202,5.4455431154,3.6179338219,9.9404396561,5.7875438813,1.6130826600,9.8381213496,3.6889625301,4.4583998646,9.2251755723,3.8674054814,5.9952502377,4.9311975580,7.7955757999,5.5560231213,4.1987572189,1.3254757242,2.5053381296,3.2920869379,2.1823405675,4.0828723480,4.2686545479,0.0469337230,3.6757015950,9.5065656203,4.5503813547,9.4031713850,3.4287272717,2.3367805518,3.1132215034,2.7322637500,5.6378234995,1.0346894641,4.7884203708,0.2578625774,2.6826583883,6.4219934744,0.4311934144,4.6245934757,1.8388512212,3.7401332640,2.2763413956,4.7526087532,4.0776876191,1.9792667371,4.6255641414,4.5393516008,9.4901096677,4.2555609073,9.8695775163,4.2971634206,3.5712654530,9.6081960722,9.7536021653,3.6983348985,9.5744049825,1.6524384399,5.6705985613,2.7327657289,1.9432725792,5.6311654951,5.6321795410,1.8926988660,6.4219934744,9.3554097063,5.3664507248,6.5389372847,3.4469044147,8.8027014252,1.9512478847,0.0807107923,9.4492670014,2.7075425144,4.3127200192,1.5520641630,2.6645051409,3.8775544805,1.0300555083,4.2259254149,1.9784967086,0.2318208251,3.4615549112,6.4219934744,0.4394153444,0.5998803038,2.3208933425,0.2018582792,1.1339241661,4.4118353559,9.6634330634,4.1988364346,2.7564943115,3.6035908687,3.9333638094,8.3522409019,4.8920041913,4.6509464294,1.8725545561,5.3954364000,9.6889263340,3.6582445967,3.9065531266,2.6120617229,1.8969852968,3.9888522363,1.2586537433,3.0044872762,6.0176872832,4.4237672573,2.3979424180,4.9420427121,1.8986389648,3.5578059194,0.9025913804,4.8893761846,9.4444331188,5.4153436982,1.6838526951,3.6157484786,9.9439950036,3.4112069884,5.6205214640,4.1239157190,1.8542725459,1.7506670708,1.5649766222,1.8187269590,3.2732288770,4.1041915289,1.5994345303,3.8699396167,3.3839320877,9.8645404422,6.4130067942,5.5525566753,1.0127084236,2.2523614386,0.9131077642,9.6893729557,2.8493409641,4.0103909621,2.7431317869,9.6713016615,1.6855449192,2.5960074354,7.7237337200,6.0290482317,2.6408252748,3.1138515036,2.0583680568,9.8920731195,9.4547243090,9.8410138407,3.7440112205,2.8730668279,9.7995102076,9.4192668129,2.7725702465,4.2769866886,5.1849501337,1.8127487376,6.0524158200,4.3700752509,4.8760157467,9.9797159254,3.4634057820,9.5987822295,4.8642655511,3.6819053012,2.4642940137,9.6325471828,5.4676995845,1.0428403850,5.6318899571,3.5803079447,5.0268948756,3.1650641077,2.6929511982,1.8618801715,9.8299646022,3.3412746319,0.3044272545,3.4640387017,4.3260853837,9.1978449320,9.3681426606,3.9501304901,1.6587133139,9.6813205360,3.9093990646,2.1581793676,2.5618539549,0.9186625113,5.5275811504,9.3111553879,9.6336905955,9.7343012063,9.5942105023,3.5122826974,2.9596545492,1.5416536564,9.7997607757,1.3380007569,1.1297693200,5.5751370065,1.1331329017,9.9818251571,2.1392732998,4.1997130967,5.2779904803,2.6388032573,1.6218368723,1.0679125163,1.3543199854,9.9128751846,3.7479323155,0.7510532178,2.0041953023,4.0854943926,2.9613458309,4.1914817649,10.0594352603,5.9382175595,9.4751630269,0.3073144831,1.4297452246,6.5604208349,2.1095323964,3.6234451829,0.3065953419,9.5029576729,2.5274766414,3.8715348572,2.7848264224,9.7292763525,9.6616122558,3.7589701832,1.4170623427,2.5795923443,2.4939248366,10.0144470136,0.5892992370,0.1619695398,9.4677155750,1.0753143049,5.3112089320,0.3289350765,3.6092678202,5.4471801669,6.4219934744,5.5782127461,1.5564937660,7.0837510834,3.3997940140,2.8219279424,3.7853474959,9.6958769095,9.7836583716,3.4604343218,9.2238568784,9.7375902448,2.3815110174,1.0347453874,9.1367566531,1.7708400406,4.0096481934,9.3320878442,5.0236674230,3.0914624584,10.0716022546,5.8367504635,4.5196209502,2.5198970036,3.2420100502,4.6091667658,4.7847599732,6.1020611015,1.5199719266,1.3407874336,2.5848737537,5.8804254758,2.6809491389,4.5339529738,2.7383781087,5.8953404196,3.7933822242,0.0033340252,9.6540174625,9.4445099689,0.1851486964,3.6848952264,10.0799699712,4.2634359807,4.5828894586,3.4409389489,9.7686985521,9.6652577823,5.3097335046,9.0009835307,2.5286186366,9.4553655052,4.2923349528,5.8873914657,0.7368988561,3.2284113892,9.6483932355,1.6982771121,3.9004623834,9.5789136819,2.5287945508,0.5545332794,9.3280089230,2.8024429384,2.4436639626,6.4219934744,0.1435324190,9.6503458442,2.3456351826,5.9218272011,9.8705429209,0.3966010183,1.0811709082,4.5797887026,2.1051784485,9.7288616203,0.9723068133,6.5152738994,7.3898607153,3.2972711165,9.5951018637,3.6422020926,9.1344498661,4.1785787176,3.0584979166,9.9721172553,4.8782353338,4.0056739992,2.7546483820,3.0603252092,4.7151854490,2.5549890793,5.1211471873,3.2138660050,4.1387323331,2.4444010109,5.7601717172,2.5755916207,4.0572087260,3.8212795980,0.9240172039,2.8709723210,5.8018476284,0.8329387431,0.0426700281,0.7993763837,9.6080644540,0.4033976768,2.6142056492,2.4719944285,2.0397784634,5.6649772509,2.1807940083,3.4122318360,5.4593893416,2.3420186908,2.4838497993,0.3253077254,2.2765343144,4.6193459412,4.7544036217,1.3396904478,4.0788684268,3.6401261214,4.8351648075,5.9783804701,9.0649793559,3.9945743310,10.0043235368,2.2313876304,2.1867416026,3.0455172718,2.9218872049,9.7499708267,9.0347933595,4.1479935867,3.6919468465,2.0567607709,3.8215599320,9.4606233327,1.7443327519,5.1678843347,4.3530486284,2.3628706869,9.7605232894,9.5818799992,5.2581120883,0.8929320195,1.7972200796,5.1650330754,2.5611613256,2.1402140075,5.1228913335,4.6007154670,4.3102541503,3.3435967842,1.4756144761,5.0705955990,2.4995798025,4.0583734225,3.0928293231,9.9329374967,9.6268089432,4.2583755699,2.9995716952,1.5712858624,5.6232691937,5.0418524281,6.4219934744,4.1263310811,2.9053686534,5.4188974629,3.4355095330,2.2959907548,0.7213891949,2.3601696297,4.3953304885,2.6919931800,2.3632234206,0.7844766392,6.7596272385,9.3225866851,4.2685968354,3.5498034972,5.0341188886,9.7674072365,0.9668125409,6.4219934744,4.7159346441,9.7644859632,3.6813519849,4.1708420308,5.7292158152,1.8207179500,9.7968889866,4.4807418851,3.4534195835,0.1768122135,10.0683620097,9.5994041796,9.9225414994,1.8523097873,1.2204970548,1.9030413458,3.4844126149,2.3778750878,9.5132418113,1.1861302578,9.7834376975,9.5869917319,5.2069577958,8.1477000092,4.8711389255,1.7137980504,9.8689037207,0.3905374880,4.9131504669,3.3342195932,4.9336828563,6.4219934744,2.8420121645,9.4923965724,4.4819742756,5.1341132643,2.8523038238,4.1878288361,4.8886867972,1.1755332312,0.6236400741,0.0372117028,9.3048220022,2.8359905460,3.2907051839,4.7901573779,2.2972831287,5.0650806944,4.1571406687,4.9522316449,2.1193001625,1.5090451367,8.6842560405,9.9335011460,9.4005955452,4.5534389784,8.8284352491,1.2094950019,6.0984851667,4.9767963190,2.6816386661,5.1081210254,9.2316433560,4.3246725258,5.8232744073,9.6983206548,6.1656992322,5.0985942440,7.6799949321,9.8585481826,4.4296584000,3.8781872426,1.1691887062,0.0568712920,3.4426475228,5.9631326594,5.6471312138,2.2234537520,0.2907389487,2.3362555832,3.9454220092,1.5996049224,0.9987261155,6.0339304622,9.8484765941,5.3390409300,6.4494133852,4.7459344229,1.3409980413,5.9597744413,2.7322510675,1.6627079876,9.5123428962,2.6292374435,1.1942041613,6.1852585392,5.3238165373,9.5628622604,9.4931376713,5.2214580067,1.4861693320,2.3233577050,3.2770352552,1.4889417351,0.3257433037,5.3963734189,2.0191768930,9.7111156730,9.5205883607,9.6948482532,0.7010103731,2.3611389906,2.7230727732,3.1755586569,2.4529045314,9.4937413619,3.8535273105,4.4896375285,1.6798486139,9.6567749786,9.4687522893,10.0621166132,1.6608736338,5.1600409926,1.0753516748,2.6680660247,5.2735360040,1.4042153374,9.7555680726,2.0749197491,4.4728049141,9.7431196882,9.8055240726,3.8973970800,3.3017592650,9.8962763385,3.0374529435,4.1535095029,2.3865758339,0.1605763865,9.5304962983,7.6050694829,4.8571858794,1.4355871220,2.7707797467,2.4979445375,1.1695417058,1.8827923688,9.7922398033,4.9199634947,9.5056034318,3.2456323276,2.9852016152,3.5117528632,2.4260341860,9.3236057989,3.4426658566,5.5087084529,9.8556770843,6.9232381434,6.5027638854,9.2885723500,0.3079987275,4.9638551352,1.9012876882,3.5790615296,3.8158576998,1.3134754383,3.0909330194,3.9516645923,5.2351757507,3.1782202728,1.2921516268,5.7555114290,1.3861153749,4.1040036580,10.1424297490,4.4644405127,5.2180629423,9.5086694080,1.8264956343,2.3226734476,0.4510750901,4.6747237653,3.7737540817,2.5480888345,7.0732719093,3.4590689593,9.4302480245,4.9870931002,5.7355656276,0.7792095235,0.0026075815,3.0710846293,3.6793521161,7.1264603420,2.8629347833,6.4219934744,5.2650001238,0.3642308098,2.7380565180,3.6970459374,9.4798922897,3.7247521010,2.6696101664,9.4652547046,4.9472905919,5.9255278025,6.4162324387,2.3230520423,2.8046957993,3.2891720446,5.5404066482,1.5892418798,3.2181371209,0.5919207947,4.0589732358,4.4059214392,5.5980698626,3.0697603026,5.3402154734,5.5481456124,2.8624980592,2.5524654610,1.3780536832,4.0893235880,2.4112582875,4.9667166312,3.4332523587,3.9289153200,3.9904094332,2.9871094873,9.5422428157,2.9459521482,9.9574520773,1.8832524997,5.4897338625,9.5138438423,4.4948271765,0.3931827896,8.1872848840,6.7219422125,9.9592436772,6.4437689278,4.5986907284,6.9308131822,2.8661059442,5.1749523514,2.5652513441,2.8872060923,5.0496100797,9.3731197704,4.6253816228,6.4134573468,0.4849581930,2.2972109935,3.2302573287,9.7348816771,1.9993117437,9.9842944770,9.8754830783,3.3515138599,5.7642278517,4.0682197859,9.9609669994,4.8562530869,2.9293058534,9.6976046260,8.6886959996,0.7006476764,9.5419853014,3.1977962912,1.0074418997,4.3147209287,9.7054109172,6.4219934744,8.9992244145,0.4337551209,5.3550898009,9.4430189513,9.3850569244,5.6494319986,3.6539408389,9.3573346396,3.6722968692,9.9368884620,5.1910629217,4.4595131446,9.5818957630,3.8117914510,3.3740537999,2.9239862320,6.6967548009,2.0485266405,3.5500912788,5.8610748243,1.7173537067
NR0B1,10.5400698170,10.3218095265,2.8230478206,10.2966746461,7.2887104946,10.2850645549,10.2901938450,1.2873820697,10.4180198342,10.1652933244,10.6066807548,4.2330928733,9.7359414461,1.0942511374,10.3799053446,10.4990576493,10.0088031190,10.1203038531,8.4108915738,10.2105373295,1.4980075437,10.2867720394,0.3955035991,3.6247814439,10.3552641033,10.2172038051,10.1485058191,6.6679183723,10.5068668511,10.1601450316,4.3782671212,6.6417093129,8.8392607765,4.0920584896,0.3686591887,6.4525303848,10.5752885662,0.7760574699,3.2884194289,10.4485466785,10.3863672411,9.7568931480,3.4503983380,10.1224744378,9.4607502933,10.3056959586,10.8918174590,10.4304517574,4.9185877765,10.5527981141,10.0190617331,10.5568485642,10.3179387149,10.4671498911,2.2846640340,5.6180262741,6.6423186093,6.1410411757,10.4112920913,9.7984975818,6.3429234360,10.4416815432,10.2377770280,10.3223426121,10.5381619023,10.2239672470,10.4996044046,10.7219712839,9.8789547563,5.0607939348,4.3628997296,4.9903805578,8.6185881537,10.4341761484,10.5965037987,7.2577540570,6.4219934744,10.1256534457,9.7796216345,10.5016104330,10.3434324094,10.5841304044,4.3687244949,9.8261005150,10.1642917736,10.3639690491,5.1492370139,10.5373705860,10.3913242768,9.9338629161,3.7114784109,8.8086836525,10.3089216643,10.5697865835,10.4427283441,10.3670414076,5.6802882929,3.2589306696,4.1365589011,10.7775425025,10.4066229565,10.6435169110,10.5736913073,10.3301594817,2.3961728315,10.0019162779,10.7012533026,10.1682888799,10.0161975919,10.6186241851,4.5522428058,10.1530549618,10.7925492505,9.4603038705,10.3402773517,10.4967129272,10.6478567402,9.8211368883,10.3432023643,10.3177808021,4.8205077479,10.1142272361,5.8068130194,9.9076159876,10.6572218194,3.8872055265,10.3594590041,5.3464823805,2.1696352328,10.2349936954,10.1038928457,4.5551763286,10.5199310215,10.1369958805,10.2037081596,10.6015599049,10.4170614785,10.6838727092,3.8338936558,10.5910048755,9.5278764486,10.3801529963,5.3259781745,6.7113243328,10.4482477225,7.1475456477,5.4334130236,10.7640741993,9.9632315664,7.3949816803,3.6544756011,8.6660540622,10.5092059964,2.9208251696,3.7755473203,10.3664886073,10.3608979828,10.1579703310,10.3887955617,10.1002076664,4.4113494980,10.0536568643,9.9552068826,10.5294902760,10.2137373019,9.0291079968,10.2123241826,9.6009275501,10.8582127513,10.1005461710,4.8428100490,10.5440742165,9.7666393585,9.9887425670,9.9645266883,3.2945393073,8.8248959927,10.1683615327,10.1205754322,10.5411272500,10.1148198055,10.1378245409,10.5202883190,1.9071481253,3.0024673562,4.5558713469,10.4390499168,10.0164598676,10.3993256405,10.5643003734,10.6158324946,10.2722545505,10.3279409999,10.4097370993,4.2809243754,10.3801943860,10.4176066315,3.7262399244,10.2809485582,9.8603250453,8.3017464505,6.4219934744,10.1797494806,7.1982623171,3.7621901842,10.2696805105,10.3253428570,10.4948560755,10.6205223600,10.2463415785,1.2527402166,4.1882765703,9.7731706082,1.2537759555,10.3987561507,2.3827792171,10.1685675220,6.2348689009,9.0294977808,10.5431907032,10.7412794590,4.2840762823,10.5038355606,10.5135820856,10.2660251074,10.1493203465,9.2483687644,10.5730902214,10.2529260683,10.5622387094,10.4311643344,10.4209192438,10.7634644694,9.2236111404,10.2593963789,10.5216013380,9.8092690986,6.0679152832,6.0461158872,5.7964594883,10.0026496811,6.4219934744,10.3591730789,6.9988939009,7.0735863633,2.1744936127,10.2210348922,10.5569368142,10.5572612224,3.1025966402,6.9729780996,10.0979950669,10.5600755674,10.3590318774,9.6962222280,10.6942963266,8.9598995980,3.2783444095,6.1682979225,2.9583334117,2.4302582227,3.3336131678,4.0701547236,10.3966302579,4.8035400449,10.3468016402,2.3418983809,10.3649725092,10.3518907613,10.5135412889,10.1117929141,5.0982146767,10.8322089273,8.9702467340,10.1333366094,9.7136977078,4.5274965393,4.3753117472,5.9761118470,3.3862984893,8.7658710514,4.3082469190,6.0858028461,10.2932341351,10.5712197860,9.6734991572,0.3901691842,1.8272705218,10.4034302321,10.4691261782,9.9946124636,10.2325301025,10.6867303794,6.4116738128,10.2278940429,9.7145994659,9.7609127812,10.4857909965,9.1606425535,10.5999101612,3.2651736783,4.9268440977,10.7529692657,10.6157282224,10.1571216873,10.1467577834,4.4718148374,5.3656552435,10.9583249082,9.8389584553,10.1006112100,10.3970127672,10.0927288867,10.0116186703,10.9066286347,10.1346608118,10.4756252960,10.5234940228,10.5360744656,8.9067438595,0.3163608681,2.4066410541,5.0820227521,0.1203410932,10.3696366853,10.4842839565,10.4724364574,4.6891156530,10.1511470045,10.3537247478,10.3423317035,3.5753709601,10.4409483257,6.1010236662,6.8211431484,9.9854000289,9.8076853333,10.3561961051,10.8050537695,10.3021908594,6.6316257493,9.3973400745,10.5450639291,10.3546675538,10.1248119334,10.2416740681,4.2453592845,10.1786613761,10.7314288732,10.0677589291,10.3523463714,6.5024463123,6.2413210688,10.5769032666,10.5875424651,10.3756492491,3.4758661415,3.7372087494,6.4219934744,10.5814554326,10.5595495935,10.4119145875,0.3420424593,10.0767109949,2.9220424202,10.3857534593,2.8482976658,10.4993034888,10.2488388937,3.6002097769,4.1737255246,10.1318737681,10.3398329329,10.4894715782,10.5709475128,2.8384663059,10.6582177843,10.3106387329,10.0429641182,2.7908638219,10.7214093437,5.6614033078,10.4208027057,10.4010463778,10.3272084370,10.4058450070,10.6757721354,10.5637070465,10.6864438707,9.6051213423,2.5649874206,10.7305744027,10.2114949164,9.9721778185,10.0662438888,10.4394119607,3.9818628573,5.4765447969,10.5349787121,9.9941062259,10.1237111782,10.6486059716,4.2015205332,9.8347156643,10.3148833339,10.0520442847,10.3898765698,0.5743134334,2.5166424670,10.3102523606,10.6230996263,10.7468535001,9.9939802499,10.6010588586,9.5527297707,10.4541038789,10.0216036210,5.9206516633,10.7559673537,3.6425324688,10.3077966907,10.0037108687,10.2310555030,10.8683380892,10.4293452360,10.5170906707,10.6466061681,10.5206451220,7.5932431044,10.1989415858,10.3010123632,10.2159255930,10.2393177280,2.5640928048,10.5259133805,8.0618603125,10.3501006286,10.2252596338,10.6607101168,10.1781173040,10.6532486059,6.8120934372,10.1361998210,10.6332151476,8.3003149861,9.4148619577,4.2026802213,9.9670483273,10.3230005876,10.0364145132,10.6033852792,3.5096550162,10.6405022454,10.1661603736,10.4921604137,9.7455072644,5.5623553575,6.3970369895,6.4889231076,10.4816339022,9.4227889115,10.2893709613,2.7994265226,5.0497694315,10.5967562689,10.3747007776,10.5483601548,10.3561039147,10.5265259287,10.4914040225,8.9925995790,7.3338353953,4.0477363893,10.2429347094,5.7958230859,10.5554710109,10.3509540887,5.4369307063,10.6143194647,10.7933485504,10.7059798888,10.7639552301,10.7849485523,7.2176001945,10.3989260318,9.6597078443,10.4911736509,4.7085634444,2.1763396058,10.2037591036,6.3584909023,1.0029853785,2.3695671339,10.3726436086,8.3714900539,10.5878644645,6.4219934744,10.3350915055,10.4905612977,10.0282352302,10.4256125844,10.3169790916,10.3223547763,9.0311386290,10.1278140580,10.0534379907,10.6297134571,3.6235859782,9.8181267897,10.5784099741,10.4919169997,2.3467186601,10.2949054414,4.2820915149,10.7158582593,9.8849599508,10.0106282820,10.6244393705,10.2365642628,10.3853450889,5.5344375341,10.2947595196,9.2999947959,10.2313564390,10.4773165852,8.9547650317,10.5256421420,10.0857535009,10.1546978863,10.6535811543,10.3684601279,5.0313997746,3.1124527649,9.6780683994,9.8799645586,10.4048198160,1.9802210069,9.8106848589,10.5807042928,10.6074434401,10.4011599737,10.0972205373,10.2849226030,0.6077697745,10.4799449943,3.0229589312,4.9229149825,9.9913284037,10.6737866367,10.3656588078,10.1506793550,6.4219934744,10.4090749313,3.0319193158,6.4219934744,10.6873082336,10.2290971210,9.9192984166,10.6170973868,10.7162553112,10.7050161926,10.6324738404,4.1924122174,10.4439662385,5.5313587595,10.2481707367,4.8723948426,10.2347960849,3.9680017794,10.4545032377,10.2407534873,10.2034341691,10.3809971837,10.3277276539,6.6555595800,3.4225701936,10.4612630286,10.3088203323,10.2351542992,3.3505353394,9.7010185055,3.9037410945,5.0459431934,10.3185917583,3.1106181288,6.4219934744,3.0094113596,10.1039495960,5.7766993398,9.5932484064,5.3034177532,7.9499207399,2.0814924065,5.7190893718,10.4212308621,10.7812848934,10.3724846124,3.9792409852,6.2996790458,10.4621928750,10.2488394968,10.0922817898,9.4325034866,10.9111450565,10.0462976368,10.5998210906,10.6853859879,7.1956903834,10.2491648057,10.1963693791,2.9744803474,9.9036739436,10.5480226170,10.3808761412,10.8478013001,2.5643755240,10.0306924561,4.5795550474,9.7819209389,10.5462056489,10.4543464133,9.9378180576,10.0696931503,9.2225950646,10.3877123311,10.4170360365,10.2211961712,10.5257264028,10.7728163216,10.5632211324,10.8520563045,10.3830090261,10.5216297524,10.5782091335,10.5922914227,10.1605702248,10.8743199088,10.4854553526,10.7326323634,10.6291205798,10.6139180621,9.9523653906,10.6192303049,9.7229943335,10.2649125233,10.8063897875,10.7636679048,10.4077285416,10.4066534155,10.5887495909,10.0397518000,9.8707045165,10.6100787209,2.6199111419,10.3662164091,10.6694373273,8.3573180265,10.0822913372,10.7192235867,6.7922316186,8.2362126736,1.6920148355,10.7912955627,10.3654763742,0.3499856434,10.3453542589,10.5545821868,3.1444572291,2.6586406222,10.4654819789,3.3280670013,10.8859962316,1.5915349061,10.3360626864,10.0536624356,10.2416825991,7.6134248479,10.7354603769,9.9361185769,9.2360698700,10.5393706545,10.1573280351,9.5901560357,9.9636847917,10.4715841767,10.2660094035,10.3390264992,10.3875252742,2.6713786373,10.0996715834,8.2853246855,0.9666560458,10.0370369612,10.2898024827,10.4044084971,10.5127202555,10.1154696832,10.2494583848,10.1329001552,10.0727393463,10.1410826323,10.2357413581,10.5425274298,10.0316411208,10.3114684628,2.8142503459,10.6661085254,2.4651175730,10.0117831396,10.3207108778,10.4831282313,10.1194604454,4.2436419554,10.2974136494,4.5827782266,9.2832218608,1.5583129089,7.7846264994,7.7651342012,10.6052333832,10.6861654377,10.1031168631,3.9626187683,8.0769050401,9.3951018276,0.9312231285,8.5289797778,10.2629118738,9.7252531106,9.8161529752,5.9154694923,10.4110246081,8.9035678160,2.4837321808,10.5789560276,8.8926072043,10.1482904087,4.7522773667,2.6467490770,7.0430870598,3.0523184578,1.8708114708,9.9366870752,10.4894633846,10.3760906284,10.0395220395,2.6105240353,10.3119784632,10.5210891744,1.0862461288,9.4368790753,10.6051558345,2.8044114994,4.2895930879,10.2176818318,10.8422088087,4.3473169294,5.8241654622,6.4219934744,10.4714024246,10.5131714678,10.5379552788,10.7116457950,10.6047390495,8.8844916145,10.5085542820,10.5401908771,10.7646789861,10.7423333953,10.8348535707,9.7861189195,4.4266568754,9.7902700464,4.7912962798,10.2551289798,10.2881610671,10.5951675781,8.9849365852,6.0946366383,9.9030256593,5.6684190269,10.2808503891,4.2866092385,10.3364113594,10.6863440022,4.0671097965,3.6637209053,3.6945805288,10.3462546079,10.6614263090,3.7995805265,7.9708163902,2.0469382296,6.4219934744,10.2381875010,10.2075215162,7.6410000927,10.2958447668,5.0035512962,2.1246285282,6.7276190385,1.1504295013,3.3496811744,5.2602955220,10.3214118777,2.6795096647,10.2548607515,0.5523665089,10.5967285183,1.0538034932,10.5175230490,9.9737511340,10.7124175804,10.0566036608,10.6199440401,10.2132476899,10.2648817313,10.3762670440,10.1987795387,10.5775273887,0.8298932787,9.9604476962,10.4494022626,10.8622814440,10.2275552964,9.9741139962,10.6796047460,10.6629016718,10.8360697274,9.9368872869,10.4357569856,0.2148412896,4.1331344189,5.7571388119,9.0545493650,10.2725026201,10.0970125168,10.2502893866,10.0697290082,10.0341926992,10.0904259993,10.1875520074,5.9093960621,10.3222796549,10.3550617963,10.2650639731,10.4445581614,3.8757672805,7.6408910862,10.0804253082,9.9371616824,9.8783498266,7.1132658018,10.2759206242,10.1207498574,10.2125626197,10.0396774144,9.8042207292,10.5330314682,10.3389981795,10.8452900229,10.6949021623,10.6994799326,10.7497092037,10.0026285373,2.6119998558,10.3964436118,10.5999140107,9.9734542853,2.4062862384,10.3731439438,10.3362595074,0.8811902342,10.6232525297,7.4399429741,5.9219800075,10.5441992880,10.3310855984,8.0853167245,3.5987192349,10.4303527291,10.0570500553,9.8857679519,10.6183317371,9.9480965328,10.2303946500,2.5714578775,10.6005101508,10.6860568196,10.3093372149,7.3509683482,10.0678887926,6.0481929311,4.2755544445,10.5938170676,10.7512574200,2.6089117899,10.3381917663,9.6310140845,0.2180136531,9.7436067027,10.6675291692,6.4219934744,9.8314001018,10.3309722849,9.7711026839,10.3255377654,10.0078108982,10.5782084568,10.0079734052,10.4073544919,9.6481263501,10.3311777954,0.6400966369,9.7796702903,3.3179508441,9.8407191766,10.1474607439,4.6025019683,6.2182926247,10.3638675262,5.0537339671,10.5696437296,10.7729799774,10.2882963277,10.4635540281,10.1547531284,10.2304131955,10.4209380451,6.4219934744,4.6009288927,10.2992260355,10.7927785058,9.6034285992,8.4538432592,9.5234841550,10.2043741467,6.7171949722,10.5258170391,3.1783884092,10.6912860925,10.1135102628,10.3267069509,10.2711476241,9.8903480149,10.2894533321,10.0136182478,10.4597525639,6.4219934744,10.3804047098,10.4138946690,9.9763319493,10.0757906752,10.2856725036,10.5919107129,2.1171200465,10.5928376602,10.4132510850,10.1159043432,3.3144115729,9.4481207582,10.5688927105,10.2125354925,10.5322282115,7.2769019785,1.7531146528,9.8622292412,10.3013420628,10.0806225015,9.9063743027,10.2348104966,10.2014085415,9.8306643512,8.1213846571,10.5808260648,10.3117550537,10.3794952179,10.6281699310,9.0284871871,10.6771480111,10.3180423207,2.1301978785,9.8764944036,9.9096454205,10.0841859005,5.8624433040,10.1044630289,10.1863604828,10.5890032706,10.6922868251,10.4154074989,9.7106569716,10.0517599209,10.3700078181,10.6491184303,10.8794636687,10.7069266497,10.2459292137,4.1911643334,10.0028445341,9.5621834849,10.3443309372,10.4818011831,10.7894401630,3.4085439141,10.3057367188,4.3567211578,10.5636724388,4.7552284244,7.4262797869,10.5333075828,4.0731002334,10.3259487557,4.4487806418,9.3099459871,10.4292689907,5.2493259916,1.2884448273,5.0375649148,8.6795660906,10.2710000634,5.7799508368,1.1600856908,10.5221666115,10.3226708784,0.7246037450,10.4950393383,10.3049576186,1.5936159815,9.7943333283,0.8501906906,9.7142616643,4.6062135813,10.0292227209,10.5617339870,9.3046349221,2.5237898466,7.6811774014,10.4860171196,10.3366582446,10.1623263842,10.2352155583,10.3032309814,10.9455245144,10.7782536194,2.3501986490,10.4140041871,10.3744458250,10.3610643415,10.3469065158,7.8653678436,6.3188018838,10.6514458806,10.4799292020,2.0685421974,4.4775918873,10.5618961155,10.6558768538,10.7556654026,10.3967125783,3.4477796201,1.4638768007,6.4612971224,5.3769195364,10.4979236711,6.5096723385,10.3542148484,4.6050083897,10.5059664239,10.2544987821,10.1787209287,4.4007387415,6.2511555236,10.4498487349,10.3511638256,2.0712575791,9.8476044284,9.7331690132,10.4869430893,6.8073557265,4.9672238997,10.3631982603,9.8381626076,10.2662501359,10.2964082770,10.4657781489,10.3706885649,6.2450739656,10.4307255852,4.2809305583,11.0353691874,10.5501834309,7.6338312432,10.7129567138,10.5412500992,10.6012270055,7.2247018139,10.4094550442,2.5230138480,10.5085984322,7.8459063067,3.2055585504,9.6542163139,9.7659359209,10.5489899455,7.6264234988,3.5099109161,10.3310231330,10.5856053925,4.4965546168,6.8875440662,9.3127092784,10.1087778631,10.1485924193,10.1540229489,6.4219934744,10.0138547900,9.9363879421,10.3568487684,9.9744308999,10.2973001745,10.4140416432,5.4259701041,2.6504092930,10.2949697814,5.7370767610,5.7563263923,10.5061104669,4.3043878643,8.6091744315,10.3153069221,6.9098831601,7.9969933134,9.9341541792,10.6240420795,3.1023859996,10.3365479793,7.1675327085,9.9861597220,10.4200053179,10.7703439699,3.8150327212,10.2432170398,10.6677761281,10.4490387790,10.5850160032,10.4497427735,10.6006857788,3.8951998299,10.1876142938,10.4937902928,10.0899879416,10.6040960892,2.8071015274,5.8016101644,10.5594584580,10.4661475058,2.8697159922,10.5071476679,10.1363127818,10.0130525965,0.4548887871,4.9315646134,10.4784703828,9.0318558670,10.1117631859,1.7718961733,10.6075781126,10.6468112331,7.1972519900,10.3830417087,4.8575676344,5.0639582146,10.4079924201,8.0863352867,10.2823496464,10.6044206476,4.0829241901,9.9646275226,10.0011778271,6.4219934744,10.1133460462,2.9070050917,10.1545802647,8.9988477231,2.3722695221,10.0432822789,10.9351416848,10.6115480180,10.3689643719,3.7998313093,10.4638488458,10.3303844042,3.8371803373,7.0967235557,7.9672878610,10.2547282645,8.2527590171,10.4445002754,10.6570473156,4.3536774655,10.0280751332,3.0702030394,9.8353631735,10.2889707723,6.1090799674,4.8253417054,1.4034029353,10.2993635420,9.9675597824,10.3238875470,10.3098313976,10.4030677862,10.1783051829,10.7513433812,10.3716739191,10.6547473064,4.1737545725,9.6980861839,10.3323460749,10.3847880930,2.2483461085,10.4342221527,10.2051362059,10.2984472163,10.5891536444,6.1060250209,10.5360684393,10.2867005009,10.3712849860,10.1598167845,10.5798829467,10.6572759537,10.2904451690,10.3050777758,3.3002594395,10.5370000260,10.2449903880,10.6259494302,10.0600603549,9.9983064700,8.1267452349,10.5695643502,3.9623385422,10.5688208671,10.5747573361,10.0974405303,10.5548525367,5.2824272141,8.8740870817,10.5198861831,10.4186519738,9.9803955496,10.3830024617,5.5964843170,4.2712854675,10.8551214181,10.2559544938,10.4014023207,4.3471498581,3.6918543800,2.3317869795,10.4695891986,9.9818032714,10.6964561832,10.3870859753,10.6808730548,9.9342272685,10.0367459414,10.3330677304,10.6099759972,10.6455292180,10.3995771015,9.8689235537,10.2860702131,9.4665623015,1.1028258113,1.1664079143,7.7106106785,10.5623657890,10.4582723897,10.4213862290,10.4575121258,6.4219934744,10.7891545937,9.9948253130,10.5039432309,10.1915776598,10.5147280318,1.5667771552,10.4477875231,10.3873265068,10.2287564905,8.8724560453,10.2769764419,10.5021484631,8.3114879499,10.3849719920,10.3644324782,10.2281553085,2.6249991452,10.4365232829,6.4219934744,10.3321961903,0.2322745553,10.1903465258,2.9349005232,10.4549681111,10.4488796104,3.0888981721,10.1342430590,10.1311450842,10.0105623191,5.9232597469,3.2862488040,4.4751619483,9.1711071814,10.1431616158,10.1540383009,9.9304843215,10.5666438837,2.5106599163,4.7054760330,4.9694313554,1.1871502071,10.1559233909,6.4336068266,10.5870765563,10.4737856090,1.3093873250,10.5893160679,10.1527009916,10.1342579099,0.6656495060,6.4219934744,10.4460342376,4.5539610146,5.6359116339,10.3170649160,10.0990959841,10.1293911984,10.1979819855,10.3595340378,10.1995640995,10.3773663063,3.4837508624,9.6984792018,10.4111310575,9.8104369595,3.1131623123,10.4149817428,10.5631597465,10.4581428787,10.1002629999,10.3097362481,8.4031870907,4.8111791715,5.1589818071,10.5439703702,9.1686869762,8.9994985476,10.6000360172,10.6499557951,10.5009517997,10.4664185002,4.2476396128,9.7170556887,10.1276332366,1.6694130631,10.4122174865,10.6001551856,9.6512340877,0.8257459880,10.1983921966,10.3822257685,4.2144808315,10.4594842499,10.4619430850,10.5896116186,4.9140914025,10.1132061444,10.4172511449,9.7404930683,10.4580915231,3.5855770168,10.6392840903,9.9674419497,7.9368615471,10.3893326773,4.9643258066,10.9570201409,10.9563155522,3.5731719101,10.2463358339,10.5795076714,1.5707898811,7.0435301028,0.6505820814,9.2354057398,10.5592719936,8.2118049509,5.2486984817,3.8843584705,10.5108499399,10.0496934271,8.4329865781,10.1977637074,10.1320409495,10.0204093392,10.6789894807,6.8321273000,2.3976293734,3.5889566553,10.3096320229,10.3147634961,8.2690114726,10.6617639056,0.4262682234,4.7151274190,0.3803613624,10.1690328496,5.6958677378,1.7072967134,5.2873567638,1.0956974848,10.8522606436,10.5613934081,7.4371758218,6.5530313340,10.2539056075,10.2465018289,2.3583922211,10.1741184639,10.3612660063,0.1557072294,1.1652416473,10.6180677279,9.9483741705,3.2141665504,10.5895136081,10.2215265522,4.4166713546,9.9002418601,3.1017988343,6.6006161181,10.6521194365,10.6832514636,9.5573576133,10.0919649127,10.5562306335,10.3925525673,2.0502688806,10.1257314977,3.6342407685,10.6355473797,10.3945726351,10.7838204614,10.0533614100,8.4343925538,5.6422242857,10.5910195396,5.4333134866,10.1458963896,9.0343649216,6.9526174264,10.6376705002,10.3146002754,10.3110147246,10.4612026433,10.5683957584,10.8462962450,10.1939333446,10.1187639331,10.6086723818,10.6494394717,9.7760691175,1.2087011062,10.3509156968,9.7038638903,5.7732182532,10.3502175497,10.2841030507,2.3010475262,9.5013479037,10.2967780009,10.4387091148,10.6590382467,10.3490935806,10.2970597920,10.1741704210,10.0908515964,5.3314511277,10.5038999198,10.4227669702,9.9031591590,10.0222096751,10.4086707027,9.8800640529,9.9273997192,10.6809204275,6.4219934744,10.4048279093,10.1389819686,10.5685913454,10.6117665891,4.8307289918,10.6312571813,10.3785398797,3.2677059378,2.9174233044,10.1886063936,4.7583806035,10.8472587922,10.2994148244,6.4383834392,4.3138763891,10.1057279583,10.4698607169,10.1662070916,9.8900741511,9.9215168680,10.5156116436,9.8114448284,10.4806093610,10.5020654987,9.4508487462,10.6331153524,10.6644641271,10.1840156926,10.3530413851,10.7939038207,10.6620190823,10.5410863876,10.3742175648,10.1784303967,2.3208562971,10.5348156431,2.7343832226,10.2637467727,3.7495501600,3.3638990862,10.6530206497,10.4080421561,5.5453340721,10.1424681383,5.2754091567,11.0256093898,10.1272552372,5.3427850154,10.2945006299,10.6785072639,10.3807639598,10.5084197447,6.4175580501,1.4320626782,10.7624660381,10.1039949899,9.8235560920,10.3346984274,5.9094117745,2.7300795974,10.4877980410,1.3045593298,5.3544329979,10.5014711693,10.2649094640,10.7183160052,3.8547282151,10.2664543160,10.6635255097,0.4221535897,9.3618536258,9.9993181111,3.8010753284,10.3847969487,10.5991143420,9.5148582031,3.0308051527,6.4219934744,8.1901174711,10.6351888326,10.4938520887,2.1440535876,4.7222301585,0.3413184494,4.9486622011,3.1255407393,10.3395248746,1.1496155171,10.3965419219,10.4552138111,4.5674436757,10.3655408908,10.4534444559,9.9295287330,5.2131586857,10.6492364582,4.8828705393,9.8903380445,10.0701192216
NR5A1,1.6245025464,3.7459937021,9.3814365433,8.6404044066,9.9264341028,9.3442814284,3.4881455356,10.0836578437,4.1367326705,2.6938033264,3.2864268961,10.4888123872,10.8908418716,9.8248687672,5.2334448052,5.7868072140,10.9881051169,4.6711426871,10.4543402504,3.1006589906,9.8010353402,9.1597402884,10.6604887953,10.7058366910,3.0149164643,2.9045284210,3.4200672654,9.7628311554,2.4792825225,10.4725292996,9.6433498973,10.4287218805,10.8099313299,10.6780976581,9.4768653940,10.2835083486,3.8620687086,9.3296779377,9.6667974849,9.6666030869,5.3538732515,9.8698890839,10.6546532928,2.2974051082,10.3831229177,0.6522690860,3.7596138991,5.4353838782,9.4790531164,3.8752945547,10.4381568063,7.9200582695,3.4948998824,4.4952731273,10.5688624356,9.5865368451,10.8671050319,9.3411696881,3.6412756105,10.5686082339,10.4844997294,4.9455454202,10.7777832767,4.0049449106,1.5203131695,3.5256206250,3.1504780489,4.9324288988,9.9975626358,10.7381752692,9.6569973182,9.5521747818,10.1290314874,3.5221168034,0.7714465910,10.8585897372,6.4219934744,2.6358269109,10.3491992850,7.5701849529,4.7962272660,10.3980873436,9.7484120460,4.0637053155,10.2707190315,10.2610745566,9.9721363846,9.4145593715,8.5154467772,9.9904478996,10.5477662032,9.2738907581,10.3092452389,2.6510893023,10.5615920080,5.2294033498,9.6751326960,10.8581751696,9.5561419938,4.3482454789,6.2783302215,6.6503991005,4.7741012122,8.6225850566,9.6125299076,10.6583321737,2.9403120395,4.6274636491,9.9446176129,7.0124085633,11.1735122640,7.9944826638,6.9939381685,10.4372356667,4.6950546384,1.5240481779,3.3581938652,7.4718443135,4.6923268588,7.4863965526,9.9489767902,10.8798907367,10.5322566588,4.0175024122,2.6281134592,9.4250318013,8.8605041944,10.4173233892,9.3623338209,1.5174558239,10.4232560937,9.3369455876,1.1833342355,2.9677396623,3.5875123253,2.3463829787,4.0210081500,4.5070603015,9.8263007118,4.9880452742,10.2876816344,2.9113027863,10.2506238608,9.9549199513,10.9655634874,10.5074862607,10.0091362714,3.9454533347,9.4449390014,9.5994820097,10.1934846080,9.9515950635,3.3659788555,9.7953548096,9.3107421479,2.6232721888,8.6772838766,11.1159554568,4.4185507965,5.5159942791,9.7652198032,7.5039099831,9.9994506245,3.5085871853,9.2182223730,10.5489941076,6.4531578330,10.2202223084,6.6756568216,6.5375614970,9.0325328848,3.4525676016,10.2278497954,9.7506787098,10.1091083733,9.7179511145,10.4139544349,1.5248080729,4.2661174717,9.4919193753,4.2147292123,9.7452048898,9.5719464127,10.9986923673,9.3363212147,9.7256269198,1.6830820521,3.4160320724,5.8967464675,3.4667524042,4.2965858481,2.9723730899,4.3982888596,4.7247326514,9.5467482707,4.8650714304,10.0116056101,10.5437435920,5.3954001749,6.8575025408,10.7933439892,6.4219934744,4.1706047232,9.8894002517,10.7019466525,10.2696268523,6.0094412872,6.3388706269,10.6972908578,5.0870186543,9.5111994326,9.5167608182,10.2983322920,9.4139621833,3.2790711210,9.5706035952,5.8129947714,9.1461632069,9.7902054341,5.4627129337,5.4835758527,10.6148381830,5.5679323016,0.1391477888,5.9724524913,8.1992774527,10.1871054276,3.5064903066,10.3877895390,5.2739032286,5.4936688301,4.3062350483,3.7208144954,11.0824543877,2.7718794702,10.1708757570,5.2867235769,10.8148938054,9.6719765583,9.5513696496,10.8039718608,6.4219934744,1.6342832541,9.7144666477,10.6703363480,10.2672180915,5.6337278859,8.5737999447,0.0603129495,10.6841590411,9.8142011202,2.1858990702,3.4195970005,5.3320550574,9.9964507214,5.7646711791,10.4285611477,10.8096797191,10.3676398190,10.0958320671,9.8047585083,9.6413537061,10.2646243705,8.6764899277,9.9632168186,7.0991828519,10.6782987475,10.2755897240,9.0698377919,8.5575870638,2.9137817214,9.6449834243,6.9131098307,9.3620827460,8.6973579279,9.4155354456,9.8498700478,10.1695738111,11.0128936746,9.4529098380,10.9874465842,10.2369081836,9.9163236835,4.5828954477,3.7632057696,9.8475203405,9.4693276525,10.3810330266,3.6323388030,7.5977196889,3.2072643845,4.8874161867,0.2971737293,9.8080825309,5.2445558298,10.7485261950,10.8506018217,0.8130665681,10.1492006230,8.4605787659,9.8045876010,9.6573621505,8.9925372763,10.5324435075,10.0762418796,10.5986402953,9.6240604348,9.7174556750,10.4748340984,9.9734336104,5.8483176265,10.6531043093,10.2062749625,10.1923617503,2.1638319265,10.1834070026,1.4343895616,3.9948184802,4.7763207352,10.5638875503,9.8862858783,9.3144780376,10.4313832873,9.7218285061,6.0825318322,1.1121923005,7.6682701048,10.5426038661,9.6521763216,6.7894259151,5.0946976974,10.9974344267,8.6896217929,9.4783881819,10.8216303280,10.2603998230,10.9184399086,9.5241715153,4.0305518412,4.8687429813,10.4793144447,10.0753592352,3.3089255017,5.4225562129,10.5140743567,4.7696653386,9.6118378756,2.8437062168,9.9334678475,10.4172572732,1.8327751858,9.5952867478,10.6931740669,6.2612259276,10.7523765507,5.6562858296,9.8803182427,9.3375050259,6.4219934744,5.8648920383,1.1920593194,6.1178754608,9.9745094285,4.6069177918,9.5390881129,2.6250443048,10.6650588665,6.6045836505,9.6872192458,9.6225007228,9.9983972747,9.9793175262,10.5751397496,5.9613009614,3.6097885735,10.4304437250,1.4674388580,6.5555655402,7.0059875219,11.1905997714,7.2367629650,9.7362750244,5.0065683275,3.7220605152,5.7697665290,7.5104344660,7.6476060284,2.6765376206,0.5808272142,8.6241557020,9.3199991844,5.0441077465,1.3219500096,10.5158153507,2.9414989980,2.9968992020,10.4268867089,9.4253942886,5.0264165712,9.6962709088,8.1491264658,3.9073448030,9.4887329254,5.7829054392,9.5511396253,5.0749277990,3.7163707480,10.0263837125,10.7332756778,10.1061657268,10.5554744694,6.4386331443,10.2731578515,6.7296836847,10.1685573017,6.2647814988,10.3906222423,10.5618973064,5.5543280717,10.1790883292,8.6907356550,6.1144791621,2.3451009690,7.9919358556,2.2022996577,3.6684318309,6.8556459921,4.3048627370,10.6742467948,8.0816884288,4.9844423776,9.4138844716,1.4920003977,9.5335411250,2.5462664425,9.8225489775,7.1280728518,10.4161834604,4.3642826242,9.8764840214,2.3901438127,10.5988425485,5.6780558515,7.1183335932,10.1794912071,9.8636520642,10.3158308491,3.4894491492,5.8279570822,2.3382898302,0.9373447673,9.5501357864,10.7727854170,4.4362666368,4.2927298857,9.9464251788,9.5839254813,11.3171443608,9.6281705814,3.5782897556,10.4777607074,9.9819107312,9.9009788749,9.7074856822,0.2425682707,9.8161177385,2.6931408541,10.1433020169,1.8268701964,3.0745341396,10.6674909311,10.6011494211,9.6382821492,10.6110484250,9.8173552949,4.5985118187,2.3973561126,9.9071481569,2.6117514720,5.1715421426,8.4609388416,5.6167983861,3.9142642240,10.9075870619,4.3408393877,10.4640884099,3.4137351260,9.8942098904,9.7812865794,0.4383603691,9.7730776656,10.5787760025,9.5454719268,8.9421718374,10.6743421242,6.1367935371,6.4219934744,11.1828881409,1.1628097898,10.2195592709,1.0597751947,6.7778121720,10.4047862266,11.0646290716,10.3890926865,10.2731755220,4.5658081777,10.5486788876,10.2065286331,7.3450587392,11.0560382517,10.3377390566,5.8921299248,10.3849585146,4.3701078938,7.3305256748,9.4362463520,5.3830742769,10.5880802618,6.9984660230,9.7449534747,6.8548949078,10.4675620687,4.6799066956,5.2953601816,10.7383722091,8.6761838384,10.7969590717,8.4670792846,3.4587857798,10.6090734196,10.7483607796,9.4838902912,10.1355001226,10.2620920089,5.1770238496,9.6689715866,10.3521626587,2.2554196461,10.5851904851,9.6021909632,10.3714798743,5.5228745865,10.3204267903,6.0210016025,9.7488633972,10.0117150719,6.1365183259,1.4814144616,3.8147202574,8.1043571787,6.4219934744,10.3643886158,10.7382323282,6.4219934744,10.8452724148,10.4898121787,9.9106266811,4.4037621257,4.0748268408,6.7335837011,2.2241622073,10.7504702779,2.7544908212,9.7796778881,1.8868062801,10.6281171018,9.4103449148,9.6179681696,9.4983478117,1.5668436433,0.6510642348,8.3469402018,5.3391088713,10.6266585542,9.5171128999,9.3153809670,4.2136707078,10.0194292833,10.8710516478,10.5943960798,10.3984450340,9.9188301211,3.1454327683,10.1055795616,6.4219934744,9.9290343520,9.9268660802,9.6841631543,10.2034697909,9.4986390563,9.2010395526,9.5251087408,9.8497810422,9.0411953294,4.0754490178,3.8957816441,10.2946986061,9.6243068579,4.8549066846,5.6564624736,4.0546457712,10.4009788944,7.9590020457,9.7527572992,2.1090352280,3.5475653379,10.0220625597,10.1198007534,10.3450598964,9.9543520738,9.3361353317,2.5155338315,4.4145021058,3.6948239768,10.7875644352,9.2631104874,9.6234690614,10.1766900820,6.0525198527,2.6672871187,9.7862567391,3.9531951931,9.4340400598,4.5980636438,3.9576806060,9.3357327738,6.2921620865,2.4570481464,2.4874483837,5.2871354917,6.9640403117,8.1495008392,9.8255151004,3.6862797268,9.8116917688,0.7709533696,3.4038196243,1.0986844521,2.1437823918,3.0232532020,2.2003087192,4.7479811797,9.5984904533,8.4077158481,4.8613445555,7.5542966353,10.2694503160,3.9283729078,1.1292771696,9.0418266343,1.9467746806,5.7389644675,9.8556245751,3.3123208510,1.4701913949,9.2559208127,0.2772065934,4.0209037388,9.8462924230,10.9339965594,9.6769036811,2.3512264177,7.6371782094,9.6931748242,7.2650456703,10.6280034663,9.4724708942,10.0282995614,1.0991309999,9.5511302786,10.9561828812,9.9935770186,4.1002451802,10.1965136714,9.5200440201,10.7521087728,10.1663107187,11.0328801240,10.3549917568,2.2429336682,10.3141285620,10.2312383135,9.8540998327,3.1312912624,10.0091795092,5.7971838171,0.4655910631,10.7359691104,7.9228784694,11.0179445465,9.3674768725,10.0128997262,5.9180823425,1.7587637170,0.6279733117,3.6264604418,4.7576538772,9.3288424879,10.5834934640,1.4556426261,9.0307886493,10.5270227651,10.4823880661,10.4103316708,10.0902669621,4.1992480312,10.3722308013,10.6143473260,4.6171909183,1.2001445429,4.1144276034,11.0293354202,7.3028093858,10.6160064413,9.7312132146,9.6669671514,9.6933772457,9.4859230501,11.1748065324,5.0449670071,0.3052586554,9.4398281003,9.4702953033,9.7063109838,10.5672022033,11.1250816138,1.1713841848,10.5989511468,10.5187472866,9.8294622409,5.7082824451,10.3376963682,9.4463271145,5.8299914716,10.2847658447,6.5892134014,9.3742975550,9.6510841510,9.3517553278,9.3228685547,10.2749325578,4.1104715975,3.9160278576,6.0715668884,9.3811072189,11.0805223162,9.1176348794,1.4945112902,9.8169626849,10.1737728580,4.0108254730,9.9073973828,9.6247221627,10.1591371796,10.0806656426,9.8604758728,10.3571694257,6.4219934744,0.5198770470,4.8622145298,4.7192184336,0.5559507469,10.5179487109,10.5923864066,3.1777688466,6.8126936269,7.0927516815,1.3789891317,7.7042778986,9.7076628484,10.8235725846,10.0089846625,10.8427382141,9.5706415416,0.4013775428,4.9483578532,10.2272228007,9.4295517028,9.9911269857,9.5112889408,5.8109379645,10.3501697673,1.2463355697,1.4805127417,9.6265282750,9.7477439865,9.4607154232,5.5575361217,3.1415221161,9.6708347090,11.3284590876,10.6037986611,6.4219934744,3.0153921455,5.2728525810,9.9782841406,9.5270202672,9.7139612844,9.5694867142,10.7583921946,9.6896469038,10.6022747398,9.9968119281,1.3156243567,10.8287604107,6.0545434741,9.8022318725,2.7945752952,10.1174817584,5.3151746572,3.7675561406,11.2782528716,5.8066166520,11.0619769829,4.3369273463,2.2830887994,6.8669058179,4.3136339434,5.3212262805,9.8535387261,11.1672518280,2.3083983090,1.1404914660,3.1880730429,10.1740960459,3.9699170369,4.1821569551,6.0549991986,4.4015853041,1.9057841560,9.6045960990,10.5405241992,9.8838271369,9.6723997287,3.7972090086,10.6095365978,0.9390296954,10.1140953151,4.5883100037,5.4725638284,7.0454993573,10.1998827976,10.6323260848,9.5068948556,8.4768173461,9.1954108605,9.8896737457,10.6495002844,9.5723382588,6.5552575373,9.0936726086,9.5038961305,0.7455735732,1.1720461477,4.8403786431,5.0584698314,10.3529022670,2.9922671679,3.4715709468,4.7353425507,6.5705845160,5.8730115523,6.5011922562,10.3251808599,9.3634729536,7.4474867321,10.1901114150,5.6810781152,9.6405442271,1.4715447423,9.9985597498,9.4333347512,3.5234890938,10.7422291210,9.5095975218,1.7816568960,3.6865570528,10.6429771974,10.6684124205,7.2619862428,1.4455618334,10.1038083400,4.4990613440,10.2611011753,8.1892548322,10.9661154327,1.6459648424,4.0447614084,4.9953411958,9.6716583169,2.2797731997,9.8076313218,10.2800895278,6.1559331276,5.2548433779,10.9388392749,2.3112840734,10.3803661853,10.5770937405,9.7213501912,4.4561065030,6.4219934744,10.2103135464,3.8891907898,7.8434727655,1.2175648729,10.2626026302,2.2324735934,1.5663427638,10.3871658732,10.4093826530,9.0827881842,9.6919895677,1.1304401471,9.6320957428,10.6357675093,10.4554225188,9.2698513568,9.6980648553,10.1322597263,9.4290885186,4.1112812686,4.4713402951,9.9637201752,4.2903171241,4.3331764495,10.1347320767,7.6514535783,6.4219934744,9.5661794707,8.9208409661,4.7097332098,11.4663803666,9.8278560012,4.0021860487,10.1996577147,10.0915083009,3.8079657615,10.6234031844,7.4730792798,6.1262354803,10.4103860976,0.2346739624,10.2919522995,1.6071929176,2.5638469170,2.4580337642,6.4219934744,2.1887339467,5.2235346656,7.4953169276,3.5067994997,10.5525308432,4.0773747195,10.0825181437,7.7452105830,9.8378376171,11.1497052934,11.0500149521,9.6062990851,0.8446059746,10.2269628778,7.5822880103,10.5962886623,9.5725281655,5.5127861224,6.0857705872,2.2709395860,5.9028621935,4.6124098167,5.5577319512,10.3733649558,10.4630282047,2.3767217637,4.0938724400,9.9457992384,3.2590778834,10.6441793083,9.6111232617,3.3582342003,9.9672535917,10.6688159370,9.8383013678,5.1812903519,10.0529491717,10.3445881689,3.2752129079,10.0095761896,6.2456366849,5.0570327505,10.6579745357,5.3401615877,7.1494881825,3.1720853217,8.9622388540,9.1429905254,7.4226513854,9.5405680231,10.6488441468,10.7495817319,6.9858713229,2.1273215823,5.6182727508,9.7588669126,3.4195099006,10.7390948100,3.9513906970,9.5224143618,10.9422190829,5.4269126093,11.1446170587,4.7318747940,10.6969032576,10.8978303983,2.7723280695,9.7964176961,9.5681999711,9.7122855594,10.9495097145,6.3546964727,9.8619329450,9.5350402511,8.1999339966,9.9432802197,10.2676204379,5.3036369550,10.3886882528,10.4325571228,6.1575054789,9.5761761048,10.3894281941,9.9153123551,0.3255689711,4.2265391849,11.0813842980,9.8031078711,10.4647050479,4.1388010200,3.4395698782,9.7522897323,7.2407258392,9.7822249566,4.9477506133,3.8879873245,9.5488272397,4.5377481195,5.3368962229,6.2482142088,10.3621754845,9.9680112572,9.2061405287,6.8722940595,5.9811394027,9.5130071683,10.7180252963,6.7610226927,1.5529933354,3.3689965239,6.7357329419,9.6206248574,9.8063992792,9.3365190635,9.6717931844,5.1238407711,10.4620431938,3.7137351435,9.7111418333,5.2376517539,2.6993350292,7.7449567749,10.8327519501,9.8987689991,5.6088202623,10.6208703482,11.0797184566,10.3772563919,9.9269785431,3.5871493362,10.7225683256,9.8043702689,2.5878132349,10.3662934010,7.6374036587,5.2860928203,10.1337068962,10.2570194533,9.3696821201,8.8286617742,9.5468001647,5.1369557847,9.7119709948,10.7950028305,7.2016071608,4.4185677962,6.8018934343,9.9465306956,4.0380506936,10.8716789994,10.6008243454,9.9099825873,9.8042479986,10.8803881150,9.7268771959,2.4397896764,10.7580375515,9.7297802650,1.5506839391,0.2166124444,9.7470390537,10.8264920766,11.0170050295,6.3083590226,4.8420752863,7.0380351247,6.4219934744,9.5207230103,7.3881536434,10.8016437631,3.8053076741,3.1522131929,4.4090002759,9.8585391657,9.7658150897,2.7012713175,10.0090153982,9.5450098047,4.3712363786,10.7417763164,9.3640001782,9.4683946666,9.9991620339,9.7374113658,8.2150331938,3.8867914371,9.2880374515,10.5935041209,10.6454597893,6.1918773811,10.0475766497,0.7655318985,10.8847112398,1.9133552551,6.8673807870,4.1679896970,1.2037782988,2.7450926926,4.9935660955,10.2151526569,6.1464546561,3.6506132901,8.6701546984,10.2020821595,9.5507464662,9.6172359779,4.2959118237,9.8534658687,9.3806863418,7.9496218597,4.1609665835,7.3758929095,9.3136150421,9.7402960815,6.7862732392,9.3087209746,10.2062557461,9.7515678851,8.3729171547,7.3791461460,10.6100048376,3.6700668340,9.6789367213,10.8564496796,8.9980233837,10.2021779311,9.7219848994,0.3064840340,10.1139773058,10.7866565628,3.4028042336,6.4219934744,7.6895020280,9.1219901775,5.4035985052,10.2010784178,9.4832775018,9.8972130135,8.3898235358,3.9249070180,1.9003138959,9.4249477531,10.2531366847,10.3832205144,10.2493977173,10.6726800233,10.0313096720,1.4685888142,9.5244540540,5.8178969757,4.8432752237,9.6332860644,7.7730943664,10.7555724354,10.1475611917,9.1268143872,10.4607825144,10.2814249486,10.5234860190,6.3380828877,3.1072331076,6.1500975825,10.1978344139,10.5703347323,3.9379359236,10.6662520850,2.5030912091,4.2480682653,10.3050260578,5.9605598507,10.8007865457,3.7730705739,9.9480463178,7.9154227530,6.8349934051,8.2001170974,2.3581430745,10.7421241946,5.2879086387,8.8090805207,4.9771581790,9.7490851230,9.3314510601,5.6046214158,10.2413533743,6.3802733928,10.5602668142,3.0964552480,0.4521055954,4.5820752125,3.8451649499,5.3663595922,9.7713578569,6.8808194326,9.9339867866,7.2270215210,10.7329324711,5.7135577704,7.1916056813,9.5829880779,9.6461727667,4.8768017413,10.7296608468,2.0973803998,4.5928793077,9.5780208437,10.3239024268,2.1900747998,4.3369236577,2.6727525481,9.2486647996,9.6239461913,10.1918745036,4.7345221829,11.0543419105,6.7612500034,1.8206059182,5.6029018241,9.3470134557,10.6897889779,3.9510074747,3.6116295088,3.3130628612,9.7468410604,9.5062265525,3.3629254913,10.7439591558,9.7436527396,9.9875654363,10.6266810095,7.2139260864,10.4918657902,3.0436712388,10.4922171319,6.4219934744,10.6490459904,5.1216226833,3.4401213442,8.1824944209,3.7688663421,10.8879505956,0.4626610536,10.1481928779,10.3458605926,10.8561816902,5.6212191283,5.2814448866,9.8740609367,8.4068354255,2.0559665415,7.8780352357,9.7529557969,1.9743743550,6.4219934744,7.3552195289,9.9160050921,4.9064249497,10.4498466613,6.8418632103,10.4427728293,9.5570875447,4.0875570098,10.6806104845,9.3747689606,9.5278725314,9.4923489296,9.6521451539,10.8966703180,10.4331958406,5.6168727850,3.7334307692,5.7683738684,9.8254604981,11.0379977863,10.1362751053,9.6760087280,10.6309124931,10.5255893798,5.7353528585,3.0523195861,10.2345060708,10.2792695447,6.1947995971,9.3893770224,10.6137244210,6.4219934744,2.0596037425,9.2838890310,10.7423303873,7.1103762444,6.0372577815,9.7880157855,6.8731507227,6.4260878914,1.6050621260,7.5702130692,9.6995726749,1.9435025014,2.8252970352,5.1927652892,10.4371726160,5.1912047389,4.3487862105,9.9836429537,8.0960776998,1.8297481337,9.4263997763,9.3731953828,9.8106049150,6.8416439524,9.6602387163,11.0658501791,4.4938993950,3.5127793441,3.9803295034,10.7318905738,9.9824585408,10.4847040146,10.4819501579,9.7180857892,8.0693558365,6.1244189450,10.4070267327,9.2315212631,5.0415540578,8.3859426002,10.4265878733,10.1347697427,2.8918920321,5.2682049167,9.6681452066,5.2623996722,6.5031729039,10.3461045161,4.5289674932,11.1571028700,4.5896280454,10.5094099230,9.2311905994,10.5312476163,10.9071734723,1.3747343289,4.5198821836,10.2034834660,0.9591829815,5.5523813700,9.7991355176,10.5436302032,10.7688788834,9.5647784213,9.1913003581,9.5810934102,9.7757455850,10.8628326765,5.3681598809,8.9597132769,10.6982258882,2.1997882766,8.2060460415,2.7530488456,1.0501371329,10.1641598011,9.7913846692,9.7405236229,9.4163268619,3.9455762096,10.1271864358,3.5270302350,10.6765190679,9.8044310246,10.2306816936,7.6024077541,10.4403105175,9.5935246517,9.3120657551,9.4807155654,7.9011015476,1.7827743633,10.9047935935,10.6382618183,7.9005073027,10.8226536227,9.7443836785,10.0329863430,3.4365670113,9.7155170515,9.1387112297,3.9353086106,9.8194336367,9.8232276164,7.6402637098,2.4285200274,10.4980164869,4.3300577040,9.8502904629,10.3967436707,9.5116298495,6.8579691749,10.5078529772,7.6332449456,6.0544872708,3.7101944431,9.6601116155,0.6630632090,9.4964560537,10.0327768099,1.8153767981,3.2432413784,2.7748899443,9.4064250061,10.4707191221,10.4548229633,9.6021016347,5.3137466054,10.6529674909,9.7881510371,4.0933553301,2.9783119595,9.8813657746,7.4819315173,5.1806768921,4.6244212303,5.6619087093,8.9524715316,5.9743038664,10.2698797921,10.0505704695,11.0096743535,1.8872133843,10.7087475740,9.2522832079,2.6661542935,11.0333297573,9.6819876519,10.5203163115,9.3206062814,4.6025795690,2.3248954452,7.7461725965,8.5195136452,10.0260702499,9.4206012451,9.8927139577,10.4459580654,4.1087919550,9.5342267112,5.6768578943,3.0162764569,3.1919511199,10.1180443221,6.1807936148,6.4219934744,5.3918796294,6.4986771165,5.8988501051,3.8263155162,9.8342053973,4.4906415193,3.2477985773,9.7809821051,10.7306654631,9.3442795168,10.3478010581,5.8502261303,2.9892211491,11.1330885741,10.7378027594,3.3042437889,3.4651054299,4.8897409741,10.4748461249,10.1209860323,1.3442346648,10.0502100025,9.0474182751,3.1948942544,10.7482725024,6.4618578011,4.7387422560,0.2146702806,9.8889031910,10.0035892990,4.9247991605,2.7609947932,2.7318031764,10.1703187644,9.9369265455,4.1245833001,9.5012529750,3.8408519164,10.5198240259,9.7171300066,1.0240353386,5.4630550165,10.9323943987,7.7365101352,9.7036004980,2.9651638532,2.7155868541,10.4882843492,3.6187239944,1.5236657230,3.4841439178,4.3911230203,10.6472912061,9.6909149919,3.3198240071,3.9330936826,2.9078161948,7.9805120428,10.7434432124,9.7111685183,10.8211131968,9.8847193411,9.7691233760,3.9922695880,4.3349542909,1.2553029982,9.4948218853,0.5021238041,0.0676597992,9.7889134526,9.9425774004,9.9968118638,9.6780753694,7.0366785448,2.4814453449,10.7914313010,10.0406414128,6.4219934744,9.7457040659,5.5441634366,3.4984618445,9.4493131721,9.7530312376,10.6385829735,10.6393853383,9.7191226697,10.3750217960,9.6052072176,1.7670779145,5.3773349607,9.8769805494,2.8434978579,1.1779127507,8.5088870459,10.8179216096,3.3503850777,10.7261160989,0.8863729875,3.9324499697
WT1pKTS,7.4128245988,3.3188255610,10.1016056930,10.2896389177,9.5958263176,10.3903567571,5.1395736563,9.7271874167,6.0139367793,3.5688269767,6.1936607564,10.4973486162,10.3033845686,9.7073217005,4.6940361869,5.0968549869,10.3816971593,10.4644916164,10.7544164549,10.5671616766,9.6288387668,10.4881496764,10.5051943774,10.4869433772,4.7809977639,10.6510943404,2.5720515463,9.7579073383,2.2724622448,10.7010822838,9.5118157051,10.5561597668,10.6309392576,10.3015963756,9.7726726768,10.6278755854,4.4609525245,9.9830525620,10.0467006264,10.0908913369,10.4380647172,10.0837115861,10.7446909807,4.9354743939,10.7882244830,10.3109056573,4.7293622811,6.7052370147,9.8722503541,1.0364556765,10.3229199262,10.3355579759,5.5188639058,9.7377707331,10.7854400032,9.7931401648,10.4319578640,9.7607376701,4.8165765486,10.3692634583,11.0236368422,5.3730096127,10.5148956169,4.8412950871,4.9471992358,10.3729091848,3.4721848367,4.2778837666,10.1610802274,10.6236751809,9.5689705503,10.0992379928,9.9785569257,5.4075630101,2.2919862493,10.4670803641,6.4219934744,3.8473500078,9.8769781502,10.3059868473,6.6020832419,11.0393249808,9.5877746439,10.7685080810,10.3035221798,10.7930303050,9.7223236741,10.2984106444,10.2532472350,10.0753514179,9.9009168700,9.2061303528,10.4306313332,6.3969707455,10.6060230100,10.0738459013,9.4720271460,10.4929177318,9.8672166549,5.1936627813,6.5397878936,5.4264437637,4.2196295181,10.5972145485,10.0137432169,10.5961729509,5.5908313467,5.8894941332,10.4341576498,4.8708016952,10.3373235114,10.3406180028,8.1138867550,10.2320102874,10.1776161019,3.3220962545,8.9354466071,3.4697434201,4.0143188814,9.9040906550,9.5980396469,10.6053000182,10.4618807641,5.8619390870,4.7513605540,9.1968857795,10.1990255301,10.4173863470,9.6610483076,1.9009082192,10.1367267904,9.8489890169,6.6912618154,4.0064536593,5.2751496748,9.9871683989,2.9903715201,4.9519869505,9.7116991098,4.4304943188,10.7290346481,5.2084186784,10.2819457197,10.1405443657,10.6664069623,10.2763108244,9.4728548807,9.9440101088,9.9842471579,9.5017870619,10.3436131317,9.8815643662,4.1013192154,9.5586592121,9.3470850037,4.9883424777,10.0494747120,10.1810817353,4.3033710218,10.2321114837,9.5558343236,10.4092003470,9.6391604616,7.4488510893,10.0907476078,10.7872344173,9.7379332238,10.7333820911,9.7029711570,5.0243354221,10.1549840608,5.5533658882,9.1717577377,9.8272228771,9.7680565325,10.0911497539,10.7654087611,0.0439700167,10.3056891594,10.0724597415,10.2161170107,9.9565189946,10.3886546039,10.2268957009,9.5196577473,9.7785256435,7.2172413606,10.3362592620,4.3537927378,5.8067516166,0.7644386412,3.4963430105,3.5643944144,3.4857730955,9.9674330580,4.8642966386,10.2917646904,10.8210529267,9.8809133234,10.2600909906,11.0539298074,6.4219934744,4.2524789061,9.9453801446,10.6809236376,9.8150544827,5.7546993092,6.4711025761,10.5641409110,3.1283321211,9.9241123966,9.5375807664,9.8433649768,9.8710017705,4.7250163789,9.4233347191,5.3950192238,9.5747300647,9.8805142585,7.7637090454,6.5485649451,10.5342000941,6.9835335338,3.2412069378,10.1539550337,10.4689702046,10.8819403530,10.7390358965,10.3282298817,3.2148041663,9.5077645633,1.6540702918,6.5328537255,10.4817999085,10.2082862868,10.4565125184,10.4035747641,10.1197402006,9.7311550897,9.2756242229,10.1074115043,6.4219934744,6.7203608180,9.4857440852,10.3116778731,10.5418495263,10.0966425434,10.8631925509,5.7901813355,10.5626681936,9.8377595996,5.4731670214,4.8152680889,3.7490139309,10.4968332215,7.0915834577,10.2359485253,10.0084459394,10.7834394475,9.5853056773,9.4466304889,9.4127761437,10.6983163961,9.9180033930,9.7178002602,9.8828748813,10.2722656729,10.6273300512,10.3214527656,10.2355076570,3.6096321342,9.4066830959,10.0136165371,10.0028993277,10.5535181686,10.3913323961,9.8981743913,10.2870436131,10.8652625957,9.6570128255,10.7829759006,10.8378004879,9.6022229229,7.0040744884,10.1883558606,9.2902683301,9.7302471284,10.5917754000,2.4572302177,4.5252172907,10.0363157045,6.5669813113,10.2000953001,9.9349146227,2.1100073066,10.5012348962,10.3736586534,3.8492033902,10.8269005102,4.7977969663,9.4352727566,9.9455479541,10.3125018983,9.9874630630,10.2276619521,10.6291233110,9.8944007081,9.7496391014,10.2356204175,9.9232413349,10.4899667562,10.2560637624,10.2366308393,10.4990239782,7.5519395316,9.5652178486,6.1397154249,1.0769061896,4.1435764867,10.7925580603,9.1307279234,10.1303864930,10.3432459883,9.7322233158,3.7524376170,4.1227470234,10.3204507350,10.8688943428,10.1602257688,4.8221393736,6.9497093213,10.6329451763,10.0031692998,9.7969260969,10.7716822691,9.7546578666,10.4980497861,9.9847477869,6.0485870924,10.5378385071,10.2508749624,9.8460785865,2.2471928023,4.2639041720,10.4079109679,6.0456935119,9.8685993799,4.1069775208,10.0274178396,10.5462628172,5.2727600501,9.3067200505,10.6148001688,5.7570008080,10.6179285419,8.9050362386,9.3627207903,9.8167001712,6.4219934744,3.1518406617,3.6225349849,10.2479452250,9.4890625697,6.1857780025,9.7975901492,7.2930763473,10.4550845364,10.3366255807,10.1108291013,9.6545661338,9.7015740329,10.1403424576,10.3749303101,8.0381532129,0.0681194263,10.7374756619,4.9362928400,3.6640694709,10.1494816119,10.5332770668,6.6356311127,9.7998419837,5.1422632303,7.7028012133,10.5509789223,10.3343061009,10.1344564616,2.2516783162,7.2592373440,10.0649494833,10.0761438342,2.9779685221,6.4504171161,10.2389630814,5.9202397621,0.1941618332,10.4515643755,9.9172534055,9.4367306321,10.2860721845,10.0171995502,7.2318700243,9.8817822235,9.5877079262,3.2790615976,10.5416795538,9.3130854695,10.9434917891,10.7211385234,10.6486198534,10.1964266111,2.2089448528,9.7852232317,10.0009860528,10.3882799950,6.5531314930,10.3901406866,10.7099447805,5.6769675032,10.6279537504,4.6219428417,1.5936019139,5.9061697780,9.6101022227,6.5998402223,5.7885083661,10.0739298335,6.3993036300,10.8869968448,10.5676532460,4.0609585415,10.6788642464,5.3074827463,9.4455657486,2.9002903244,9.7658841740,10.7486454184,10.3675589039,2.0993221062,10.2105802503,5.5694000716,10.9198415435,5.4760827504,5.5504113947,10.6330873259,9.8521749817,10.3868040244,3.8118087000,1.2896760139,10.2343225620,4.8102217800,9.8794369195,10.2606281494,4.2127769624,10.4538532081,10.1532999875,9.5554312041,10.5037833954,9.5809393766,5.4235683074,10.6141637018,10.2091750799,9.4722993329,9.8794313446,2.8750301642,10.0587169821,5.4494774823,10.4823831500,2.8959875360,3.6069962578,10.8524176443,10.8020471013,9.7618662662,10.2116852399,9.2877087008,3.3833682316,1.1172455913,9.7689730410,5.2918204248,5.4682589790,9.8028195629,3.0037756278,9.7412926554,10.1572029781,10.4467503760,10.2087927989,2.3257277057,10.0687888478,9.5142104368,4.4180829011,10.2487792209,10.6340427492,9.8637943985,10.3125474884,10.9117051601,3.1862581562,6.4219934744,9.1513735639,3.6054404760,10.4718809797,2.1450536369,0.9415699023,10.1208259899,10.6775853066,10.3617903320,10.3209627413,2.8103597204,10.9462825430,10.5516973156,10.4987338463,10.5439042845,10.8224253767,4.2403157699,10.3813388978,3.6014510622,10.5261707281,9.6812060159,10.4400199733,10.4855131679,10.4740924097,9.6203553277,5.7786037385,10.0323791384,10.4590693528,4.9050103009,10.6605270537,9.9259788596,10.4003803696,10.0903945537,10.0864533322,10.2611409082,10.2742015862,9.2382552935,9.7916026986,10.0171006571,5.2113580679,9.7013168853,10.6347768824,9.1317656431,10.6958456492,10.5374170630,10.3282206112,5.2221592275,10.2924273769,10.2167674225,10.0636066207,10.2994604751,9.7903087434,2.2372763420,3.8234086800,8.2125218414,6.4219934744,10.3453159496,10.5743944866,6.4219934744,10.3283905159,10.3074035161,9.7807163376,4.8674425067,2.9775533259,1.7907062662,6.1634741862,11.0294840982,9.4698394036,9.8119164741,2.0418494790,10.5939499418,10.1615687183,9.6394170478,10.2252228359,5.0482759413,6.0617278470,10.4392915030,10.2097989787,10.4933199052,9.3431205886,9.6889083706,8.2375913090,10.2577317369,10.3710766011,10.3236353528,10.5115634092,9.7668479205,7.3944126690,10.9068966821,6.4219934744,9.3759665251,10.0255776444,9.6710648830,10.9640099901,9.5639078258,9.6708300410,9.9762331331,9.8196706603,9.9195201644,2.7981248105,10.5091831514,10.4284726856,9.8144619596,5.9541045630,6.1457124257,5.1897977936,10.9227394724,10.1366798141,9.7323887112,4.0145049962,3.4186446752,9.6350663806,9.9697864588,10.5763503483,9.3098214491,10.3525157563,7.6956168851,4.5232507252,7.0555003383,10.6699038597,10.4335329479,9.8936087529,10.5022672626,6.6381470826,7.2668971429,10.1558416997,6.1044185700,9.5027124631,3.8241105370,4.1147120750,10.4742275618,5.5801642234,4.1075489265,8.9179937786,6.0994269235,9.3678543998,10.4292849682,10.5670172239,3.4665124649,9.8133993290,1.7550968127,4.5667097675,5.1940906834,1.3207804294,3.1058709887,1.9443228857,3.5206047826,9.9900879484,10.2883623920,4.6981321599,4.8806019755,10.5309418766,8.6050187401,9.6647933335,10.2747052806,2.6655023905,8.0082709112,9.1398381061,4.7147679999,4.8332927827,9.8060800229,3.7213437373,3.7591229908,9.8195942093,10.8539021947,9.8420351340,1.9681093900,9.7473275577,9.2374300885,2.9260986436,10.3480197555,9.6818197779,10.0217377312,2.7073100388,9.5049459188,9.9037989736,9.7604521532,2.7613189025,9.7902948931,9.9624952907,10.7286948913,10.4807056268,10.7788309049,10.4042822473,0.5253008093,10.5326914441,10.3465248706,10.1962965095,3.3805378234,10.6476863965,10.1101741140,9.5759108735,10.4980946611,10.3075484733,10.4235752104,10.0820877778,10.1883400309,9.4676438719,3.5949368891,0.3992822577,2.8327835749,10.4199392213,10.3382980045,10.5191928388,10.4917722466,10.1221737246,10.4656575157,10.4556875751,10.4283000737,9.6634973383,5.1768494839,10.6425029520,9.9871940920,10.1262856023,2.7338783450,10.1276593361,10.5398379469,8.7713963197,9.7706130806,10.0891175947,9.7716380606,9.7138891501,9.6633763834,9.8855622408,8.2607775949,4.7730202361,9.8902239107,10.0534033481,9.5829629837,10.2077697051,11.0949342790,0.8749433319,10.2669561311,10.5985472673,9.7753524958,4.6406066949,10.6605549707,9.6513660331,10.1792702949,10.1839784052,10.2359147854,9.8891990036,9.4682422296,9.6730778716,9.3431400567,10.2725308308,6.8971178370,3.4515128047,3.7646569836,10.1285146421,10.4083402831,10.1158220870,4.0124439416,9.9873861522,9.9646423192,1.0570075493,9.7494671877,9.3641609963,10.2185957376,9.8175044318,9.7505208768,10.8055340160,6.4219934744,6.3516961683,3.1869552832,9.4522958878,7.9697621013,10.7286376697,10.8195109566,6.2192599659,3.2579202480,3.4183315088,2.4209839281,10.6652242080,9.5830838465,10.1143550533,10.3260172323,10.8702072520,10.0818134308,2.8405655094,5.6118471463,9.8415590622,9.1956703165,9.8559540298,9.8806266888,10.5196966771,11.1225803464,3.3442171292,1.8215505317,9.2783568011,10.0142656953,9.6663031146,4.1413615893,1.2917082414,9.7351527208,10.9304753185,10.9260724176,6.4219934744,1.3750974339,9.2972177167,9.7800770807,10.2538729497,9.6374538178,9.9665896781,10.6687988185,9.9712904991,10.9830568592,9.3221207363,2.8428620480,10.6574172057,10.2740422750,9.8282838896,5.6169405590,9.5533756402,10.4178711944,3.2077652540,9.6475010252,8.4339254502,10.6280180604,1.7889956286,4.6787306477,9.9223029822,6.6592613424,2.6517693660,9.6129082184,10.6601475955,9.6735557769,4.4062855181,2.7251846277,10.1925736872,0.9515349898,9.9526785058,4.0926937107,6.8477485731,2.8555724570,10.0628146662,10.5448960355,9.3186974351,9.7316033933,5.1327465974,9.8845770607,4.3895325434,10.8831261473,1.8238142653,6.3258576415,6.1816249995,10.5550325072,10.9653506401,10.6018270934,10.3283921122,10.7542280482,9.5060878907,10.9896926786,10.5056438941,5.3139578525,10.2826697899,9.4903374210,2.1017935134,7.1869480876,9.0687227117,10.1415292432,9.8151241910,4.9241882075,7.2141896295,3.5554801928,1.9769849637,3.5503433683,4.1891148740,10.3777045512,10.0417996907,10.2196210909,10.3952498082,9.9432199171,9.6253619880,8.1636581706,10.7417095318,10.0277222681,4.7825143800,10.4926809382,9.8649050941,2.4484332378,0.3318970099,10.6601644100,10.5308019816,3.8494619877,10.0617579028,10.2847274342,2.5483969084,10.5555439267,6.4537817139,10.7116314674,3.3342363401,1.9209584302,4.8213894149,9.2048055809,10.4808498075,10.0793227848,11.0449066982,5.2322977409,1.7049644180,10.2329988810,5.5386705267,10.7003996425,10.1351520976,10.1045884629,6.7236532266,6.4219934744,9.6175391854,8.7957852558,10.0925885734,4.5405131015,10.5541935998,6.5638385389,3.1760026569,10.4244278190,10.7059804496,10.3391087882,10.0425743817,4.0727812158,9.7025607321,9.9721670522,10.4667957760,9.6163500352,9.7331288260,10.3685167128,9.7155918629,4.1518298438,10.5169890071,10.1670040166,2.4577092866,9.8427351876,9.6720077370,10.5428051819,6.4219934744,9.4190932423,10.4185945801,6.0954157372,10.3314304556,9.7784608398,10.2821659030,10.1581598503,9.5910602170,1.1272917974,10.4592526618,9.6747980644,5.5257126986,10.1185439987,7.4433900290,10.6252785380,4.4948039365,7.3279683582,3.7498209715,6.4219934744,10.3526074845,4.8962617095,10.2609722331,5.7607818914,10.6081605050,5.1965071623,9.8034311980,10.4222030016,9.9487721366,10.1334597021,10.8550688311,10.0763444122,8.9176339320,10.2785469377,4.4513891897,10.6355993644,9.5425618157,10.1058958337,10.7918865919,5.2691951457,9.8750548769,10.1772406281,6.5417262294,10.7136060255,10.3491098041,6.8364256571,6.0103151581,10.4086548602,1.8061562074,10.4072352279,10.3818219057,1.1265742377,9.6787705758,10.3726608161,9.9558941433,5.4670462132,9.7765171553,9.9007926199,2.1917174915,10.1560966996,4.0162742899,2.1712972684,10.6983957708,1.4028476493,3.5350983940,2.6993137104,9.2566381982,10.4447344308,10.4872793846,9.6170553070,10.6747939875,10.5902823569,6.1732265574,3.7646714134,0.6429928006,9.7588982505,7.9023254470,10.6977213651,0.8101044454,9.5343678228,10.3613365687,4.9033860682,11.0273085458,6.0304946690,10.6653897105,10.8196486986,7.7579866216,9.8590699299,9.8192566013,9.7033721642,10.3774825892,10.6429431607,9.7820995018,10.4427540512,4.9718485432,10.4451811133,10.9097638178,4.9478140028,10.5008449104,10.9257441344,2.2327086572,9.5754330756,10.1954296644,9.5899500112,10.3957245639,6.2097251967,10.5936735680,9.2974558456,10.2416729380,3.5392675971,4.6159042282,10.8924617640,10.0137612472,10.2897803993,8.4881809511,6.0482894817,9.8259387097,9.3612579104,2.8260897361,5.7335479983,10.4068596805,9.7819495289,9.8830768990,8.6670388829,6.6024686206,9.9304764407,10.6956448441,9.9335905277,5.4506939883,9.5169967740,10.2374675560,10.1038999264,9.8561666929,9.5803658410,9.8706163474,7.9641890818,10.5325132158,5.0750052969,9.2550921772,7.4829340693,2.9693318966,10.2253766593,10.8161248440,9.6897707281,3.5608435955,10.4791728465,9.9943269376,11.0025713548,10.1000522062,5.5318934125,10.5915483682,9.7104355729,10.0332428316,11.0216963804,10.8985597634,7.4528734741,10.5361057719,10.3674784678,9.4190781032,10.3694163826,9.8868033515,3.7677852585,10.1655467424,10.4989687506,10.0372464941,7.8898508851,5.8123127788,9.8545786724,2.2890420007,9.7993703344,10.5865031995,9.7108672371,9.7277556777,11.0028362184,9.9893822483,4.4203241618,10.6464289203,9.5552433769,1.6735028507,2.9938123043,9.3699551633,9.8482153891,10.1870543334,10.6428440717,8.7909444730,9.6862351129,6.4219934744,10.1215201525,4.5917787031,10.0247875595,1.1451486648,5.5032994229,8.4020632210,10.0063186363,9.3100917250,4.2473752159,9.4232834100,9.5109257222,3.1774131760,10.8540806410,9.2158861850,9.7850252067,10.8702635504,9.6935731616,10.1629889935,9.0880242787,9.7738654268,10.3225340363,10.6083281117,4.1410513695,9.9210620275,6.7674184604,10.5673635751,4.5164451563,5.7367859755,4.9449822810,2.1097736315,5.7236530969,6.1596689498,10.6858468299,10.3865818140,10.4071330274,10.1080302386,10.3941599784,9.5610145423,9.6832309779,10.2890778400,10.3841675040,9.7839272035,10.6973251479,10.2621513527,4.7281427437,9.5407514015,9.6975060511,10.1673718534,9.6261790545,10.7077940033,10.1680822379,5.7090473529,10.0866163732,10.4994222803,2.6422468430,9.4627166187,10.9413360921,10.4411252285,9.4651199555,10.1095685373,3.9398075175,9.6791866812,10.5776029337,4.7104533395,6.4219934744,9.0300071600,9.9976634205,10.1582592830,10.7036409052,9.8919525290,10.5141748713,10.5864218091,2.0893332281,8.4641645195,9.5876448336,10.1358595180,10.3764445653,10.8678225357,10.8058032772,9.7310467202,1.9129526644,9.4968040690,7.0219823610,4.3903616657,9.8638841463,4.4367559956,10.6553049570,10.3456864519,7.6461076134,10.4206652494,10.8874468049,10.5674877777,3.8624139123,4.7259688625,2.1225119367,10.1256198760,10.5497565553,5.0883139676,10.4486072766,8.1202147671,2.0335045966,10.5750743824,9.8370729825,10.3291182978,1.6564727297,9.6032034499,10.0463778253,10.4899070603,9.9161514054,3.0841885951,11.0415431923,0.2996091845,10.3351709316,10.3066846479,10.5711832538,10.3725215064,1.3834567450,10.1198347559,4.4278516567,10.7682359448,5.0724308252,2.4615471869,4.7013786418,4.2867042826,4.3969163061,9.8966533835,4.4042115823,9.2469473957,10.3483699882,10.4130976551,10.4494681327,7.7141068056,10.0424639549,9.7781782992,5.4288130519,10.2940286850,5.5686096387,7.0462307415,9.5009692474,10.7831594946,2.0456316558,1.3164480017,5.5627931656,9.7310846802,9.7372147303,10.5457417211,2.7085954020,10.5611656026,9.6397357238,10.4374974786,9.3365979475,10.0956597941,10.6422186601,6.1217399552,3.2211947564,2.1561401196,10.1166101696,9.8828123914,8.2325372284,10.7973777478,9.3741921369,9.4955805044,10.5349285970,10.1506206343,10.4853898009,2.3429791783,10.4073533815,6.4219934744,10.0998559566,2.6428414431,2.4547830919,10.4355244766,2.7319093125,10.7474984460,5.0478072717,10.8037243436,10.4758780750,10.6004099857,6.1532910586,5.5179733550,9.6454133233,10.1709821011,1.7463325066,10.2333548414,9.9736351374,4.4525393737,6.4219934744,10.2121392938,9.5588741920,8.8408530473,10.3326565780,10.3296884475,10.4198648802,9.3462196056,1.2135616841,10.5179740991,10.2925103613,9.4771733844,10.0005066746,9.8958145666,10.5898142472,10.4267851292,10.3533340526,10.3366852842,4.4959542656,9.6951206041,10.7655729877,9.6692133295,9.6880983956,10.7422408924,10.0144535004,5.8780122960,10.7488771444,9.8006786954,10.2606566781,9.8624315479,10.4585970791,10.0054468530,6.4219934744,3.4096950894,9.7819925257,10.3748145122,4.8661642296,10.4828818520,10.4832802191,10.3305672398,10.3468009376,7.6272760466,10.3117252309,9.8703458395,6.8248387966,3.5567692173,10.3829357286,10.4120361857,3.7281590658,4.6732380715,10.7371450634,10.4547390742,1.4033004933,9.6902375981,9.6195079841,9.4145942846,7.4905620516,9.5885974928,10.0746554431,6.5062462920,3.8685127138,7.9014095954,10.5461047701,9.8147016239,10.3427268897,10.5773609880,9.7408179365,10.2018278320,10.4494046322,10.0188920526,10.0229032153,3.7969974258,10.9120189373,10.6345532110,10.4802666710,10.2718685180,3.0374930582,11.1825057516,4.9246122496,10.4165936898,10.1728256080,7.6924283033,10.5931766878,4.8823463868,10.3155614898,9.9256959210,10.7007007607,10.3543584919,6.3383544578,5.6490110390,10.6986064044,5.9775901711,10.0464207814,9.6421072941,11.0434935899,10.5357481305,9.7995124401,10.0261884675,9.7850975945,9.5579763022,10.6613656531,10.6294538579,10.1384353239,10.3794552118,9.8480749433,10.2262239617,7.7257315296,0.7925397063,9.7065318027,9.6114163033,9.4746522954,10.6270392455,8.9069598020,10.2254822936,7.3237023240,10.5097110875,9.6578989492,10.7872456800,9.8855176826,10.7762453382,9.6816962166,9.9784892931,9.4073963613,6.8504812264,1.3177644441,10.5573879715,10.3432446236,10.2605010919,10.3622121683,10.0169415946,10.1543451907,5.0119665932,9.4214248347,9.5144368177,0.9797848988,10.2129550756,9.3578382997,10.4742414249,5.5038286392,10.2567785100,9.3750608860,9.8633617806,10.0459887022,10.1365474467,7.1595062665,10.5442020824,10.3079624160,10.4314287316,4.6322834934,10.0689186883,6.7114470513,9.9345112168,10.3324300052,8.2379430016,4.2943760971,6.2161793613,9.8465557199,10.8119626747,10.2189350644,9.5321071764,5.6217788928,10.6645968914,9.5299745452,6.0954563989,4.2291680045,9.9157751640,10.4344928522,3.0296347577,10.5635372953,5.1849124590,9.9451014242,5.9973104002,9.7652621560,10.3472084180,10.6045442849,6.1520367002,10.2310057944,9.7069355906,5.6631574040,10.5690139443,9.4411316260,10.1978158096,10.4979366113,10.2148311880,4.0727997645,10.5614522952,10.3202188394,10.2000381849,9.9259978422,9.1042933356,10.1263705591,10.3754464699,9.8188641160,10.0686027227,4.1605170940,9.7723351713,10.0155066123,9.8724620703,6.4219934744,4.7092950036,10.2315712018,6.8902894342,2.6702360906,9.4861802979,10.7132608951,1.6059710722,9.7678955988,10.4048757741,10.6858305873,10.9233104099,3.3877833255,4.9438475991,10.7764650605,10.5931725030,10.2684737753,2.3291548348,5.9930788296,10.3486809635,9.9179782751,4.6827356928,10.1812400503,9.7930200411,2.6496393376,10.6388744000,1.9558075467,2.9709206420,5.9211312945,10.1223128189,10.8571698658,5.2742820690,5.2358466420,4.3344923708,10.2387607395,9.9382241918,3.5561316072,9.3133870272,10.3519853039,10.5151604713,9.8120059658,1.2647786543,10.6494804355,10.5621702513,10.1959748429,9.5348550479,4.8201324169,3.0739082764,10.8224473909,5.8639456874,1.2366108061,2.4623697829,7.1405624588,10.8618538760,9.6534997294,7.2048719630,5.8284319810,2.8058982762,10.1923204470,10.9247815089,9.7386115002,10.5523460285,9.1728838983,9.6409231323,3.8234123093,6.6330296465,2.3961643259,9.9778294061,4.5555541199,4.6667444239,9.7265424695,9.8065390292,10.3382242299,9.3608374053,10.2054449529,4.4105221555,10.4856328021,9.7354024389,6.4219934744,9.7269146035,1.6395986234,10.3203922379,9.3973485837,9.4769672550,10.8906524554,10.4898782521,9.7818764419,10.5265837816,9.8406324005,10.0517820835,4.9507960674,9.6709450536,4.6094357894,3.7556489832,10.1322766449,10.5912252881,5.6457722899,10.9347634204,10.3540017590,10.0489823182
FOXL2,9.8211734269,10.3352182946,0.3855318918,2.6745394080,0.6394637954,1.0936072522,10.5340006988,0.5582281760,10.2746499659,10.0249836806,10.6085050400,0.3651770659,2.7578555725,3.3673719257,10.2121651076,10.2381855119,3.2824343717,2.7873111603,4.8693785552,1.2647398729,3.2847929120,2.6821959503,0.4510725733,5.4791938647,10.3314360835,0.4449917442,10.6926829160,2.7314702520,10.6434750050,1.7492225319,3.2683549836,2.2296243014,2.1229919066,6.0457192092,3.3549331410,2.6563453908,10.0235360045,5.2601557617,4.0936853586,1.8845581537,3.5985967964,1.1739064875,4.1631279221,10.5484764892,2.9596324195,9.3461042434,10.5189982825,10.4930497727,4.1942441345,10.7410624123,3.2022449649,3.3496251352,10.3236588128,1.9657717550,2.1030678653,2.5662194019,5.3690462285,4.7913138295,10.4508815503,2.4559045643,2.8312554621,10.4565365056,2.9274754313,10.3814282135,10.5123847199,6.3372283125,10.5272086785,10.7327840007,2.8643604240,3.1699221387,0.8844417721,0.4524523020,4.8209750159,10.4801530402,10.2679681833,5.7202587021,6.4219934744,10.6667676987,0.8994609373,3.2374883920,10.6077056608,4.3429113812,2.9151502322,5.6859102703,3.5879443279,3.3923643818,0.6785891521,2.0963434901,3.8978075450,2.8942426617,2.7890665669,3.5569587408,3.1409783605,10.3943039786,3.3895887278,8.3508324939,2.9811708515,2.7845553548,2.3080636733,10.5465099958,10.3008732691,10.4118531325,10.4296441307,0.3638620583,3.0565877526,4.6740608255,10.4032604601,10.5534474001,0.7699005057,10.4658533747,3.3101851530,3.8494750531,9.5815568793,3.7152669031,5.5223732484,10.7069104133,9.7484674460,10.6193162449,10.0066379560,3.8064440641,2.3551007972,4.8174049837,1.4224226846,10.4241159842,10.5214549527,2.0836743789,4.0936078183,2.7812821329,5.3663848518,10.2862601470,4.6223299332,4.2509000114,10.4034530181,10.4368855052,10.5096427340,8.1044717248,10.3879038030,10.0050016975,2.6350678970,10.1752619397,4.9562301675,10.4640382665,4.1691083285,2.5709799134,2.0387645501,4.5825174418,3.4974222725,7.9232201128,3.5523854023,2.4541852518,0.2940023324,1.2323517936,10.3966557499,2.9519934449,1.1398755857,10.8229364805,1.7546924253,3.5224379411,10.5253520966,4.1549050747,1.7541933184,3.5537576483,3.2922684232,10.7155183129,3.5484269891,1.3057352244,0.6117231182,4.9329858739,9.0440693120,10.4136006104,1.9786392901,10.4121913267,3.6249742322,1.9110332815,2.4887571477,4.2429897828,3.3834542866,9.8028454930,1.0113833332,5.4768164123,8.5170402835,1.8969128154,2.8800253158,3.4106202239,0.0347286929,0.3760399647,10.1379783817,0.0447861474,10.1299258901,10.2702583402,10.5355232418,10.3260685753,10.1229969070,10.4232161636,2.7183622466,10.1229284501,4.2141788965,5.0645986738,4.9584115276,2.5736857120,3.0901701772,6.4219934744,10.5885214058,2.9554337524,4.6364038553,5.6453736103,10.1169467598,10.3938251517,6.5778057039,10.4963976829,2.5408734227,3.9504708292,0.9865615268,1.6541070663,10.4287641265,0.5549715435,10.3923003544,0.1845338993,0.9404533188,10.0794072362,10.1530588722,1.0844226818,10.2737033128,10.4655381627,3.1610583879,0.7455926160,3.6984698627,0.7642128804,4.3311405571,10.3518237219,8.8091089584,10.3463050070,10.2195906718,6.1239665129,3.1763883609,2.0252531898,4.6730673263,4.1264578726,0.5156323984,4.7494854031,4.1707945836,6.4219934744,10.4591062391,1.1566860177,4.9779920819,1.8345916374,5.7876408438,0.9077190683,10.3902647645,2.6838199526,0.6814882487,10.2007223450,10.3489990007,10.5217588156,4.3105907750,10.4131229530,4.9032606771,4.4095749245,4.7882483789,5.0183367162,0.9053150629,3.2998880461,1.8124349386,8.9943704873,3.6442923887,7.4167467950,7.9441519219,3.0499492444,8.6157801850,0.3241700831,10.4774525213,4.8276830686,8.4647820198,2.5621925914,5.1273409051,4.1788141643,3.8966943263,6.0376571446,2.8271818328,0.7035318733,3.2429416580,4.8204762855,4.3225475160,10.4800853261,4.2641856548,3.7619059477,1.6094410944,4.4065965091,10.3593946531,10.8259880139,4.8237424927,10.3155822331,3.8072534087,0.0052041807,10.2878170146,2.4747971901,5.4203347880,10.5000118289,1.1125914744,10.1460364115,2.8008036895,1.4806441449,4.7634397674,3.6518398448,3.1677792906,2.0290879660,1.3522049407,0.1167446374,4.0895923230,1.8501224159,6.7121330561,0.2107507536,1.9237463489,5.7658645798,10.2318610532,4.0423017352,10.4599758595,10.3328253165,10.0620372707,4.2607638541,5.4016969524,2.9054404132,2.1505046280,3.8701454111,10.6064927845,10.4476719970,6.3956689308,4.1006375252,1.1642596675,10.5511132739,10.4646432610,1.1662995740,0.4372153378,4.1520502087,3.8666570859,0.6893112788,7.2120155906,0.7721173248,9.7937819725,7.0251206481,5.0105592050,4.5988690020,10.5542784726,10.8614453509,4.5486011015,10.4939416336,2.7432623584,10.8507079317,2.4480498293,3.0055530978,10.1758772777,3.4812316321,4.3356713854,10.5486555970,3.5068806522,10.6128109504,2.3898798968,0.4096834909,6.4219934744,9.9729482242,10.4833558855,8.3133386618,3.1090326566,10.0445517290,3.2933866627,9.9536063468,4.0627833095,3.7865090134,3.2748281509,0.7030521035,1.3063878114,3.8159323200,1.3661752367,10.1824066562,10.3112387768,2.4072833265,10.2552065222,10.7347298462,2.3512282997,2.5212219084,10.2285351504,0.5994175725,10.5682340538,9.8280511656,1.2055263901,1.6063873480,3.4191719537,10.5040459507,10.2635407672,4.2488329504,2.6052403140,10.4804950162,9.9164273639,1.2181183891,10.7435771939,9.9492049633,4.2140731366,2.8201490019,9.4424814878,2.2016749271,2.8181554330,10.3374553711,4.3273895281,3.6939865086,10.4464865276,4.9249167892,10.0505796487,4.3710164889,3.6434977200,3.3128833465,2.0747953555,10.4584930003,1.6839517821,5.4302849778,0.0591950888,10.2949160911,3.8934159291,1.0140658123,10.3261288353,4.7823402286,10.8653845050,10.4646157017,10.7215111545,2.8109051869,10.5535704698,10.1570495466,7.0566938045,10.7043499471,5.7978673110,1.6517214625,10.6499934856,2.6266075093,10.5631612094,3.9235561592,10.5848680253,0.8328959296,4.3940518409,2.8419502889,10.4355523221,2.7323402886,10.3475702139,6.1837266636,10.3584134297,10.0073039414,2.1028407179,5.5913930326,5.3936994115,10.6331153932,10.4871450625,6.1344780232,10.5917132362,2.5360096032,2.3646792756,10.6669242883,2.7340825639,2.2348541605,1.6415572479,2.2229899872,2.6135528327,10.4356633356,3.9116472537,0.5601973245,1.2795423026,1.7400077812,10.6277534980,3.3265475672,10.2028429777,3.9171093740,10.3782541153,10.1532407059,6.1305522036,3.3601126463,2.3008821365,0.4794748910,0.7541468648,10.2916072910,10.5260587814,1.5412125945,10.5145622323,10.4347233552,8.8821891630,10.4475314907,9.0767949194,5.3222293946,0.6720321370,1.3393023569,10.3141318263,4.7917238934,1.9888926208,10.6335154683,3.3811931709,3.0323465524,4.8357786503,3.5895746004,2.2987303768,10.8831166988,6.4219934744,4.3628062667,10.2519547762,4.4625255149,10.5852629801,10.5621917691,2.8733033997,1.2278126572,4.4728274100,2.3347691313,10.3482262189,3.1540212229,0.7663520637,6.8830665314,4.6353711184,4.0493397391,10.5807696474,3.5850547626,10.1089657648,3.5983779150,4.9132577722,3.5808104564,2.8633732354,4.4107171251,2.9626031287,10.4154330342,4.1747557133,2.6073414039,10.3336984500,2.2254127272,1.4362882094,6.2609358798,6.5920735060,6.2091429610,1.7608974537,5.6780665563,3.9452423862,5.0421017138,4.6317838628,10.4108373284,2.9745691441,1.6829344757,8.2404869183,2.2176051292,4.3940352726,1.3119588845,10.2640135565,5.4458464344,5.7231903708,0.8727574852,7.0657930213,0.6154960499,10.3857352076,10.6255216131,9.7016573173,6.4219934744,2.4256792746,3.0215748145,6.4219934744,3.4618504168,2.1335860816,0.4732141071,9.8213441681,10.3518846913,10.4311058463,10.5092955553,5.0027638248,9.4527798904,2.6672022882,10.4011044482,1.6554049271,1.4272368425,0.1426970742,4.5300252391,10.4224421250,10.4799748050,2.6701991916,2.4253958811,4.3593718574,1.9424355818,3.5550840070,10.3884512140,2.7096582207,5.8805128544,2.9668471834,1.8174099841,5.2199243343,10.3623289398,4.3667624194,6.4219934744,5.1480803544,5.6433733107,2.7930867507,5.3008389528,2.2697638447,0.8834568404,3.0126641853,0.5755867203,2.8701642526,10.4555001544,1.3440839329,3.7244196240,4.9069988963,10.4025971240,10.2378217950,10.2505358774,3.7641220283,8.9031592663,4.7683051550,10.3746730877,10.3658290999,2.1389302906,3.1441615763,2.9434732795,3.1767617884,1.2667380646,10.0804669519,10.1510254933,10.2973357872,0.3172068795,0.4439881973,1.3922493313,3.8434051584,10.0784839771,9.9381181035,1.4884476243,10.5457900134,4.3087544822,9.8375067180,10.3671553304,0.4046097896,10.3547884665,10.5294403531,10.0716298678,10.1787597584,10.0236584210,4.3570013977,4.4546127661,10.4761295841,2.1682174978,10.3776939007,10.4017559268,10.4487569765,10.5738184953,10.6597252015,10.2786921392,10.6291266832,1.7392176456,3.5007708790,10.3721053269,10.1077277560,0.0598029964,10.2392416672,9.1096628059,3.6793373489,10.7373720408,10.3239012712,0.5162166910,10.2816471979,10.1601099257,3.1947677931,10.3372085031,10.1725017984,3.4768406756,6.0565779214,4.7668884701,10.3736821298,1.3552357393,2.8666892421,10.2830553636,6.3028071693,0.5870235218,5.1897450744,10.5451060351,1.6445345905,4.1213798119,2.8646653076,10.7470519049,4.3643440123,5.0460631492,5.0410815398,2.8370152126,0.8151013423,0.9979496927,10.3918175869,4.0354434291,0.7656400861,3.3026584691,10.3424258240,3.9726879702,2.7746729393,9.4791562649,3.1184597194,8.5098641741,3.3558349894,5.0277662607,4.0362852470,3.7525882521,10.5260775584,10.4640841267,10.2466966788,3.5887085110,2.7898871382,2.2378008423,4.2274271489,4.3885032838,4.6360436735,5.7049273712,1.5400999690,2.2308993365,10.6654500337,6.3517757050,2.8701983833,0.4858076575,10.3010696851,3.7670519080,3.0309353332,9.4569165475,4.0466764641,3.1233268572,2.1930863720,3.3626608339,0.7800114209,2.9304734702,10.2804560328,10.8600722391,1.9745591329,3.9444979995,2.3997527738,6.5390373157,4.3731785445,10.4442102866,4.3318914785,2.9416002873,4.3945669862,10.7005431380,6.0384530306,3.7945063070,4.3773296325,1.2786506205,4.3784218019,1.0631604562,2.8174942001,0.7880991661,4.1657644201,3.5197676774,10.3699848699,10.6824119400,10.5653087307,2.7656683729,2.7271571883,6.8890640627,10.7814307943,3.5568261909,1.0999827846,10.1498441096,3.0843778357,4.1735529676,3.4830979663,5.0816540639,4.9965979719,4.9334586531,6.4219934744,10.5780517112,10.6998353024,9.6827780731,10.3167320297,1.1796635490,1.8659542922,10.7150997825,10.4175673402,10.5731612194,10.5594889907,2.7393106792,2.9767549181,6.8567277135,3.0408212665,6.7932745210,2.4306551030,10.3613841413,10.3345158355,2.6499418910,5.2968525095,0.5273316905,2.7308388101,0.4253613426,5.5124630716,10.3967169699,10.3276212526,3.0978919792,4.1332784539,1.4244103402,10.7822516556,10.2435563822,1.4554565605,1.6440025449,6.1230410034,6.4219934744,10.2414923796,9.3436647352,0.1735767467,3.1060561700,3.0621504620,3.5973424031,2.1591769678,1.7742657641,1.6169936294,1.0292270627,9.7698550381,2.1822409487,2.7657827664,3.9190338723,10.1940607134,3.5762742737,6.6067419931,10.6044892487,1.8430421298,10.4073328056,5.0426803557,10.6031153771,10.4624027687,8.4882561637,10.1786753859,10.3272728451,0.2140693088,3.3090461184,8.0093647153,10.1592081553,10.2528253504,2.0310137324,10.0993852408,2.1886131321,10.2165248750,10.1955646440,10.3649981932,2.0450706168,5.5216545825,3.6764611757,4.1577196388,10.3065914917,0.9575956912,10.2719286936,3.4894430977,10.5386567761,10.4137693608,10.4285630329,0.0264274245,1.4884519758,4.8412519562,3.4385163199,4.7381664198,3.7645906614,5.1258142256,4.2350196793,10.6849732121,1.2771207295,2.5791045674,10.5739136517,10.3190397669,9.4937017410,4.0832608891,1.5829043108,10.7227483128,9.9505150751,10.3856109314,10.5194638285,10.5685275292,10.1562374883,1.8380663992,4.3120580109,0.8712624587,3.6391229506,3.5084596290,1.3139157249,10.1616587663,4.3078764315,1.5872578158,10.1496216566,4.3866157163,0.3436609656,10.7476605870,10.2274509156,2.4103388789,6.8506784487,10.3916345138,1.9870645840,2.9531018730,10.1710455887,4.1245879835,10.5214096038,1.4131017615,10.3354918913,9.9277785243,10.7063189585,2.2863885096,3.9945373214,4.8888016065,2.3054757582,10.0836732883,10.3594466614,1.8986767680,10.5166875433,4.1414990471,3.8873233052,3.6561872765,9.9893839234,6.4219934744,0.7982062480,10.2933143180,0.6796996638,10.7267056343,0.8829652027,10.6638283840,10.6708613257,2.3518653522,4.5620382762,1.6338519914,2.5601727705,10.5341951937,2.0024547811,2.6273542703,4.6389183371,2.9344710655,3.7392492104,3.8902537069,3.1822901710,10.2788733655,2.6020193489,0.9285334457,10.4338472881,2.2507769820,0.0848450208,6.3050589504,6.4219934744,2.4267724584,3.1233898852,10.1360850366,3.3777238426,2.5768313052,3.4834261087,2.2159955089,1.8872694943,10.5853971245,6.4931994718,8.0061994363,10.2867619789,4.3015665253,10.4955337473,4.8000336875,10.6452299043,10.6996622308,10.4326482287,6.4219934744,4.0008446721,10.8744145319,3.9584751406,10.3903829942,4.2972265425,10.3780675278,4.4937942140,2.1811775248,3.2257821831,2.4788606222,2.4967993184,4.2921443380,10.0497499285,3.5707042861,10.6458263713,7.0006248491,2.8898599041,3.2215519340,3.3139283050,10.2651228597,3.7142268963,2.8755043377,10.4589323076,0.6595161202,2.5457300200,10.2882940268,10.2734424211,2.3409485494,10.8841758678,0.3525093673,3.6534382207,10.4108386513,1.6138516193,4.7890723617,2.9378986734,10.6424036947,3.1917251535,3.6937742396,10.2828486123,4.8889103885,10.8520160358,10.3330144994,3.4306428576,10.3823182477,10.7149884059,10.4802988463,10.0793564766,3.4553407066,7.0019002789,4.4358006963,2.9142022153,5.3989282506,10.2945489841,10.5459894840,10.3181742397,6.2304612245,9.5457851293,5.7571672850,10.3331913833,4.9930444214,5.6223426197,10.7997852708,1.7088288899,10.5756805460,3.5268371047,3.2816800649,10.0258962225,3.4247527963,3.3313312635,5.1550039036,2.0150989982,4.7311914851,3.2132428366,3.6036892815,10.5374753789,2.5919444944,5.3385928879,10.3352351066,5.4549117802,2.8430848977,10.4636911227,5.0858584231,3.5308971305,1.5901178420,1.2378588834,10.0791736708,3.6215585350,5.0554111925,5.1091663256,10.6602714878,10.6786486982,6.1950695234,2.0155623574,3.6630874024,9.8060285665,9.9944407970,0.0907698351,10.3072971631,10.4917763240,10.3443486126,2.2879474162,3.4545973312,2.0277970303,9.8685200370,10.1005596079,1.2999430097,4.7065558207,8.1018228616,10.6246778080,9.0146728357,1.9988724026,2.7763440826,0.8792066793,2.1922841858,0.4392674848,10.3767513350,6.8029993358,10.4923146107,3.0134046977,10.6226779377,10.2285309143,6.6763569021,5.6375274590,1.6012262243,10.2469052215,6.0900674537,6.8100048585,0.6526943297,2.8525221047,10.2183836160,4.0369184937,2.4321724856,4.4626985025,4.7164674423,7.3799379260,10.6920061253,3.0540708912,3.0759868127,2.2645564211,5.6406534411,0.0323506397,10.4723850326,2.7771650651,5.8144261054,9.6039698158,10.3196555364,10.1057662147,0.6400929123,10.6168786915,3.9144519323,1.7396074294,0.1595396387,4.6118771277,4.5018021208,0.7110623935,10.4694399848,3.7183495695,4.4515468840,10.7079567579,10.6782365705,4.0212119805,2.0240936192,4.1668676070,3.7816672442,10.1714351866,6.2268535605,6.4219934744,3.3634293137,10.6613422152,3.1150704452,10.2825614816,10.4714860047,10.0015755708,3.7364820269,2.2832699668,10.2108508342,1.9215855960,3.2284127652,10.5712477197,2.2175265720,3.9084956019,5.3691650915,3.3984520605,1.3202413410,0.8981595394,9.7936802090,1.3976818439,1.7126248549,0.3920148998,10.4879545863,4.5320352336,10.3704770499,4.9071947184,10.0257116843,10.0399288158,10.4451196035,10.5049357365,10.0555464140,10.4810895987,2.3719586460,3.5795332266,4.3786393853,2.4407638900,2.0245636355,3.0992330997,4.4233422774,6.9472803612,2.5033324959,4.0692446874,6.0337924061,2.0673094642,10.3486264732,6.4636893802,3.4916166499,0.3560955059,0.6036351955,3.2816529816,3.4406949212,10.4998327370,6.5483660184,3.3421537771,10.7362761708,2.3543844675,4.7692894844,5.7389657873,2.9484301468,0.2555756703,10.4286267155,3.1605253352,2.4352600385,10.4931130592,6.4219934744,9.3069132487,5.1698311873,1.2423720878,0.2668064661,4.2755493019,1.3379102443,2.8083701730,10.5020237339,9.8069015758,4.5483279506,5.6022917403,1.6839352142,4.4336197852,4.1702754906,3.6156528569,10.1527757984,2.2903070512,9.9709775179,10.5015742658,0.9328274897,10.3739013545,1.6551514574,1.6596191825,9.8740456019,4.6389938018,3.5561815302,6.1459483606,10.3539425381,10.7463251137,10.3539928398,1.0014305301,2.3796669079,10.6909501114,4.0597981650,10.1210923258,10.3761525908,5.1636632299,2.2730192101,2.2526927082,10.8851453963,2.7421671257,7.3465929686,4.6597307280,1.2888427666,10.2817251672,2.5126758554,10.0032382948,3.6833703453,5.4655152174,2.6351290729,4.0788410071,10.7126979939,0.2149279587,10.4793958702,6.5785090520,10.2585177102,10.7084261986,10.5131511414,10.3382325652,10.5194035665,2.5165087565,10.2294609648,0.0460299520,5.6203505853,4.6357793628,6.2589194009,9.7769640964,3.4878923903,2.1706155793,10.1355673911,1.8594611774,10.8513699265,10.7305272827,5.7045499271,3.5790044895,10.2072328883,10.5301178388,10.9681698009,2.6860836693,0.0235028517,7.7897088061,10.3415244937,7.0249878318,8.7137379465,1.5386410783,8.6813312915,1.8343654145,5.4417263955,10.2049348152,10.4059711084,10.6057725638,3.2893682264,2.8443766527,9.5305214813,5.6748793615,4.6950200906,3.9419858144,6.5754009466,0.0234278534,0.1162809119,10.5924243926,3.1025999162,6.4219934744,4.4055553523,10.7080343301,10.5909558162,5.8656810859,10.3619721214,2.6097849485,9.9258395865,6.1128947301,0.4427008116,5.2238791640,10.1481061844,10.3944216281,1.8261656966,7.6849347822,9.8917783065,2.6948155100,3.5069950555,10.2207074024,6.4219934744,2.3515069874,2.7521918111,10.3199398509,6.5356407514,4.9351854625,6.9133960464,0.6760142345,10.3410216612,4.8721611969,3.1887160603,2.9127268959,4.8484525603,1.1518791270,3.5183875521,1.7660974629,2.3704006290,3.7009019541,10.7293482685,1.1032362812,0.7978919137,1.2716592403,2.7002113889,0.2098202007,1.8754150857,10.5277855824,7.7457955178,3.6193112339,6.1448429179,3.2164573547,4.3974914110,4.4912870340,6.4219934744,10.6527558962,1.6805851269,2.9593727992,10.5508170813,0.7743445856,2.0358386292,4.2985139494,4.5387741560,10.4123121759,8.4499305281,2.1622425339,10.0795955750,10.4644605514,1.0856269010,1.7153765671,10.3935301899,10.3552881071,1.2270788609,0.5071385835,10.4962262374,5.2172432618,1.5079533421,3.7490052423,9.7251821687,3.3836011651,4.9741828917,10.4069428518,10.3340649851,10.0968387165,4.2615070195,3.8775719044,4.9738975440,3.7276715870,2.1818262285,4.7930606220,4.4091880599,2.4675223407,0.7894053622,10.8899314613,5.9098934298,6.5454358328,2.8497521257,6.8833681661,10.4335834412,6.8300895039,10.8192008438,2.5236940885,3.6075444792,10.5055218028,2.9856315554,10.2479827923,4.5174699270,0.4542514263,4.7043174281,4.5506663421,10.4196057394,10.3659919938,4.9592116328,10.3563922627,6.3276964278,3.1460415814,5.6992166975,4.4422260938,3.4105484312,5.5166164774,2.3565432354,2.7493340935,3.1839921874,6.4699400815,6.5210383596,1.3527301092,8.4710067284,2.2161253474,10.3250596626,10.5113162037,1.9224983155,3.4716030025,3.9514094463,4.2695841754,9.9920374664,3.0323993545,9.7419907226,4.8718517810,2.7098364707,3.3363278081,5.7694689061,4.4529199246,2.1187157948,0.3016811279,3.1433198059,10.2435730417,10.2283587359,3.4681778577,1.8852600803,4.9782597291,0.6151688114,3.7538037038,1.2683267232,10.2720391393,4.1290618567,5.5281168817,10.1538194906,1.4438492138,3.3074687618,6.5353062424,10.4253380186,3.5998819748,9.6512365196,5.1889000203,3.1097510604,1.3498505603,9.9510895708,5.3808105246,2.0181990410,4.5287328381,10.4826088183,2.8425412156,10.3610707668,3.4023397469,2.9239471630,10.0178355298,10.4975772372,10.1926352682,0.1318214360,4.7812258311,3.6984001423,2.5018831523,10.2412090239,5.1710653079,1.8615636377,10.4558432990,10.2318433993,2.9984075608,0.5250604725,10.6812822509,6.6334433430,10.5670669456,0.8950177187,10.2050142791,1.1077003433,3.3024666575,5.2801225100,10.5324868547,0.4480180582,3.5238833969,10.3991196765,3.7653812490,4.1118635841,0.8914614268,2.9111520240,3.7814148967,10.1346051795,0.0069482315,1.5515408353,2.1293135301,6.6454426651,2.8822091371,1.7039688998,2.9339088594,2.3090962576,0.7434667649,10.8094850069,9.1338336983,1.8825718550,8.5542565017,6.4219934744,10.5560085913,3.9563814042,10.2066451861,10.1866050804,1.7930388981,0.0946433266,10.3113145298,2.7324131194,1.3052635769,1.4709916352,4.2762434818,10.3413180141,10.2504642384,7.3532999339,4.3525255868,0.5548944690,10.2852082549,10.1332069625,3.3326825090,2.0537864901,10.4436656392,5.0497299802,8.2793817912,10.5427384226,3.5481067825,10.7161247374,10.8540642455,10.4406873234,4.0843170251,2.8660369271,10.9150697239,10.5609490152,10.1736756754,1.9059189995,0.8090585469,10.1461660528,2.5175066712,3.3233448864,6.3872194437,3.2447461770,10.3881526125,4.8978581520,2.8631725514,1.1088600699,5.1754093158,10.3139337297,10.6850310294,2.6814317049,10.3949237032,10.1429400321,10.2752527435,10.0774285622,2.8860819458,1.1047985893,10.3399645606,10.4724405340,10.4920122095,2.8499237440,5.9761592379,1.3354020898,3.2956088420,1.8579923433,3.9973044840,10.5361497561,10.4142888708,10.2151561896,0.2008123912,10.5495182647,10.5182016162,3.5566825601,1.1656858986,0.7335950787,3.6194397751,2.9903938349,10.6601919518,1.8216473577,1.4602858253,6.4219934744,2.6146419859,10.5406192414,2.1409623151,0.6826085700,0.5500439723,3.8857623536,6.7889948234,4.2609733086,4.3345295324,1.7093575889,7.8218487785,10.3790914326,0.2221318235,10.6334117326,10.2428695465,2.9556728878,2.9157006424,10.3599006095,1.8979224887,7.0314366604,3.8998323188
UGR,4.9035663255,0.5517329631,1.9926434884,2.8109614809,5.4720650175,2.4177619025,5.9667612377,4.0723970361,3.6987463239,1.1115873090,1.9988829840,10.8847712343,9.3163342128,4.7310259424,3.9129850005,1.9559653748,8.4989185243,3.1816435736,9.5859191900,4.3637954526,3.6478935455,0.6146445133,10.9930013414,11.0976896022,3.6671508635,3.0736954406,2.1109801475,1.8275301111,4.5645323835,9.5647832513,3.8680931225,10.8673689885,10.0080693346,10.9586350381,3.5341045140,11.0622793356,2.3112424319,1.4217116066,2.9498332765,3.5908623202,4.3637167763,1.4724410761,11.0215579440,3.6342192079,8.2578114898,1.3950747050,4.3400488315,4.9320121488,4.5126986117,6.0900541509,8.9870956420,4.4937011777,2.8572426968,1.2953534471,10.8762365043,2.0513808890,10.4695842470,2.8992719201,0.8856573285,8.8339950795,10.5342600290,2.3137829296,3.5968210597,2.8187804321,0.9243106764,2.0829823655,2.8091574429,3.5536613638,1.2340837589,10.4628417819,1.0916812382,1.6631532744,1.3199311622,1.8455638248,3.3417572234,10.2955288727,13.0490957479,1.7339124097,0.2024749835,3.5756015192,3.3184617721,4.0217256951,2.1347238989,5.2886670882,0.2557488482,9.5034353667,2.9226324508,5.0717952217,0.2714057702,1.7753041261,11.1523578037,2.7050889306,8.3355707124,4.6309352857,2.9452657182,1.5654696978,0.5421284231,10.5977872662,1.0122698744,0.5693829380,5.3597753612,3.9910164101,3.4163112566,1.6428703093,3.3584887971,8.2101194782,1.9977485984,4.1972190162,3.5252896305,3.8655466904,9.8674693681,3.5594063170,0.6031892369,3.2248278761,2.0066299038,4.1583125202,1.9404525243,3.8563447060,3.7884731679,3.8870760270,3.4949988608,8.3541449874,9.9847773180,0.4694860425,1.5743352262,2.0712512083,6.2419790047,10.1708370292,4.1026267392,1.0403901903,5.3189815378,4.3407654368,2.2131625122,1.1412928330,0.7410605742,4.2465885228,4.5354677652,0.8856063707,4.4369488347,1.5410280558,3.7657251608,3.7119866809,11.1229393216,2.7383557611,5.1550533999,10.7466348533,2.1489070339,0.9044569160,2.0331123887,1.4999047491,10.6828676537,1.7568448543,0.7142493793,2.8684928915,2.4284816195,2.8892304029,4.9676157863,6.0150116888,2.8345683959,3.2308465915,0.3526493068,2.2549192556,1.3081257313,2.3780611240,1.6902460829,10.0236835685,1.4092278560,10.0017165260,5.4896235750,4.6584380931,2.4642232861,5.3063656678,0.1717001140,1.7089749259,4.1648033555,4.9782662511,10.5484228217,2.9527040250,4.0842523655,5.5278349698,5.6748847179,5.4770643823,1.3346646704,11.2568387479,2.7986290183,1.1190715663,5.0215380658,3.6390674461,2.4453130064,1.2783964680,3.4796672730,0.1697423023,1.4560488494,0.4562769064,0.3537935287,4.3061416821,1.0699298484,10.3643419442,0.1234261074,0.0638055662,4.8839980369,13.0490957479,3.7301014623,3.4473198860,10.6462438692,9.6503894965,0.6368374746,5.0349305393,4.1292066350,3.1243215549,4.4434259551,2.7396444395,3.5586212139,5.0325734772,0.0045358385,0.3348984717,2.3471762694,2.5267669688,2.2123310653,1.1777049447,2.3120954506,11.1153239533,3.9692899635,2.5700415447,1.0336976168,2.0131975354,9.2263745721,4.2233711279,0.9656577309,2.0947300973,1.5800421595,4.6519233047,5.1582000357,4.2842246492,0.1860635932,4.7140371217,1.8079598771,10.9636467427,4.5701230904,0.0010667577,5.9830371138,13.0490957479,0.1321575510,2.7440267434,10.3610194962,10.3917938733,0.7608074940,2.4399132173,1.8962505879,10.8716431682,1.4296101437,5.4556549173,4.6284277673,3.8748796155,3.2092479108,4.1016341717,10.6323178803,10.7014922162,10.9765301900,3.2214386352,3.1709072498,2.0011149496,10.6751582108,2.3290299682,1.3395654995,4.7587726589,10.1671212310,3.8335354008,5.0594579065,1.9980715359,1.8914843401,0.8764128058,5.1048400479,2.9476126759,3.3088842394,2.8864602465,4.2030657832,11.9529783988,9.7134333511,3.3175296764,9.9381017020,10.3112581285,3.6439549678,1.0691237148,3.8647929873,1.6690677053,4.3282172921,10.5275149865,2.4707054401,2.1868206827,6.5911834967,3.5841371683,4.5888791203,3.0067364432,4.2888345476,9.5338299241,9.9637623160,5.2969626961,10.3392925049,4.6913364045,3.5502846475,3.2315231054,3.3794135732,1.5852919632,7.2585583071,1.4508036114,1.0802514440,1.0010068999,9.0885108732,3.1506448971,4.4416004408,5.1178745027,9.6181152944,4.7010195107,5.1216387842,2.2245186253,3.6625162831,3.2655131725,1.9967130688,7.3993900391,3.2707968401,3.2613023859,10.3404524345,2.0951831588,3.7908226933,6.8340992617,3.3654438834,10.6308446456,4.7782505447,4.9972448899,6.0297398719,8.9932716976,3.5208306193,3.2601977058,9.9527541991,1.2721644775,2.3927517089,2.2218224465,4.1528878035,1.2135023540,10.6193681865,1.6170495179,3.1797888917,3.6492801178,4.5077701831,2.6403093561,4.4453181487,2.0092540274,0.6976548794,9.4544453219,6.0602905892,0.5568354028,10.7729389935,1.7338629037,6.7260287723,1.5920228029,2.2777592076,1.3392881991,13.0490957479,4.5770606008,0.5312137672,3.7199482272,2.5162827153,3.0504752224,0.8118648366,2.2182673541,10.7290286683,1.7332691841,1.8428352038,0.5292448418,2.0273210024,1.3602291831,9.0214922148,3.4111670141,1.5305191417,11.0875998782,3.1257674223,2.9430897879,2.5805810823,10.8062189063,2.4745917960,4.8020770690,5.9625958269,1.3893806787,5.3833929489,0.5842456307,4.4055092870,2.0659560279,4.6597937567,3.9223876599,3.7347029177,1.2058033077,5.0435780125,9.2296729233,3.0251256498,2.2463709970,10.8185543251,3.0177881842,2.8308563504,1.8194423412,3.9817899743,5.2086401673,2.1492595396,3.6966169896,0.7730482476,6.3406497481,1.6961948787,10.8504809433,10.4267729706,1.8846679464,5.4179046316,0.2700622113,1.8635579955,0.2872361553,1.7101826522,2.7483260960,5.7504603099,10.5831701215,0.0642852006,10.6653285954,3.7692724677,3.3752283787,1.5734127843,3.1027510317,2.3584858773,2.0130706352,4.2687511960,5.0517243687,10.4765144485,0.1652549308,3.2761239537,3.7225951706,3.1038327324,4.9995887938,1.8838471258,1.2526788294,3.0266161768,9.2918784786,4.2675018778,6.4718493572,2.8461703136,10.3465203578,1.7273715480,2.5834446440,9.3428717097,3.5442474668,10.9815720336,5.9083799554,3.7971569595,1.1013521885,0.9585990666,3.4157071040,3.2930411304,0.9366331183,3.4120296300,0.5151609564,1.8785494078,8.4714862361,2.2482540656,1.4682407506,10.2963388313,0.1637663345,6.4303933239,0.9674669718,3.0795961872,1.9591258971,4.9748936632,7.8583467699,5.4839620468,5.5936167555,8.2952758466,9.7099495450,0.3895217463,1.9313404143,2.3090073999,4.5104058309,2.9536822172,0.8531361976,2.5486299432,2.7292135786,2.6823370615,4.0289926082,1.4122721469,7.9724643172,3.9679823552,8.3419548346,5.8118499983,0.3806453813,3.9539852777,1.8405282097,11.3317042551,10.4126254878,2.6773912222,3.5612717676,7.4707714500,3.6486133413,13.0490957479,5.6871711553,1.0566529075,10.4017132103,5.6747791732,4.5369980779,7.5387119621,3.5435703889,8.4460477938,1.5630861849,5.2270531690,10.5425653526,6.9838723239,1.5846680505,1.1497276264,10.8558251603,5.1843834558,10.3403277779,4.3028698445,3.5781610820,3.1208288817,1.6333317120,7.9636107784,3.6815724803,2.8191983614,0.9802171487,3.8447458523,3.6227661776,0.9670527862,10.5776816412,7.2244067594,1.8297648518,2.0282214407,2.9501305574,3.2623784045,10.2793682688,5.4853922042,2.0111921255,0.5786806664,2.5431664022,1.4709554658,8.5277018576,0.3868263644,0.7015409278,2.3989762881,1.0586731401,0.4677958931,11.5605940078,3.6473532711,0.7406378118,10.9142145784,1.6968034642,0.8033784030,5.9818414327,2.9706331702,13.0490957479,0.7864627777,10.3946389132,13.0490957479,2.6612490791,4.9141829855,4.2362020175,5.6085333475,1.1043821619,2.7092788661,6.2493124498,10.2403426846,4.1964571001,3.3353903103,6.3395100002,10.5130491204,0.7954972501,5.0898185918,4.7868999549,1.8381870301,0.5804874490,1.6369070774,2.1319476715,10.6482395087,2.2127715265,1.8683065283,3.2049043852,0.0930088888,10.6855634224,3.1707760363,10.4982778823,0.4543140625,2.9079069563,10.4144890675,13.0490957479,3.3748007386,1.5630585949,3.1410288209,10.0789210701,2.6731465180,0.8281242684,2.2917488101,1.4440568115,4.0094600542,1.8439758472,2.6408158048,11.1546440866,3.5236424414,3.4504280623,2.6876832188,3.6466256982,10.1430075604,2.6063332027,1.8093751379,2.4602465013,2.0700285622,0.1993201593,4.3853949616,8.5947330016,3.4179494607,2.3745686761,2.4996165988,4.1839812601,0.6412326660,10.4278884816,1.3990252503,3.5602238885,9.6986501029,0.8602551463,1.4120850455,5.7557440150,4.3279825255,3.4898897643,0.4792150436,0.5719170761,0.9517307616,1.3411719054,1.7257698322,3.7364983600,2.9195005740,0.1330129283,2.7253077906,3.0023661708,5.2945814569,0.4017313699,4.9020515120,4.6975721957,3.2797344936,4.4735400027,1.1882429445,6.6444324021,1.0119657036,4.0090755288,3.1079997303,2.9164885604,1.2121746474,3.3494780304,3.0875153280,2.1472437952,4.5332999370,6.3450577780,1.6289569073,0.5509162002,3.9064202961,0.9846531821,3.9539158925,1.9264402267,4.2561355856,1.7225756233,10.1794653596,3.7245695678,0.8104412086,0.3746271102,6.0946089862,3.3228398512,1.4505314501,5.7853523674,4.7847992960,4.3754712204,2.8514148305,6.8156719493,0.4860108732,2.9732483312,4.8571237052,0.6173546852,10.4151656462,7.3078525309,5.5076810487,10.4209646827,2.1441238935,6.3325376781,6.4282345257,0.9029702680,4.8189750735,9.2884054333,0.8644658470,1.2263487723,11.3416915888,3.9323865047,10.7471365000,3.0929640947,3.9717923993,3.2694080571,3.1686014077,3.6349448839,1.7398291806,6.6055810561,4.3193966576,9.1695380439,0.9713634488,3.4550918271,8.7313252172,7.8421832770,10.5485042735,0.3344158653,3.9446637565,10.9926273148,9.0443212967,2.4749799372,1.7533496202,1.6776690633,10.6904130179,6.5433712907,11.3940665852,0.4079997363,3.3730736060,3.1644027642,0.3831276948,4.6563961619,0.8672372018,2.9990239958,3.9300881163,2.6533628349,2.1058925073,11.0180457684,7.9906391907,3.1147320268,9.8749856409,8.7726662334,1.8486471949,1.0375284429,5.8260946626,2.2599697878,2.7248055293,3.1809000984,4.8295215617,4.6443312188,2.2527643474,2.0412517204,1.6507760876,10.9862621665,2.0136921363,1.9541075919,3.7309273803,0.3682745723,11.0612168670,3.8854575302,5.0373232064,2.6144824021,4.2414324616,4.4712813378,2.6835175951,4.6915556892,6.5895922781,1.2199669292,4.4043281015,10.8179290163,13.0490957479,4.1404517944,1.4957225833,2.0742888610,5.7302053379,8.2425308190,9.5978731308,2.3780781990,0.5020477538,5.2958753906,2.8249127543,3.2845211115,3.7337201407,10.6263473334,2.8309825635,10.4324034500,2.5003887834,3.5233880477,1.9402333260,2.0254873932,1.3627349231,2.9081503772,3.4951732402,1.9290896832,10.5241409082,3.9092670959,2.7063709762,1.5352196595,1.3543829830,0.3616172790,1.6902897742,0.2218482568,2.8295334491,7.1867098127,10.9717880045,13.0490957479,3.6676527728,2.0223738324,3.6253403395,1.3034409183,1.3615213196,0.4505180086,10.2159335816,1.4971591744,10.1048753856,1.4153791876,3.8051774244,10.8707985566,5.7743218363,3.3866951745,0.9425549497,2.5084073886,1.1900299063,1.8852925313,4.3955901603,3.7364508441,3.3652254667,0.2798816449,0.9145247594,0.4322159818,3.7148028081,4.9052748772,3.5850481036,1.0474900236,0.9887377413,3.9697924676,0.0513646184,3.5697204260,1.5803183526,4.4931845080,1.8237155895,1.3317917790,3.2895557253,4.0695888130,10.9506713833,0.0400759158,0.1996218382,1.4996691049,8.1651262567,1.5037913823,5.9403988699,0.9140653385,4.5523185303,1.9011651535,10.7724385656,3.2966148857,1.3885914214,2.1089294054,3.7457274258,0.6843412084,10.5486608725,4.7611017920,4.2945888101,4.9310729792,1.5497185371,6.3841293933,0.8029830897,0.2092765385,4.4018749184,1.3415690072,5.4994385913,4.1080565506,4.3632039171,4.5441663113,4.0752646555,1.3527420258,9.7514506425,0.2232777055,4.3893621965,2.5852872062,5.3570839362,0.4596013610,1.4540232459,1.0535806307,1.9503307186,1.9569376731,10.9939964421,2.9384900069,3.8388594489,4.5432585542,10.8858951091,10.2541719964,3.1085960895,5.1880724373,1.3316553988,3.3161689980,1.0246149881,4.0526548618,10.3264121324,3.0226072468,1.1340239424,3.0188352053,2.5361992869,3.8221915701,5.3504204591,10.6503332724,0.7903727554,3.3842640210,10.2134814625,4.8631676094,9.7202761926,10.6632496267,4.5361725685,5.4973058936,13.0490957479,3.4944327066,2.5694127724,2.5234497261,2.7600369480,9.4369341867,3.4231108700,4.5296984386,6.9362057192,5.4656123640,2.3206475597,0.5392535515,1.0485089446,1.9051308964,0.5007439099,8.9716672327,2.0938213393,3.0756619654,9.6596878974,4.1698227100,4.2526308878,2.2989485232,4.5403884791,2.4711165040,0.8821394668,3.3234714602,3.3341506800,13.0490957479,2.2425722620,5.3097050581,1.3590873351,5.9513823367,1.6911341521,4.5656669945,3.5821303585,3.7020048360,5.2604608404,10.9284121912,4.1286417506,3.9466015745,1.8550052880,5.6733379182,8.9055576686,2.1210430571,3.3807927218,1.5772356549,13.0490957479,1.4056118751,6.0273326133,0.1150299185,5.0690642712,6.7434950531,4.2320691555,3.6318605494,3.1206486159,2.4348856849,3.3374852818,10.5692603041,4.8987522686,1.9391277111,3.1338786804,1.0176704218,10.3617958579,3.0079962514,3.5987191499,1.3843423448,3.7118738162,0.8565279012,1.0042623424,3.9475290148,5.6221327267,10.4370948825,3.4668922948,5.1488994322,5.9280762869,2.0015961146,10.1809390003,6.1801257380,2.7725804196,2.1235169086,3.3239012339,2.7538739853,5.6430279014,3.0908472338,4.6122207467,1.3301616881,8.7355690931,4.4116304712,4.3636696745,10.5421946742,3.8773614978,5.3661888929,0.4002419777,2.9675174352,3.5516421133,2.8801355762,1.7796408349,7.8700312050,7.6876733150,4.2679643976,2.0542029703,4.8515199579,0.7238230011,2.6769609335,10.8473148276,2.5556258223,2.8566578110,10.5817843224,3.0665821682,9.4745944930,3.1345100120,9.9883278847,9.9784121383,2.9746941651,1.4954970098,2.2212152577,1.5029534972,10.3486187562,2.8651422239,0.6541284596,0.7729756074,1.9230699942,6.7365288117,10.8378538484,3.1764102981,4.8566951497,10.2245120364,3.1867687128,2.6109352085,4.3963345435,2.9541591502,4.5730458231,4.7991331904,8.9946859556,2.2421251023,5.5987633891,4.1294753537,2.4025732498,1.5826591204,0.2989941558,2.4831786381,4.1043585576,1.6349935375,1.8334650400,4.5923980405,1.9987223471,1.3140098661,8.7653820324,2.2783619492,0.1410096540,3.4728045871,2.2125498593,3.4978467307,10.9589723355,3.3979423137,2.3223741300,3.0664391100,4.1998660247,5.3599389711,3.9847031842,4.3898172495,3.8194891910,3.9868499288,10.6140209223,1.9084508768,1.9194216987,4.7741940469,1.4655998845,4.7178943384,10.9735505538,0.4942304714,6.3464371166,9.8007571331,11.1433452304,9.1135322519,0.3024559361,0.7088521058,10.6129632702,2.4577871435,3.9429720660,5.6266213697,4.1506153824,3.1616361580,7.0983331547,6.4964464146,1.2578278506,4.0134239835,0.2152654401,3.6363942374,5.6281683998,9.8267765438,2.3543303469,6.3819607997,3.1141617639,4.3368410037,5.0161653890,10.8883987260,2.3542785896,0.2835194100,2.9706583071,2.5157305258,5.0222955385,3.1354086503,9.7925991285,1.3216732203,1.8744339427,0.3482263168,2.7721084874,10.7505530822,9.6032748863,3.7361560369,6.6107554316,1.5422952998,13.0490957479,1.0930015830,3.7342021932,8.0456552093,4.5573669414,3.8845318117,1.5141196100,2.4305171627,1.2417624826,2.3124553021,0.8200630232,0.7185189388,3.9859451188,10.5557907982,2.8041496536,2.9935130368,10.4705461310,0.5026952608,5.2484855628,5.4561790944,0.8333258765,2.5579640169,10.1535453042,1.8097470368,6.0483580378,4.6240502148,10.0958190000,5.2016068423,1.2387942076,5.1787217938,1.8944852815,1.8107437271,3.0799573551,11.1814682195,3.1145081961,2.7509532400,4.1860230718,2.8946201530,3.8435795221,0.8795233978,1.2401521403,6.1068449276,1.0245127617,4.9488825077,1.1184427918,3.6368525628,1.1351601363,2.0174914456,2.5669402192,2.8880193288,0.5780764651,3.8449695664,3.8819234216,1.9658011044,10.7718726038,1.6640180815,2.5106627886,9.5486781297,2.0948305647,3.6783389185,6.7523487077,0.4249676553,1.8691288836,6.3433525889,3.2438627623,13.0490957479,2.5230857916,3.0181310875,2.5412441389,9.8135697946,5.5859941925,8.2924370873,4.0680415237,1.6572524443,2.2925150048,1.5988653869,6.6105551748,4.0947859563,10.6891360662,10.5711249694,3.4127251540,2.7592915021,5.1529042661,6.1084858325,3.3654458773,1.4386140136,3.6637524184,10.5930494479,0.6863342104,3.7219675256,10.6311496956,10.9025776491,10.8661089300,2.7621805892,2.7484718300,1.0898535763,2.5109288239,5.7471643578,2.4202798927,4.4220848847,5.3781842089,4.1706683913,10.5194470621,3.0432755832,7.9021967834,0.5246992214,0.4977494110,5.4350011050,3.7871768302,4.0537014663,3.8996504512,10.6482338034,2.1996333024,3.1919049789,4.0006572477,3.2166463699,3.3177052392,3.2598689161,3.3854318436,2.9997593045,11.0672291116,1.1739320604,4.9626208170,3.0745173569,1.8463787518,0.9737170564,1.5810121958,2.4749000367,0.6485510019,5.9228100577,1.6046208917,3.1566551762,0.5978385673,5.0607429310,1.8812773798,6.0978371630,3.1237002848,1.5874964683,4.4968482268,2.4100385464,10.4401424280,3.8031195298,0.6215854205,2.9605795091,3.4534271372,3.6778017287,11.0330226508,2.2774958401,0.1524189005,2.1361350211,1.5254057879,3.0776669209,5.4575453012,0.4821046594,6.1234677927,2.0970131719,1.2701269119,0.9604136147,1.9269110605,3.9188719859,2.8085068259,1.7263150722,4.6501015117,10.6003243621,1.5262647861,7.8928734897,4.0194878892,7.7393150784,13.0490957479,5.4471898849,3.8808236346,0.9927576550,3.5891493745,5.1691468754,10.2405213448,4.2681420032,2.1664319388,6.0487586091,9.2191238009,3.7065198982,3.6120814846,3.4175750787,1.3422506617,3.0616326772,3.5395679067,3.5580079547,1.9402665866,13.0490957479,2.0708799690,3.1390957352,3.8260066372,11.1793874815,0.8424469448,3.0253606834,3.6820256099,3.6183404406,6.0278100567,3.8182508270,4.2241253664,0.6818112288,4.1777558557,10.4413166070,4.4674183173,1.1283592229,2.6395452966,1.7363806801,3.6519087425,10.0590811034,0.0953696980,3.8031578868,1.9319732338,10.9304338157,0.4204266360,3.9071597288,3.1195143842,4.2091542177,1.2182889944,4.1754673129,11.2261904701,13.0490957479,2.4889981508,3.2310932872,10.9484184110,7.0715020509,2.2942801723,7.2700101557,3.4873150795,5.5727250827,3.6166159592,2.6171371468,3.7542131762,1.4454132264,2.4844805599,3.0885175282,11.0753321859,4.2144896055,2.1898259180,3.4091821180,1.7077188712,4.4612935364,0.9266966211,1.2993760435,3.2483068087,3.0526384325,3.4611100126,9.5849177125,1.2596017882,1.7971095077,4.8208960260,3.0945008475,3.3836682816,10.1723800675,3.2500499790,2.6806430277,4.4269440098,3.1791451443,3.7095701201,1.0457102570,4.9019577382,1.5739933465,10.8532755710,4.2082725501,0.0314926570,2.4043789088,11.2570646803,0.2493041201,6.1538574593,2.2397171978,0.0074964455,10.5996256636,3.9215255794,8.1046536143,0.6436784286,5.1796973993,10.9718590361,3.3135361091,2.0180641154,10.9771549018,2.8742822525,2.2186993101,2.8252627792,10.2210574552,10.9733754949,0.7309697227,5.9264068805,3.9739250624,3.8663932295,10.2333533900,2.4768636482,2.1358398891,10.0611300574,4.2426982875,3.3084614402,1.2878794001,1.6014356492,4.5698559563,4.2661146205,1.1189051567,2.4242920351,1.6246975126,10.8900531490,1.7657741426,11.2267623553,2.5808441599,10.7418322306,4.0347514639,10.6336016583,3.7023037220,0.8087307582,4.0011476624,1.4844115219,1.1016099714,10.3795376086,11.0366674775,3.8277718028,7.1532958700,5.0536935355,3.3718911776,2.4334777266,5.8943117838,4.0205772116,1.3264160245,0.6813157163,2.5160670188,5.5681699033,1.4980921765,10.8931953722,3.1951488531,1.9247800620,11.0557538017,4.2678274875,2.5972888515,1.9579517500,4.6314351660,1.3538425801,4.4288503063,2.5175968631,4.2240405913,4.7590606857,4.5382733668,3.3578490150,5.9028102412,4.6869727457,4.4498343287,10.3708671213,2.9150519197,3.9324358384,1.8946650103,6.2134488656,5.5265230422,4.9640015991,1.8474516610,1.6965095769,5.4415017678,3.6797470522,5.2583125715,5.8536072787,4.6300351837,0.9317114947,2.3677879335,5.5353823489,10.6429589929,0.8681497259,8.2539683790,4.4518129873,1.3034144811,3.5355190171,3.5566511744,4.9442446302,1.8039258865,2.1800655503,1.2442101728,5.9705596307,4.6618921258,2.1894107755,2.9042969977,4.9626033912,3.9415128145,3.3705669184,2.4401764031,3.9044059057,3.4158144654,4.1123334070,0.8481704955,2.0016672112,13.0490957479,5.5698100889,5.0410514809,2.8295533472,3.7230184586,2.6167249882,2.5899126462,5.4928428754,2.2486981274,10.8698429487,1.0872314140,10.6259497658,1.1868003446,2.6073372080,3.0450214044,10.6422947261,1.8577016617,2.4642580727,3.9585393399,10.3235073835,2.0972336270,5.1544242811,4.6496653453,4.8159257953,4.4774324762,5.3128965170,1.8450863968,0.9281595002,4.6074710520,4.0514967826,4.6885849864,3.8207070325,3.2732880986,2.3358588235,2.0889314361,5.1178274535,3.5089340944,3.0439267096,4.3084769442,10.9539533092,3.0778381292,3.0946356329,2.9568418063,11.2879136234,5.0749785355,1.7998537702,4.0464188471,3.9628845737,11.5067209520,4.3422250244,4.7772022140,0.8945332710,5.1275671156,10.3446868095,2.5763910649,0.2454958132,3.0502734895,1.4036021446,4.2574552959,10.4805989314,2.1152398403,4.1575884572,2.1940797346,2.8497686145,5.6109077241,1.2894174111,4.9169570691,1.5364005731,5.1541135538,4.0120568389,2.0727450177,2.4741637382,4.4682781892,3.4012115281,3.0388663538,1.3505901737,4.7482211969,1.0444458325,13.0490957479,5.7262529575,3.7601477849,4.5523378239,5.5372362800,0.0555339586,10.2193423738,10.9574079202,2.0142113662,4.8265913542,2.3207873597,1.2086698086,4.6731856400,0.9520286735,0.6323435423,3.6240100917,0.3632051105,10.6878970297,6.3822011360,10.1039685103,0.0370209426,2.4652077000
SOX9,3.5082948693,2.5006352756,9.8608267717,6.9814795212,9.1831227885,9.6834726694,4.0382817682,9.6249526402,3.7521683035,6.0277537112,5.8689745369,5.5932700038,6.1399799546,9.5684346687,4.8786875072,1.2345825044,3.8075509831,4.6451279668,5.5607904270,3.5764522669,9.7849038313,8.6047139585,5.7073171109,4.9087990724,4.9053798380,4.3416606109,2.2860175949,9.4613338565,2.7828664473,3.5291082982,9.3712662307,2.7433180200,5.0019067271,7.1767251134,9.6511652142,4.2368446266,1.4269552246,9.5714359799,10.1006175309,6.1144255332,6.0161021336,10.3503607793,3.5280042972,3.1142836402,1.1382426825,2.4422406936,1.3758226790,0.2964328413,9.5537953796,4.4772968398,3.4684443366,1.5968099187,3.6014337890,0.9328123172,4.7795499372,9.4385268144,1.1916018528,9.4660288715,4.2952294765,4.5457242066,5.2053921487,2.7474323553,4.7829544205,2.2760707580,4.5576760617,3.2659448749,0.8221965318,1.6774148671,10.1052300429,2.5053081731,9.4542022271,9.9425654055,9.9571297785,2.2752431510,3.7305020933,4.6950348707,6.4219934744,1.0559600448,3.3664341516,1.0331135530,5.1287201939,0.0793342485,9.8399343758,3.2593423930,2.9094182099,1.5381429237,9.9707800115,9.3429597070,2.9593197854,10.3541585594,6.2697073108,9.7159828554,3.0769419557,4.6145473538,3.5765569424,4.3444415665,9.4153548441,2.0621317528,9.6852299961,3.3958586581,2.7667337859,2.8109872827,4.6095750202,7.8594074272,9.5991804137,4.4588722330,2.1640418550,3.6470752354,2.7754829576,2.0547583333,5.3793061881,6.2194719631,4.3546110839,9.7732120120,1.9715877870,5.9027418195,2.4521132898,4.7206834824,3.7857182521,7.7031637267,9.8027821632,1.9731023049,5.3844995159,0.3042416910,1.1842521489,9.8658102725,9.4025943779,4.3432765646,9.5770932849,2.4147259817,3.6370616060,9.5767206931,1.4523585103,1.0236156228,0.3131412252,0.0996233637,5.0581399427,3.3150411014,9.7499776020,1.7805113716,2.5549583368,3.1403104502,5.3798140430,9.5575543538,0.0372582942,3.2410952397,9.5916792872,2.1586799704,7.7617004420,10.0021595804,1.5224369137,9.8658188930,5.0469345219,9.8795205260,9.2540734605,3.9359870209,6.4254554244,1.6691318351,1.4588756989,3.7927026064,9.4982597600,6.1413351091,10.5620401171,0.4220928389,8.5360082815,3.2533579181,3.5221795004,3.5195188277,0.8068491581,5.6054872597,9.9268184077,2.1969446239,10.1231075172,10.1746145056,10.0143447683,9.7002942843,0.8843578866,4.1998695635,1.1180529751,2.3910145314,3.3686637338,1.7370650316,6.8478444110,1.5996084677,9.9003124909,9.7538040529,1.0349156931,5.1348881528,0.4392704381,0.2404799088,3.9466705513,4.0416209287,4.4765217533,2.5342507465,9.2897799074,0.1347679739,4.6241196605,0.8312866086,3.0268252452,2.8854304148,3.4472276975,6.4219934744,4.3910183586,9.5925923995,4.1360987257,4.5340461441,4.4039127641,4.7168502420,4.2575431341,4.4701549960,9.7736164337,9.8733884416,9.4514341408,9.7520765676,4.0359198695,9.7304149565,5.3396478569,9.7854370854,9.3407386706,4.2593758811,0.7684004738,3.6888632045,3.3788111468,3.0166169394,6.3549044970,2.4770884699,4.2044457861,4.4000379325,4.1684645079,3.7787970684,2.2687848353,2.1066427522,2.3502388326,4.1837426276,2.1852444774,4.4141550148,1.4295582204,7.4929652034,9.3343056935,9.8681388064,1.3135557139,6.4219934744,1.1790562708,9.4824909404,3.4524434042,2.7417203472,3.8032954245,3.1683008163,4.2615177943,5.7146824538,9.8016874977,2.9140625103,0.5983617225,1.8578613568,4.9687602562,4.1986961025,5.5970077760,6.8656177515,3.5982357138,9.7724740391,10.0157514664,9.1869270914,3.5448607642,4.0257476103,9.2473445670,0.5320626054,6.4868767091,4.0318690189,1.1475932497,7.6246678655,3.2013298742,9.6649567118,1.2159024502,9.9672259199,9.6161167405,0.3544786572,9.9825997826,3.0795645923,3.7530227916,9.8018865607,2.9677246622,3.4366223688,9.4719647839,5.9737393845,1.8264041240,10.0428008569,9.9868852757,0.7255288993,5.6899706984,3.4906154724,6.6346940521,2.6331772611,5.7722164527,9.7537890407,4.8796339745,4.4190327439,2.6364595784,4.4267899081,5.3121874041,2.7543733689,9.5225640643,9.7340310046,8.6120203552,3.8786173481,4.0811974335,4.1712446295,9.8418920094,9.8666702689,3.1828358245,9.8740411405,4.1130432205,2.8619856533,1.2469937417,0.2199774158,4.7304124978,10.1266517136,1.1773655293,5.8130988834,3.8904937655,3.7505804050,10.0747360945,9.5239020577,0.6832436767,10.1477067574,2.1034922052,5.2239148142,4.8175212598,5.4635533684,9.4763088072,5.5910412249,0.7136061853,6.6249756012,7.4887777734,9.5973000577,5.4417483286,10.2824463955,2.7876503608,6.1671686287,2.9939354427,3.6910608148,4.9507142268,10.1283662879,2.2882895508,4.4299294070,3.7645123986,3.2641068022,10.0221736701,0.2010973416,2.5952034933,2.4694027031,3.7366135736,10.1145989090,3.9026157853,2.0280122127,4.5228698030,0.2280209501,10.0999259351,10.1854248635,6.4219934744,0.7107576527,5.9345690627,2.0098885352,9.4685683235,2.8159071725,9.7690105270,6.8212486687,4.2076419051,4.6534631922,9.7425947002,9.5681093029,9.8637049225,3.0600910212,2.4309046211,4.8474923429,4.3828850289,3.2581173958,1.7874196766,3.0256361802,5.0853408566,3.0558933147,4.1908489391,9.6934407166,3.5063858512,5.3651180022,5.5955314430,7.8102544258,2.2877021015,2.3326745280,1.2569947592,5.7592701083,9.8945243626,4.4478003319,0.1908893861,5.0153414057,0.1322326144,1.7350866295,0.3542585537,9.6600623492,3.2830140358,10.1263102477,3.7660342729,2.0640476958,9.6587049975,1.5934921842,3.8149430234,1.7950311689,2.4763096967,4.9875997875,5.2655550110,5.0716809380,3.0495548289,0.7857255689,2.4006286671,2.8022839640,7.0390808696,3.4427643601,5.8954112897,2.9247463397,2.3507698829,1.5835350531,4.8049677695,2.4037964411,1.3577468525,8.4607834737,3.3967798919,4.0961680814,3.9309397518,1.0898289168,3.8186560218,8.2894701217,2.6210449536,6.4502075286,3.1085779347,9.7377207207,3.5854906475,9.5288718271,6.9549074293,1.6126319887,4.5224567971,4.2935042090,1.4043726262,4.3625342056,5.5122054967,3.5702766627,3.3439730122,9.9912036502,5.4187032254,2.5547248410,1.9301227687,2.0932874072,2.7945279304,9.7615379497,7.4007112513,1.9426074249,1.0994002312,10.0412979499,9.5995977553,1.6020515530,9.8932877779,5.2818038970,2.2666283934,9.6185086660,9.5670138285,9.3773638184,2.0759900912,6.0800297528,4.4307806924,1.0244041253,3.6479081890,3.4721610965,5.2809027563,5.8175337808,9.6645085026,0.8216580028,10.0640734486,4.6054120940,4.9030053402,9.8537197393,1.8442546707,2.9002920832,1.2814156460,2.3163666685,0.2083601778,6.5033788673,4.7857640380,3.4859017422,3.2842603195,9.7190000982,9.9238593576,4.4941125639,5.8127847828,2.2016810509,10.0283285198,9.4976541034,3.9830988448,5.0399440960,6.4219934744,3.8140621937,0.5373542396,5.1657265298,1.5730525115,5.2251007612,1.4439092463,3.4081771234,6.2249980713,2.1976772561,0.7914106519,0.5071452261,3.1441164101,5.6590334642,4.0557719228,2.4155296602,3.4248787840,5.7513716002,2.1877155841,5.6934728245,5.3680978401,4.7845287040,4.4851394010,6.1170790985,9.4266603541,4.4565556441,9.7908894953,4.2858650305,5.5477686007,3.1697135195,2.7263374172,4.8518169517,1.6071484309,4.7557053899,3.3591359848,4.9576694015,9.7671890014,10.1614612379,9.8650006956,4.0434638033,9.2677599277,0.5207963679,3.4122710825,2.5426588154,9.0662719593,0.4132143296,4.9523886044,3.8446441164,3.7048891924,9.8571240430,7.1481571382,2.1054196660,3.1963811070,1.7722713256,3.7390643166,6.4219934744,9.4904451449,3.7623204729,6.4219934744,0.8817849032,1.4256206526,9.8018571727,4.6181768295,0.1767550201,0.9391114659,4.4808839072,3.0646788751,1.9244162629,9.6970213149,1.5002283407,5.6120882603,5.9739594281,9.5171091766,5.6337287222,2.7561109154,3.1210236473,6.2991406152,3.6761510450,4.3596905069,10.0384135695,9.6097571677,1.3252430725,4.7346242735,4.6705861323,3.8134543192,1.2448802946,9.5121629870,3.9770487102,4.0711684771,6.4219934744,9.5998112535,10.1703134458,9.6318349434,1.5367261623,9.5516222830,9.9834148728,9.9015391472,9.3896601559,8.4920354264,3.0152121477,2.8203632277,4.4427112770,9.7944679378,3.3738224092,5.8436135523,2.6293519063,1.0137772882,0.7725370399,5.1652865891,2.7615747059,4.6748012064,9.8851122506,10.1698445187,6.3686298552,9.6724288030,8.5522658373,3.0220445005,0.2019891070,3.2431699419,1.5525332371,9.9105668065,9.4103442737,3.5600681169,6.5597812025,2.7062019574,5.5542942406,6.7293039730,9.8369264475,2.6413193150,7.3024790241,0.1805687468,5.8728401373,2.6494554762,3.9397970844,3.8817197945,2.1597076157,8.6329335077,3.2073753550,2.0319283365,10.2999571917,2.7024302354,0.6775739441,2.9138880864,0.7047011848,3.2678564560,4.2504539132,3.7086866395,8.6659956842,4.4101216943,5.0580572480,4.6521848530,4.9262803198,1.9654399530,2.9649983116,4.7484745520,3.3995569351,5.4472067894,9.7029705097,5.1015127428,0.8345768909,9.9634400721,3.3918241858,3.0589729001,9.8308476266,5.1852128137,9.9299426984,0.4659485779,4.0639953986,10.0672440619,1.2210484666,1.3148320757,9.7434746199,9.7231187110,2.2509020841,9.7334112015,2.8576575547,9.7910420521,0.5048142973,8.8972056054,9.6187254056,3.8886847272,2.9600610314,0.3523634635,1.0483467697,0.8056665791,3.8276957941,3.7418038722,10.1551037879,1.4517729018,3.1672974394,4.8920878821,2.5274030941,2.7695710247,1.4948183600,3.5631663523,9.9762633188,10.0475299015,6.6060873046,2.6820503127,1.7850695281,3.0752056152,4.6156491567,6.1111532665,6.2881108985,3.5842060560,7.7735029783,4.4493863849,1.7667155084,5.3137533327,9.6194295239,1.6863042830,4.1314667074,4.0189215300,1.7462738864,2.4794213827,1.9760326534,5.6812769033,0.9577528654,4.2211956509,10.0451152209,9.9692734601,10.0447846969,9.3116093323,1.7417511089,0.0259005541,4.3216349674,9.8955458343,9.7318643351,9.7887464762,4.3746661305,5.6742719468,4.3348027243,3.0389663245,4.4027632521,9.9396959823,1.7302849027,3.5363049634,9.4377256340,5.2613984192,9.8227643472,6.6221189645,9.3694855998,9.9561904343,9.8465525286,9.6784709222,4.1183064099,5.2418553872,4.3596804459,5.4071499346,3.1684394616,3.5013642911,5.2662320673,2.3028181010,9.6215634531,9.5322416527,4.8936102538,9.3883406251,9.6973855355,2.8738665693,2.5767530856,9.6781815360,4.2073918831,6.4219934744,0.8578137650,1.8958830310,0.1971963381,2.0815339864,4.3832521566,2.7770855312,4.6480509572,3.1175878634,2.2546929082,3.9355485774,3.6374713805,9.8804074578,1.8247888758,9.9957646960,1.3131032247,9.8634986717,3.0176391548,2.8455036375,9.5231826269,9.6525997156,8.7601725534,9.7726286433,5.7102707557,2.7607071491,1.3462337719,3.3810069859,9.6353458029,10.0706710615,9.7823153364,0.3674191030,4.1132339620,9.7935222997,5.0807244097,0.9499021660,6.4219934744,5.1861464980,6.0020195643,9.6314651066,9.2699995351,9.9140622836,9.8872373531,0.7439198477,9.7460110868,6.2573166859,9.8311986473,4.4467670830,4.2798779206,5.1151175591,9.3249597976,3.3445918196,9.9574473710,3.6877747662,3.0896929371,4.8955298747,4.4614729532,4.8522093021,3.2042707898,4.4927618954,2.6479771760,4.6169484082,2.8654177513,9.6772381549,5.8543811948,0.6409603537,1.9632567283,0.9027323955,5.6337746353,3.1330030795,6.2156962562,6.0265942629,1.8288745772,3.9884351750,9.4740959658,0.1377333797,9.2186450761,9.9291241712,4.0433846557,4.0857968379,1.8848306710,6.6893158423,0.1798277455,2.7799234920,2.9163712325,0.0564055201,5.5208668789,8.7978266883,8.5663076520,3.9775161950,9.4073472028,6.1460280696,8.4640279638,2.5711888150,2.4455113895,9.1497421390,2.8027741518,4.7533912558,1.5001364725,2.9463919456,2.8321818499,4.6277197465,2.3701513161,5.3412524732,4.4579195339,3.6298680877,1.1857041436,4.1529547496,9.8552349181,2.9490252321,3.0924314642,3.6760665366,9.9127956464,4.6285958832,9.3432135555,9.4596934951,6.5204937444,5.0081074822,9.4893993678,2.0379235659,4.4945665393,0.0639701348,3.4341840884,2.5961645168,3.8081387505,9.9336415946,3.5330544860,0.4149719019,5.7022251510,1.5631652796,3.2572097867,0.9343612781,0.4657475927,9.4787406476,1.6532866083,9.7378650871,5.6039803498,2.1697530488,2.7367400429,3.5307746196,1.4442590500,5.4927387326,4.5598363827,8.6175492714,3.6676605365,6.4219934744,10.0153704879,3.7561854096,1.3812960120,3.2929602778,5.8617081158,2.8318655669,3.1859336966,0.8758290786,3.4498030431,7.5305555586,9.6625073552,1.8545668446,9.4449056320,3.6936974679,2.4430053198,9.8733242118,9.2346831153,5.9139781106,10.0200885239,6.5615039152,4.4641509217,9.6587629529,4.8667574695,1.4708492544,10.0630332163,4.2448810607,6.4219934744,10.0981816170,4.2811205945,1.4747421070,6.0776781090,9.9943931094,4.9285971472,6.5809062050,9.7865766380,5.1135817994,6.3389088817,2.3698449058,4.0131239671,9.6230106697,4.6817808434,3.7085418504,1.6092868750,6.7715462130,3.3896831145,6.4219934744,5.0632723707,3.3560176888,6.9311497244,5.1280195681,2.5683356054,3.6385747102,9.2466508191,7.7498260802,6.4283330811,6.5678263381,4.0119537954,9.6107299341,3.3269457930,0.6778463955,2.6702541709,6.7891395411,9.8017255795,6.1477990678,5.0210890315,1.2544484412,3.5591718051,4.5824922401,5.5130706875,1.7256905785,5.8265351911,4.4175690963,3.6582599686,4.4541808060,3.7605606585,5.7863793452,4.4713056213,0.0977242005,9.8990198459,2.7956454616,10.2082756650,4.3395578991,9.6522943776,1.0493721559,3.0374996291,3.4214486438,4.2635195760,2.4680670767,3.3981680049,3.1190075374,3.8107303558,2.3931907692,1.4686390055,6.0755110903,5.4044623433,9.8958529508,3.4670370227,2.9359980209,3.2364887376,2.8525950931,2.7745343373,9.7118171034,4.2368814998,4.6346306092,3.2824605179,9.9586904360,0.6825484084,2.7270732930,3.5462432269,2.0524518713,4.7475840351,3.5582532963,2.3483706201,9.2522045214,9.5634234279,9.7887517208,6.1003925245,7.2057541976,9.4025300100,9.9596110071,1.8260322642,4.1881672004,3.8763149952,5.0541432315,5.8417237108,5.3336587315,5.0909439644,9.6094058896,1.6765018744,9.7130206900,2.9472088019,4.8178979046,0.9696971877,9.7931211264,2.5267242700,4.1437546454,1.7045585965,3.5997218454,5.0271975446,9.9109961039,3.6445823295,5.3043237416,9.8463654174,1.5246773929,3.2316160929,2.1636768980,0.9939643844,9.4046253658,9.8029201207,1.0842179997,2.4002729466,9.6422706814,5.1144321389,2.2266806386,5.0719165724,5.3955085310,1.3566260145,10.0462890432,9.7184030112,9.7430372916,9.6683157986,2.3386460492,0.3230340432,2.6191084118,9.4991903963,5.1177348086,4.2901498391,2.5966404922,4.4185667927,9.7695163822,2.7329108739,1.7921392744,2.5924330111,3.9856963574,10.1599555352,1.2082054042,3.3272712675,9.7997606749,4.3087815824,1.2329881519,3.6266608112,4.5795329091,1.9253694772,3.5629730107,10.0107599464,7.3014911641,9.5583872546,4.7654509413,9.5188038710,5.6098346761,0.0267591675,1.0896543912,2.7761152377,9.9265719926,0.4448054366,4.3917854899,1.7109835150,9.7321543167,9.4277225341,1.2383442218,10.1366607539,6.3164278501,1.1663656804,9.6801423394,4.6189202440,5.5532715401,9.6127859433,0.1399411904,4.9141678842,6.7588498556,4.5309714348,1.2042300567,6.4219934744,10.0247439355,4.9288636785,4.1510132836,3.7031073519,2.4520137707,1.0269165816,10.1943448161,9.8049747212,0.7490664159,9.8280525480,9.6067969503,0.0331748174,2.0325381875,9.9825377290,9.4812637932,3.6333972407,9.7471093954,5.9558467488,0.5209730201,9.8202727883,2.1246097121,0.0135181821,2.1940925370,4.1856471813,0.3432673808,4.0326855779,4.5569217196,2.2742294674,2.2626019276,0.4542900109,2.5106224639,5.4346093504,2.1751305877,6.4020858990,1.6591806630,6.6178287881,7.1815182042,8.9785273168,9.7571428796,2.8581050819,6.5842742567,9.6101031292,3.6003286117,5.0085347048,3.0164354269,10.0252501944,9.7950077569,5.8267527110,10.0451585552,1.5813967719,9.2005550800,4.3340867352,1.2968514754,6.8127209084,1.0052961281,9.8996578229,3.9228985348,5.0359514137,9.7580483514,5.4593270414,4.3118587699,9.5487283901,1.1857603562,6.1794523179,6.4219934744,2.2013754539,9.9777976376,4.1243180703,3.1582974323,9.6459859798,3.7504281705,3.8722977383,4.2791927917,0.2183589689,9.8088323059,2.8212471054,9.9274167051,5.3167718524,4.9980224242,9.4881285579,2.2529996371,9.7733492582,4.2734219091,3.2802530196,9.4223589216,4.2539892013,3.0646693766,9.8230167746,4.7115956541,3.4649528850,3.6104466258,6.1378743898,4.8003594689,2.4529840547,0.7586607995,6.4654574616,4.2505694160,3.1829863963,5.3481833634,2.9924049900,3.9911761340,6.2501083630,3.6619466655,2.2504101996,2.2083302603,9.7798101787,2.1532500959,3.5231519272,6.4293084479,0.2340023384,3.0731022585,1.2191453140,6.6441155363,2.1190792694,9.6066536994,2.7214450857,2.1393929968,8.6080122090,5.1050339352,2.5425153328,3.0914899501,5.3885947535,1.7900668410,4.6397124276,1.2188231681,9.7092439326,2.3222341558,9.9832007670,3.6803533684,2.3435919691,4.9985220436,1.3113489993,9.4632399334,10.3567153186,3.8167145464,5.8125264408,4.1403551053,2.0648144229,9.6253990020,3.8543239417,3.9339446052,5.5319066767,4.2868970188,9.6331560525,9.8291385743,3.7764408110,4.6521551050,1.7806514675,2.4695478293,4.1141290005,2.8524266839,4.0873910576,4.0014007849,2.7249487024,3.6156116951,1.5780248840,9.9315600455,1.9295166689,3.1930707737,4.6679033066,9.7111181770,9.9004486270,1.2135184227,2.1369686468,1.9890894848,3.3002793471,3.4078043581,6.4219934744,6.6660849800,0.5363043111,2.3226101958,0.3010463449,2.9243582517,3.1906886899,3.0320464439,5.0164227679,2.9254539917,4.5725167848,3.1507873872,4.6746078412,9.5325908243,2.6047285574,4.9275578090,6.5474351619,9.7704134893,3.5591821121,6.4219934744,2.9482424638,9.8211678753,1.7332004648,5.3969674925,6.3343044946,2.2181240165,9.9533118263,4.2423366599,4.4126259347,9.8452798577,9.6326010997,9.5753236646,9.6169867014,4.6825245955,4.0236466914,5.2610642247,0.6153427302,1.5457710585,9.9121726954,3.1427535267,9.4835674727,9.4643024813,2.5818433086,2.3618803926,2.4418557494,4.2705843424,9.6014142719,4.8199234963,6.5397309278,1.0292879560,2.9138189648,6.4219934744,6.0373022826,9.7892379912,4.2760886733,5.4389440857,0.9636336595,3.7155413754,3.9953866721,4.7927492135,3.6871999702,4.5325667234,9.9447450478,4.1436829726,3.1160069971,2.1719845963,4.2908750165,2.5277660671,0.8770145361,4.3113554172,5.2950988660,2.7152877885,9.8796620805,9.9411286565,9.8617036476,4.9614216461,10.2997044889,0.1883612686,2.8734061850,3.5857438301,1.2471709977,5.7894106787,10.0653212094,1.8265198446,1.8249483182,9.4193862994,3.2288373775,6.7820666453,10.0281078780,9.7900050341,2.9812824986,2.3726080270,1.6195435277,3.8594943416,3.2627633162,5.6580771129,3.3551573650,2.8763499837,3.4300641203,10.1133620484,4.5756361882,0.2966495341,5.3056086788,5.3692004197,9.3500050581,1.4544955524,7.1894862793,0.4115465807,1.8975580602,0.4858130595,2.0100332572,5.0266321142,9.6918339109,1.5735979319,1.1088503780,9.7141990745,6.7735372074,9.8932199454,9.1452614210,5.9247116796,4.5166741512,3.9139018866,1.5661633904,2.4813926412,5.4833685944,3.5020678562,0.6447404250,9.2626634437,9.8958486651,9.6489185678,9.5216906467,2.9428675910,2.9047076232,6.8332294767,3.0622861303,9.6192258681,3.3669298897,7.2151515512,4.0369959898,9.3591324708,10.1371827853,9.4371368622,6.2805822331,3.3683488022,2.4657075717,1.5652992761,0.4104639982,4.4800763895,9.5713062316,3.9398739642,3.0384387739,9.9696663504,9.8347986407,3.2639087826,5.4150985521,9.7832457278,3.3215285070,5.8643356242,5.4267358972,3.3800007416,9.6433729502,2.5976903439,8.9331697836,1.1335099257,8.9677907043,5.7589479502,6.9961486211,2.5686846679,9.1103181013,2.9024346439,9.8180909235,0.6895760716,1.3613694688,3.2263103616,5.2344378612,10.1836517581,4.9598260344,4.4246396927,9.8328692472,4.3070586056,3.2302758399,9.5912237013,3.2913202927,3.9309296329,9.7129152550,6.2437832207,3.8388705005,2.8826272787,2.2012776827,0.9478342552,3.3738467776,8.2559153146,6.5026538955,3.4890481275,5.5414069835,3.6575474263,9.7733784512,4.0523284398,5.6266227512,9.9286492097,4.6407726618,9.7059970532,3.7909489302,1.2259897564,4.0131124713,7.4699076595,3.5138992365,1.8816613940,9.8082261991,5.4103226837,2.4194388573,8.9762303832,1.7480683076,3.3828579928,1.8786413837,10.0530178823,2.5762145152,6.4219934744,4.7861179387,4.0509515372,2.4680377879,2.4307095827,9.4095078384,2.7531401526,2.6471075401,10.2162530853,4.1685903942,0.6545738184,0.2729305719,4.3150558697,4.3979189859,3.4458300984,0.5690122774,3.1817595957,0.0863836116,0.2806739293,1.1843814118,10.0683060594,0.0888321303,10.2031036323,4.2889136249,0.8990725883,3.6850492540,4.2119962909,2.3637787075,4.3513564839,3.7563084023,3.7926053921,0.7281780234,4.6389191401,1.8839649153,10.1020828962,9.4504339993,2.1589178050,9.8453952603,6.3873295285,3.5608795835,9.3849636692,4.0650875041,1.0522259693,4.5073568550,7.4218259767,9.3456063870,2.8174092524,4.6420560989,4.8155389840,5.4102763436,5.1506069332,3.7784158133,5.0403732892,6.7662316285,9.5442759751,1.4987187303,0.9723362985,4.2927753146,4.2744232149,2.0527129496,10.1135335385,3.2903787159,9.1709595427,9.6782926928,1.2667300471,3.7894721354,2.3548007214,9.7820662019,2.1357205445,1.3460069551,9.3799090108,9.7771233710,2.6718301618,9.4333788858,4.6093118309,2.7445746390,0.6131372955,9.5242015291,6.4219934744,10.3074638171,3.1105035507,5.5654797000,9.2269386119,9.5248880980,0.8979383990,3.4879974175,9.7526683441,5.1477065907,9.7643589251,2.2001873461,3.4727966037,9.7987919318,1.6655938753,3.4872191018,7.1476699679,4.2885741775,2.3517025202,5.7893323373,0.2626815355,4.0727176303
GATA4,10.4879078268,10.6471263452,9.7457057143,10.2958755741,9.6286617765,10.1967480637,10.5145133006,9.4775618750,10.3045474405,10.6273385995,10.1715309799,10.4900258000,11.0138566131,10.1097951397,10.2664206275,10.5613308588,10.8022718954,10.0505209413,10.7181620515,10.4545459979,9.7711113767,9.9760368592,10.4358532591,10.5153992631,10.5525664900,10.3703947417,10.6060247418,9.5657928963,10.3976852483,10.8062696443,9.8862868611,10.7757174602,10.5124892781,10.9219336091,9.6647243450,10.7289219542,10.6507159238,9.8638542016,9.5552280167,9.9330541036,10.4947763621,10.0924267278,10.4289526981,10.4099122603,10.3523172090,10.4538213240,10.4105892178,10.3393797164,9.8248047995,10.0955032240,9.8258053808,10.4666700788,10.7778534387,10.5512345161,10.6696992874,9.4338277849,10.9570641659,9.3162466836,10.3618186908,10.0203651396,10.3341310293,10.4461551548,10.4197355244,10.4399877321,10.3102355691,10.3979661907,10.1760038841,10.0121776153,9.7902108321,10.5750203867,9.5830119503,9.0542287061,9.7236631238,10.4715315082,10.7752895031,10.2567629279,6.4219934744,11.0012893496,10.3123089841,10.4362538756,10.4523995639,10.5952253693,9.4347349991,10.2272717233,10.6381459926,10.5593381416,9.7582114799,10.0326113665,10.4711863529,10.1873174993,10.5238623304,9.6674634676,10.1090123313,10.2341207409,9.9011629559,10.4414585778,9.9374761504,10.1422845610,9.6104783793,10.3280323493,9.9511538473,10.6601054394,10.5623609979,10.2803659661,9.6017585536,10.5887646485,11.0354558310,9.8667891943,9.9388276657,10.1606249446,10.3246221865,10.4545331297,10.9190145652,9.7088542165,9.9536117890,10.0467143005,10.4375360251,10.4882252687,10.4255951260,10.5582889427,10.0138865821,10.2285868158,11.3697481465,10.6754258156,10.1628388017,9.9264656340,10.2923927851,10.9129965540,9.4431409957,10.3280523523,10.3958696421,9.8981393675,10.4406209597,10.5337466308,10.5390825100,10.3285340347,10.3073062012,10.6282473635,9.5384881892,9.9956486808,10.6530421693,10.3620254273,10.5583209901,9.4572173522,10.9571158665,10.8692762889,9.9108543879,10.3365862737,9.9464112173,9.8201332757,11.0263142910,9.7020058119,10.7456364012,9.3997174867,10.0481799741,10.8199197930,9.9079339438,10.3289983940,10.5026647599,10.4556796136,9.8884413677,10.0686084487,10.2426549799,10.6065588238,10.0005852999,10.6584549769,10.3557640396,10.2250296906,10.2415320075,10.4694617712,9.5886629506,10.3491289716,10.2767086106,10.0015066399,9.9629196924,9.4000304332,10.8281845675,10.5174727821,10.1985030100,10.4377588916,10.6207859245,10.2172918481,10.2501337483,10.2755826785,9.8257250962,9.5360563086,10.5326236500,10.5877532924,10.4378170662,10.5443599431,10.3621183587,10.6063009691,10.5846785533,10.4284788336,9.4068393518,10.7171299061,9.8918051436,11.0042489143,9.6980711609,10.1204339337,10.5775657440,6.4219934744,10.6250141676,9.9404665567,10.9375291505,10.6412253183,10.5235906082,10.4261639185,10.7132150130,10.0475791697,9.7411252672,10.0811122583,9.9591822846,9.7136022297,10.3882216108,9.3633160497,10.3613586503,10.0730290609,9.3682076176,10.8551343751,10.1855231321,10.4153396994,10.2353593618,10.6696921607,10.6249838150,10.3799652055,10.8326775993,10.1362790310,10.5076769966,10.2274250184,10.5722007410,10.1839458666,10.1790345538,10.3625561715,10.1805217825,10.5135949514,10.2155927095,10.4263109964,9.9166165200,9.8837120631,10.6761573965,6.4219934744,10.2726411461,9.7562565977,10.4479387341,10.9607139256,10.2149027319,10.4462800959,10.7267062381,10.9089262803,9.8006356963,10.4606918102,10.1887992485,10.9493612310,10.1807586537,10.1071938295,10.5258811294,10.5494947758,10.5076135979,9.9172595865,9.8432818197,9.8514354041,10.3607639425,10.7606011823,10.0380331411,10.2516968477,10.5297870064,10.2888846551,10.1254709529,10.1135983426,10.4378859613,9.4484202545,10.1395056195,9.4958400772,10.1428235310,10.8013890274,9.7649916433,10.0835344072,10.0767857474,9.9000781035,10.2909516798,10.9871641833,9.5538364182,10.5854670623,10.7781910786,9.8147034401,9.9382223482,11.0533251636,10.5733435819,10.4976811462,10.3268094086,10.4204435502,10.8249616796,9.5463936276,10.7733435624,10.5591404222,10.6229821905,10.4588959168,10.6550775357,10.0264151991,9.8953559886,10.0627153226,9.9298897804,10.3604806629,10.3345048805,10.1627037778,9.3134942642,9.8164220336,11.0811913468,10.3657430570,9.9804903697,10.2596003752,10.2270138319,10.8294424094,10.4723247111,10.0459440861,10.1963997854,10.7220791906,10.6881823428,10.4567150866,9.3435246695,10.2845227073,10.7875614218,9.4285150046,10.1542830315,10.2320128946,10.2243210978,10.7656272433,10.1967424775,10.5030254389,10.3071113779,10.9683052925,10.4395334430,9.6761640546,10.9545436474,10.0240653820,10.5704348662,10.2730166183,10.7540842474,10.2524523354,10.9799036934,10.1440209288,10.2690588308,10.1320375518,10.5124834122,10.3005336272,9.6661992301,10.6929902389,10.3464104260,10.3453244187,10.5033845050,9.5939799152,10.4497021986,10.7108879521,10.7306642594,10.4592875412,9.3463628388,9.5567776532,6.4219934744,10.4604987323,10.1328983297,10.5366344621,9.7311602068,10.4006804885,9.5556535480,10.3704416610,10.9212322330,10.0493146550,10.1498027592,9.7119597497,9.5614972007,10.1630748608,10.5978297685,10.2732868604,10.5370191402,10.8333805417,10.5888220698,10.6620279395,10.0753715528,10.4840904290,10.5309019941,9.7973875831,10.1388088644,10.0766116755,10.5972675546,10.6436752894,10.4409777125,10.5580304984,10.7693796745,10.2554043940,9.9357387120,10.3313523740,10.9522148474,10.5548939405,10.4682902149,10.4832897996,10.5688993715,9.6595883172,10.3924233840,9.7357859989,10.0508524059,10.3085998749,9.9176923286,9.9154273643,10.4650109439,10.2809778104,10.4120908837,10.7991271363,10.5514226929,10.3526046289,10.5897588344,10.2918683333,10.8334083530,9.9754405605,10.2645164669,10.2597781500,10.0183626561,10.6129407147,10.3043063945,11.0899506761,10.4100138346,10.2886646347,10.3987738186,10.1117861506,10.4465061409,10.7067397137,10.2647628353,10.1881328156,10.4668005047,10.1516865867,10.7408623447,10.4148161590,10.7622172371,9.4551419049,10.2723200656,9.3570906349,10.0252869935,10.3811083727,10.4323084654,10.3417912307,10.5428101476,10.8501499742,10.7429987782,10.7729777223,10.7562005873,10.0410618073,10.4469002923,10.0919197780,10.0887796635,10.5573942619,10.5881309361,8.9684633856,10.4093425773,10.4514566774,10.6239779776,9.9258410820,9.8578358713,11.1973512264,9.6643208317,10.3712354259,10.8456861961,10.3415273243,9.3276904123,9.5030519159,10.3199517452,10.5075206689,10.5632656031,10.2198234145,10.3687223264,10.5376720830,10.2158039926,10.3047198878,9.6973431874,10.3663931354,9.3405916497,10.4217727041,10.3328152494,9.4523168457,10.5370106425,10.3399137758,10.2044816383,10.6713447549,10.0548199264,10.7854343053,10.5315903138,10.5359136943,10.4081852490,9.6759548579,9.6002523251,10.2552194478,10.7917840413,10.5245409485,9.5072381141,10.1457492915,10.4909578470,10.5427089777,6.4219934744,11.7779203898,10.7122494317,10.0777060609,10.6187139144,10.3644715191,10.4736875992,10.3197641704,10.2385184646,10.5641347864,10.5147369219,10.4316525996,10.0069613770,10.3982173156,10.6716570677,10.5545282360,10.5101146236,11.2410539975,10.2941751500,10.2732004224,10.3434084996,10.2350766358,10.5761518812,9.8984353000,9.9112700546,9.8793515120,10.0061229700,9.8247298427,10.1943748459,10.7953577740,10.1507809357,10.4584659565,10.5681672693,10.3829489059,9.8041392740,11.1018365666,10.1050148030,9.8275785257,9.6638424237,10.5900050151,9.4385661187,10.3162002489,10.6458429993,10.1140057220,10.3584128600,10.4032480065,10.0596393650,9.9981907493,10.5426270816,9.3986103388,10.7515143513,10.3950765173,10.4573281498,10.2271746869,10.4367586845,6.4219934744,10.0186300787,10.7686965310,6.4219934744,10.5841462538,10.3983206329,9.7038030059,10.3977017586,10.4068421987,10.4195269032,9.8800501089,10.8300197898,10.0241994098,9.0424789188,10.4541549437,10.7758362537,10.5917502343,9.6004393876,10.0753596566,10.1457330928,10.4544575326,10.5127884158,10.6583708317,11.0732479103,9.5620094145,10.1346407732,10.5290761032,10.5383306767,10.4554575972,10.5295508926,10.8040128190,9.8032527547,10.9289720066,10.1161164829,6.4219934744,9.5143228848,10.1181344663,9.5306607124,10.0800445480,9.6508202717,9.9418233475,9.6370121489,9.6064430435,10.1516057105,10.2738325799,10.3776265136,10.8854113194,9.7928454506,10.4394042018,10.5589820839,10.3223428691,10.5564023749,10.1991956330,10.1986254615,10.4511951087,10.4563117204,8.9381437537,9.6565390526,10.2879256450,9.5639834082,9.9092434085,10.4202343876,10.4645145842,10.5317307585,10.6116356457,9.8802182229,9.9662830093,10.6907932673,10.5567483192,10.6705896806,9.9835336046,10.6642142026,9.8583513794,10.7287610133,10.7421633798,10.5262518379,10.2353818911,10.4993292328,10.5089968813,10.4752613043,10.1633631043,10.3110960789,10.7496830245,10.3539450178,10.1628129204,10.4038166344,10.6410002864,10.0800692560,10.3804880585,10.2384906857,10.5789290201,10.4567189880,10.0695187688,10.6260841491,10.0378507105,10.7617288112,10.5826574955,10.2387153785,10.7908397559,10.0206947267,10.6323606559,10.3045647623,9.4296342485,10.8851443141,10.3901238514,9.8613521649,10.7959680558,10.1771477730,9.5799458617,10.5258128611,9.5033457741,10.6312183945,10.0409960196,9.8958043672,10.3339928705,10.3388072674,9.8237135474,9.1983193204,10.4679928214,9.5787352541,10.2293471842,9.5746877888,10.3838306854,10.7585510057,10.2804703075,10.7988039528,10.0950407695,10.4241305729,10.7615172334,10.3638245477,10.3429815345,10.4472913499,9.8031930718,10.5529635361,10.2561794875,10.4736034958,10.4067848494,10.3131724012,10.5204720278,10.4898906392,9.3046577239,10.2407466356,10.1698640814,10.6399070186,10.1530818350,10.6015063228,10.1479364964,10.3335686517,10.5174601180,10.2351106868,10.0546631625,10.4333542385,10.2822548633,10.2030746618,9.6405759701,10.2628222576,10.8342543743,10.5295322404,10.5149609485,10.6540421961,10.1754760856,10.5605287635,10.4465553040,10.9301351527,10.1742097308,9.6428307854,9.7914910167,9.4998616650,11.2153684048,10.2454971561,10.6424165203,9.9532167306,9.7364268725,10.3204272105,10.6801581818,10.5225843222,10.1511226606,10.7941920787,10.4864186581,9.2953464921,10.4880980873,10.8767999435,9.3009633095,10.4173619125,9.8968787922,10.7434261195,9.9609693596,9.9030172714,9.9962519610,9.7368459105,11.2570294656,10.7052561598,10.4956300263,10.2784077462,10.3175012727,9.8875038272,10.5079390187,10.1758164189,9.9460269478,10.2345585504,10.3061247447,9.6397358471,9.3258286091,9.4359390550,10.2474359107,9.7214919227,10.4125027797,6.4219934744,10.6569366770,10.1797581919,10.1463821159,10.5315864160,10.2524420614,11.0164597347,10.4400449765,10.1479451427,10.2142229699,10.5279327631,10.0955849720,9.6503923752,10.7846554816,10.1300136421,10.4018707405,9.8170664111,10.2560491566,10.3610537723,9.9890997848,9.6537755919,10.0729913389,9.3419772641,10.2534488940,10.8624239309,10.4347029570,10.2897588873,9.5135460977,9.7058850808,9.2662845187,10.5336396733,10.1236123925,9.7840874754,10.9592324757,10.7746802328,6.4219934744,10.4094299594,10.4561692689,9.5338987830,9.8841189491,9.6007670314,9.4606434788,10.6323433525,9.6099831347,10.9111109248,9.8298703067,10.6937941048,10.6528065730,10.2632415252,9.9498819333,10.5837756482,9.4360316886,10.6412318462,10.8425629005,10.8170243390,10.6119648124,10.7670771448,10.7796848369,10.3018931240,10.3743727421,10.4333133310,10.6288983208,9.5830034761,10.8221734828,10.0956717683,10.4797633053,10.4712730195,10.4705835094,10.4568566305,10.4275582292,10.1575261897,10.1920228807,10.4048981615,9.7424082443,10.6918415309,9.4534582903,10.0105389986,10.4950828292,10.4887982677,10.2842044353,9.9567849339,10.2042137189,10.4711706177,10.2181153030,10.7360299596,10.3424625134,10.4344149407,9.9876086027,10.6326358103,9.5871483941,10.1278907667,9.8032798996,10.3507765533,10.2239553283,9.7761477753,10.3378155228,10.3371711732,10.6822441801,10.4359832225,10.2742605444,10.2948814940,10.8115032345,10.3378731058,10.2456268616,10.2740798643,10.4303223716,10.5682768577,9.3609114548,10.5747544442,10.5226772254,10.0755165722,9.7453018085,10.3228362440,9.7726462843,9.9862596934,10.0127866656,9.8284440808,9.9422825666,10.5097957992,10.3762175582,10.4860491875,10.9537352259,10.3504401683,10.3346262801,10.4159347994,10.4199312580,10.5952119970,10.7433946133,10.4048151766,10.4419367087,10.1557607538,10.3691220636,9.9640866475,10.6015417595,9.9484319888,10.7655887745,10.6027240636,10.7123013446,11.0024659946,10.2488034635,10.2283038455,11.0419978076,10.2612593370,10.6373139407,6.4219934744,9.9464616898,9.8832784387,10.1217567059,10.5906067250,10.6312457270,10.3958786001,10.5357588218,10.6017607034,9.9153561209,9.8686162919,9.6816140826,10.6227628914,9.7483725423,10.2932841135,10.5710008998,9.7210410999,9.3739721657,10.7215738745,9.3026760894,10.7920543620,10.2016570259,10.1872278341,10.0712099693,10.3705054744,10.2927321777,10.4544390814,6.4219934744,9.5969019569,10.2017590541,10.2260299786,10.3438514875,9.7504271890,10.4917526054,10.2231021491,9.6721619734,9.9373686707,10.7824418513,10.4442118680,10.2602532561,10.1018513062,10.2178885319,10.2554633372,10.8161645827,10.6921263370,10.5623477106,6.4219934744,10.1804566214,10.5087134525,10.3998976321,10.5933883933,10.6189664896,10.6826984633,10.0318985969,10.0092394763,10.0527395857,11.1018932152,10.5370907991,9.8934208899,10.2295079088,10.2863038945,10.3396200565,10.4752387364,9.7113767245,10.3497525329,10.2027296754,10.6843784510,9.7485982271,10.2057434006,10.6091906141,10.6989676401,10.5650438996,10.0688363135,10.0443275640,10.8968775179,10.2807792756,10.7732057531,10.0058070266,10.4418852254,10.1243209148,10.5288931336,10.3305937591,10.4466005692,9.5981584481,10.4285215198,10.4217523209,10.3560436983,10.0181235610,10.6548941521,10.2394937668,10.6930072375,10.1235932930,10.0292820490,10.0594881506,10.2819692979,10.5212168006,9.3922655998,10.4305894596,10.7602059630,10.2979970182,10.7821792102,10.6718296899,9.9564447545,10.4058885116,10.5346283611,10.5739547982,9.6807669375,10.8049835527,10.2383204922,10.9794276220,10.8680637650,10.9557471036,9.7803563556,10.3559283439,9.5776023359,9.7756011757,9.6483992148,10.6562240503,9.9297983523,9.6596590324,9.4080470380,10.2066662425,10.3359990179,10.4157006705,10.4095362560,10.3318600675,10.5989883531,10.8208437343,9.9407948905,10.4419541043,9.5432899157,10.2629155169,10.6818814416,10.4766366475,9.5956689545,12.3910602347,10.1636561865,10.6405407336,10.3048550361,9.9423784938,10.0402060764,10.1695638403,10.1792420074,9.6831633487,10.2212273996,10.6025143240,10.4213307087,10.1396791059,9.4766233410,9.8571537899,10.4008614242,10.6205095302,9.8749306656,10.4739481303,10.3550747319,10.3189948969,10.5529308141,10.7836826482,10.0632272325,9.3254062440,9.6653230674,9.9115404858,10.6050599391,10.7787733482,10.7597310822,9.7050943867,10.4106142301,10.3640525596,10.4390714844,10.4831807518,9.4509974356,10.3698212272,10.3123739412,10.5284400793,10.4231537738,10.2347620719,10.4342245033,10.6353611078,9.4119173971,10.4387429026,10.1566662172,10.7468096681,10.5320122821,10.3095222458,10.0562403807,9.4621545188,10.2510756971,9.9022421183,10.4152620167,10.1892082932,9.7547424812,10.1558391250,10.4329025743,10.5618152224,9.9743609144,10.2792313123,10.6717022121,10.6960134346,9.2442595772,9.4313796389,10.9985476707,9.9723787503,10.5949954896,10.7976992699,9.8236404882,10.6273856588,10.4065772795,9.7043828111,10.9387462393,10.4564231277,10.1689005232,10.1548647509,10.4213536833,6.4219934744,10.0756470711,10.1134365766,10.6004234374,10.1881825118,10.6272877962,10.3243650833,9.2675361602,10.2254919177,10.3043912463,9.5263505627,9.8340634019,10.8565844922,10.6488758294,9.9217932019,10.6352755360,10.9183868788,9.8293712464,10.3554434777,10.1296139453,9.7361682165,10.6298100547,10.7877597926,10.4894858023,10.3598302395,10.5924401047,11.0242890856,10.5049662829,10.3682589532,10.0802455661,10.4732368969,10.4629143723,10.2046559715,10.5298498659,10.3239402506,9.9838855789,10.0206648779,10.0725629645,9.2466269961,9.6430267798,10.4443021060,10.6487655203,9.7029848811,10.1617856960,10.2661168607,10.5515969861,9.4649053406,9.5983895602,10.2483009450,10.0117197213,10.5424623372,9.9495222265,10.3630355951,10.4660348661,10.7752386816,10.0151235688,9.4592371219,10.6811622333,10.5699669007,9.6437095619,10.3076039428,10.2467127320,9.7371351675,10.4940198331,10.3687320680,6.4219934744,10.4920061103,9.6931560831,10.1993387427,10.5301479447,9.9904756132,10.2250236329,10.5504045233,10.6409457773,10.5808272517,9.4287753115,10.8062086675,10.0252792839,10.7034037185,10.2844897762,9.6153838219,10.5871140972,9.6579937891,10.7110805997,10.3767157905,9.6957947051,10.2456940987,10.3177772165,10.4134585833,10.5191907763,10.6076320301,10.5943155005,10.7589967863,10.4401200938,9.9345010850,10.3638863292,9.7804287316,10.5708460802,10.3830306277,10.6783912245,10.6533786052,10.6116653519,10.2124629832,10.2296263927,10.3043028707,10.5745896665,10.1957622672,10.4580493352,10.2998051184,10.2037087208,10.4085648055,10.7094645801,10.1752866314,10.3871065609,10.1954414459,9.7924047129,10.4409327563,10.3000291349,10.0995843392,10.3240562907,10.5892723750,10.3998762758,10.6049247160,10.5212015875,10.6726463074,10.4633483541,9.9560788967,10.4650620504,9.1486633118,10.6579088330,10.5436455326,10.1856669070,10.0233361803,9.1063559492,10.0362893770,10.5828542291,10.8459034771,10.5076439283,10.3781180487,9.5862372640,10.5104619688,10.3955122660,10.7505729614,10.2060874746,9.8105544628,9.8208632666,10.7959178590,10.6516331567,10.8122534118,10.2433604619,10.5708037790,10.3473003914,10.6190541053,11.0290128592,10.7705112412,10.6682035652,10.6261739870,9.9463708173,9.8408576425,10.5680830432,10.8148036529,9.4508216821,9.6569202192,10.8626945794,10.3810639166,9.8501103253,10.3519581583,10.4389656516,6.4219934744,10.0105226781,10.5711140514,10.2053112737,10.3003712140,10.3428457119,10.8825572579,10.7959018098,10.3240281257,10.5925094012,10.4194011809,10.4894847681,10.5190417057,9.5248330159,10.4023070567,10.2746308872,10.1822903570,9.6080527808,10.2901106135,6.4219934744,10.4330791280,9.3736447318,10.6156350533,10.4040636675,10.1879372537,10.5283861661,9.6845360937,10.6551632678,10.2771276438,10.1298367962,9.6188532818,9.7766476010,9.9658507444,10.3805358233,10.5617008077,10.2630462204,10.1213415444,10.2204253763,9.8194869865,10.7918473066,9.1416384112,9.9825663324,10.7705668476,10.8742770496,10.5214195332,10.1606188386,9.6726023347,10.4435800544,10.0594505322,10.2655239778,10.5252282098,6.4219934744,10.4938382863,9.8939871081,10.3482223021,10.5764471059,10.4062722536,9.8589119883,10.4407886188,9.9711974732,10.5395414041,10.2755502711,9.9075320194,10.6915716192,10.7524571777,10.1855238932,10.8840411883,10.3756094235,10.4559483629,10.2174820990,10.3485022816,10.4400096115,9.7169227565,9.6982750180,9.3932816225,10.4474994321,9.4084260704,10.8039279173,10.2997475750,10.4909829401,10.4259365338,10.0860654772,9.6306693552,10.3160284889,10.3102937192,9.8430601619,10.5005126000,10.2148125036,9.7331066334,9.7969962698,10.5679084431,9.9047771564,10.5486101405,10.5734945589,10.7609582801,10.0600288374,10.2902898222,10.1427123817,10.3814485066,10.1633250600,10.4124017134,10.5923187646,10.3676527489,10.1218343641,10.0687074646,10.8831654249,10.8576985821,10.0153426431,10.1421901724,10.5017933562,10.5802978949,9.8486876518,9.8109380538,10.5530829687,10.4368791119,10.0022075871,10.1711297723,9.2204498559,9.8851787218,10.5701628674,10.7453939215,9.6219572905,10.9746715414,10.7201048383,10.3836756565,10.5180054221,10.0301164049,9.9044933778,9.6797176961,9.8151048666,9.7883012644,10.3887717033,10.2682341440,10.0712053290,9.5338744129,9.3802224222,10.2787588532,10.5403480888,10.9484748298,9.6080056522,9.5893977214,9.5577125289,10.1118093292,10.2107875915,10.4479571473,10.6137453649,10.4681643420,10.6785534790,9.6025155410,10.4276275319,10.6239139256,9.5541916247,9.7640145397,10.2947378344,10.0284449902,9.5773039918,9.9275953473,10.7341054615,10.4804843650,10.1353750408,10.0033350189,10.4764559479,10.5293772410,10.5577993606,10.6173504236,9.9757408642,10.6013671856,10.4272476972,9.5857836851,10.5006905630,9.7811660100,10.3161245825,10.8216802628,10.4065999235,10.4031042898,9.8635193282,10.7675221473,9.9851472506,9.8500207929,10.5170928746,10.7635961605,9.5693954586,10.2431418978,10.8218309898,10.2228812074,9.9506416207,10.1027021001,10.3665369795,10.4632775869,10.5401415548,10.6614551548,10.4448351412,10.1478513391,10.6877032884,10.6227812595,10.5177974889,9.5263601918,10.6269889142,10.6649925496,9.9360072513,10.5370321450,10.1489500593,10.1264096521,10.4637895783,10.3464175418,10.5538694205,10.4357199008,10.0377734526,9.4569759960,10.2340698923,10.0207991371,10.0444177288,10.3332527932,10.5262893249,10.6943026139,10.1472250909,10.2390341224,6.4219934744,10.4282730978,9.9683046107,10.1165706905,10.2376217747,9.7262184521,10.2157607904,10.5205549334,9.9084026490,10.8647170217,10.4728865375,10.7804724312,10.4408097633,10.4525516478,11.0613072855,10.5748493732,10.6952682120,10.3786814611,10.7777742747,10.7445709799,10.1519798954,10.3654113269,9.9581990974,10.5540441014,10.5916862259,10.3804693501,10.4849986972,10.1379175994,10.5089333261,10.3764176496,10.3789615905,10.4725478828,10.3118570047,10.8500314154,10.2288507864,9.5254320259,9.9685052377,9.7120420922,10.8602112042,10.7917735488,9.4902180486,10.3719454721,10.5466590246,9.6983995135,10.0906329528,10.0417199697,10.0514148252,10.1968872273,9.8532330031,10.1010359391,10.6016274805,10.1720368746,10.4602423811,10.7490377271,9.4645063227,10.4352824543,10.6587099262,10.1746411806,10.5779767743,10.3195669110,9.3669499528,10.9287200172,9.6067104570,8.8640370760,10.5369768762,10.5147053101,10.5986089900,9.5183076622,10.2528821029,10.6113680010,9.7688198914,9.9865798056,10.2208806482,9.5806802273,10.3442174763,9.9450340569,10.4222153674,9.7065791832,6.4219934744,9.8239344836,10.4086159489,10.4073327154,9.7249978950,9.6676266555,10.5284582823,10.8282524648,9.7616074359,10.7203867548,9.6562927113,10.6172525104,10.8223987306,9.2093988748,10.3861963221,10.4901541845,10.2703994297,10.5366124706,10.6279713379,10.5334344558,10.1662375473,9.4810376081
