	E37_5_927	E42_7_69	E20_7_209	E70_2_163	E107_6_328	E131_7_61	E135_3_524	E106_4_886	E37_7_85	E108_5_527	E51_5_767	E37_6_328	E10_0_881	E12_1_362	E40_5_767	E42_5_847	E36_2_563	E120_2_483	E112_1_282	E133_3_444	E112_4_486	E31_3_284	E101_4_966	E15_6_648	E80_4_646	E31_3_044	E123_4_646	E31_4_486	E86_3_925	E12_3_925	E85_1_362	E54_0_32	E107_7_209	E4_0_721	E56_0_16	E109_1_282	E36_0_16	E37_0_08	E101_6_728	E85_6_969	E88_1_922	E109_3_605	E10_5_447	E136_3_685	E120_0_881	E47_6_889	E79_4_245	E112_1_362	E86_2_723	E12_4_325	E107_6_488	E119_1_282	E126_7_85	E136_4_406	E106_7_049	E65_1_602	E128_2_243	E84_6_809	E136_2_723	E123_0_24	E101_5_447	E16_0_801	E101_5_527	E17_4_165	E65_1_522	E119_1_522	E123_5_847	E10_6_248	E125_7_289	E10_3_284	E20_5_367	E48_6_969	E2_4_486	E94_4_005	E119_0_801	E25_7_77	E121_5_527	E86_4_245	E66_7_69	E112_1_121	E125_0_0	E65_5_046	E84_3_364	E121_2_003	E133_3_284	E12_7_209	E42_2_003	E94_6_648	E86_2_403	E120_1_842	E88_1_121	E36_6_568	E101_4_165	E96_2_483	E110_0_961	E14_2_163	E15_0_16	E65_3_605	E65_2_964	E14_0_961	E55_6_568	E70_7_369	E48_4_085	E133_5_447	E126_4_085	E4_4_806	E54_6_008	E121_3_685	E31_5_687	E133_1_602	E96_4_806	E10_6_168	E78_2_083	E1_5_046	E55_0_721	E109_2_003	E31_3_204	E85_4_486	E17_7_209	E79_2_964	E66_4_726	E24_7_049	E51_5_927	E94_6_088	E42_1_041	E63_5_367	E119_2_884	E37_7_049	E4_7_449	E120_3_845	E121_0_801	E15_2_563	E109_7_449	E78_6_168	E31_3_444	E51_0_961	E84_6_008	E42_6_328	E54_2_884	E42_4_566	E78_7_369	E41_6_168	E48_5_847	E15_4_966	E16_1_442	E119_6_488	E79_0_08	E98_6_088	E133_2_243	E123_0_641	E125_2_403	E85_7_85	E49_0_481	E31_4_165	E17_5_447	E25_6_168	E14_3_044	E63_1_202	E119_6_969	E107_3_765	E142_7_129	E14_3_284	E4_3_364	E78_6_488	E4_0_801	E109_2_163	E36_7_129	E110_5_287	E112_6_969	E16_5_607	E142_5_607	E4_3_605	E88_5_046	E107_7_289	E110_6_008	E85_3_124	E42_1_842	E54_2_243	E70_0_08	E98_6_408	E85_3_925	E101_6_328	E42_7_85	E56_3_044	E36_3_765	E96_3_925	E84_5_767	E16_7_129	E80_0_721	E78_7_449	E123_3_124	E96_4_085	E135_7_93	E106_7_369	E20_1_602	E108_0_481	E120_2_643	E16_1_282	E25_0_0	E14_6_008	E119_0_481	E70_1_121	E56_3_364	E80_3_605	E42_2_083	E110_7_93	E15_7_449	E109_6_088	E4_1_842	E49_6_969	E101_6_088	E12_6_008	E0_5_607	E0_5_126	E66_3_364	E66_4_486	E101_0_08	E84_2_964	E17_4_726	E108_2_723	E16_0_881	E36_1_682	E88_3_605	E98_1_762	E86_5_927	E78_4_085	E10_6_648	E84_4_646	E121_1_442	E0_3_364	E37_4_085	E12_6_969	E121_3_124	E16_0_08	E16_6_809	E4_6_728	E133_1_682	E133_0_0	E119_5_126	E131_6_728	E41_4_486	E128_0_961	E128_6_008	E14_7_85	E51_2_403	E4_3_925	E96_3_765	E78_7_529	E86_4_486	E20_0_16	E10_4_646	E110_6_969	E108_4_325	E2_2_804	E125_0_961	E48_0_24	E42_0_721	E120_6_408	E70_6_328	E85_7_529	E121_6_809	E48_2_563	E44_6_008	E94_0_561	E98_4_005	E101_1_682	E85_2_403	E86_5_287	E65_0_481	E42_3_204	E126_2_643	E112_4_646	E10_0_08	E10_0_801	E106_4_966	E56_6_328	E3_5_607	E42_1_362	E14_6_969	E42_0_32	E15_6_728	E2_4_966	E54_2_643	E70_7_93	E56_0_401	E24_7_369	E1_4_646	E88_3_124	E80_7_209	E17_2_964	E25_4_806	E123_6_008	E126_1_602	E51_0_881	E12_7_289	E20_0_881	E12_4_806	E25_7_85	E142_7_289	E101_3_765	E126_2_083	E31_1_442	E107_7_449	E4_6_408	E12_1_121	E78_3_605	E106_1_922	E94_1_522	E78_7_69	E142_5_367	E126_4_566	E84_5_367	E128_3_124	E36_7_529	E17_6_648	E15_7_85	E128_0_801	E36_7_209	E54_4_886	E96_0_481	E4_3_044	E55_6_488	E47_4_325	E1_0_961	E107_2_804	E36_7_61	E25_5_687	E108_0_32	E36_5_367	E37_2_403	E78_6_328	E31_1_922	E88_2_723	E125_6_008	E36_2_723	E47_0_641	E120_4_886	E106_5_287	E42_7_529	E16_1_522	E56_4_245	E135_6_648	E79_6_328	E84_5_046	E85_5_207	E133_7_289	E14_0_641	E96_5_847	E42_3_524	E51_6_889	E109_5_767	E24_3_124	E84_0_0	E126_4_486	E42_5_207	E84_2_483	E3_6_088	E2_5_207	E126_3_845	E47_1_121	E88_2_163	E17_2_403	E142_3_124	E55_2_964	E123_4_005	E84_7_289	E125_0_16	E133_6_408	E49_2_884	E125_0_481	E119_1_682	E17_7_85	E10_7_61	E121_5_767	E126_3_685	E51_4_486	E24_3_044	E123_4_085	E123_7_85	E65_1_362	E48_2_083	E112_0_401	E88_6_488	E125_3_605	E65_3_044	E136_3_605	E94_2_723	E80_3_765	E85_5_847	E15_2_243	E37_7_77	E80_2_884	E31_0_32	E85_3_204	E56_4_726	E110_1_362	E48_2_163	E126_1_922	E110_5_046	E3_1_922	E120_3_124	E54_2_003	E4_0_561	E54_5_687	E136_7_209	E101_1_602	E36_2_483	E4_0_641	E42_0_881	E80_3_044	E65_4_566	E55_0_561	E1_7_69	E54_4_566	E84_3_685	E96_2_723	E10_5_767	E120_0_721	E94_3_204	E96_2_163	E42_5_927	E44_6_969	E128_5_126	E15_5_287	E66_5_447	E70_3_284	E98_6_728	E54_1_282	E84_1_842	E10_5_847	E41_4_886	E101_0_24	E24_6_969	E66_5_287	E66_1_282	E20_4_966	E133_7_529	E40_6_889	E54_2_723	E131_7_77	E136_1_682	E4_6_889	E51_3_524	E85_4_245	E25_5_607	E3_5_527	E14_1_362	E94_3_765	E88_4_486	E49_6_408	E106_2_964	E41_7_77	E79_6_008	E51_4_406	E121_1_842	E125_5_607	E79_3_524	E126_5_927	E54_7_529	E65_1_202	E128_1_202	E126_1_442	E15_4_646	E110_2_483	E101_5_767	E47_6_168	E25_0_561	E65_3_685	E31_7_049	E44_5_046	E106_4_245	E55_7_289	E66_3_124	E78_5_126	E12_3_364	E121_1_202	E54_4_005	E88_7_289	E78_5_687	E108_0_08	E25_0_32	E94_7_369	E3_4_085	E12_0_401	E120_3_364	E123_1_041	E65_5_927	E86_0_0	E63_1_602	E78_1_442	E42_6_008	E1_6_088	E49_1_522	E12_2_323	E65_1_682	E126_2_403	E17_0_641	E135_1_762	E37_4_646	E66_6_168	E20_0_32	E125_3_845	E110_0_481	E65_4_406	E15_2_884	E112_0_721	E31_2_003	E51_4_325	E4_1_121	E125_2_243	E25_6_088	E96_4_005	E121_4_646	E98_2_804	E42_5_527	E15_1_842	E14_3_364	E66_1_922	E106_3_765	E16_2_563	E49_6_328	E65_2_163	E126_0_561	E120_7_93	E4_3_444	E15_3_765	E126_4_005	E40_2_884	E24_2_163	E49_3_925	E16_2_083	E108_7_209	E48_0_08	E128_2_483	E135_6_248	E101_2_723	E79_0_801	E55_7_529	E78_5_527	E20_6_568	E131_3_444	E128_0_0	E70_3_605	E66_0_481	E135_0_08	E109_0_0	E10_1_762	E131_7_289	E12_5_687	E84_4_566	E36_1_041	E125_4_566	E80_0_481	E125_2_643	E121_5_607	E79_5_126	E78_0_561	E84_4_966	E54_2_403	E135_5_927	E40_2_003	E119_4_886	E63_4_806	E51_2_163	E109_3_044	E142_1_682	E112_7_369	E44_3_364	E106_3_685	E0_1_602	E136_0_16	E14_0_801	E44_5_847	E119_4_406	E0_6_248	E48_0_481	E16_0_24	E112_3_364	E120_5_767	E65_2_723	E108_3_765	E41_6_408	E47_1_442	E12_6_248	E0_5_447	E3_4_165	E14_7_049	E142_6_889	E4_2_483	E48_5_687	E2_7_129	E24_0_24	E133_6_168	E54_7_129	E98_1_121	E66_3_044	E135_2_483	E47_2_483	E10_7_369	E109_5_126	E12_1_602	E3_4_486	E121_6_728	E12_3_845	E135_2_163	E63_4_646	E80_4_406	E86_4_886	E66_0_801	E31_4_005	E4_7_61	E85_1_282	E54_5_207	E36_2_643	E80_3_524	E15_7_289	E98_5_367	E42_6_728	E119_6_088	E79_1_922	E48_5_046	E86_6_488	E47_3_284	E54_6_248	E55_2_804	E14_2_804	E24_2_403	E78_6_248	E25_4_085	E128_4_325	E48_5_447	E12_6_568	E128_5_046	E42_6_488	E133_4_486	E4_2_083	E47_2_643	E1_7_93	E110_4_726	E41_1_682	E125_7_69	E54_3_124	E55_1_602	E128_6_088	E10_4_165	E0_6_168	E128_7_529	E126_4_726	E94_4_406	E40_4_726	E119_7_289	E36_5_767	E78_6_408	E24_1_121	E56_7_85	E94_2_884	E112_6_088	E108_4_726	E16_1_682	E55_5_927	E94_7_049	E84_6_248	E110_3_444	E44_5_527	E37_6_969	E2_2_483	E36_4_165	E12_2_643	E133_4_165	E136_7_69	E40_3_765	E20_4_245	E133_2_163	E25_0_801	E78_6_088	E25_0_641	E0_1_202	E142_2_483	E20_4_886	E106_4_325	E109_7_129	E142_2_403	E121_3_444	E119_3_925	E126_7_449	E142_0_08	E63_3_845	E85_1_041	E125_6_889	E101_2_083	E125_5_207	E40_6_969	E85_3_284	E17_2_163	E119_4_726	E88_2_243	E56_7_129	E41_2_163	E106_3_284	E20_1_362	E78_1_282	E119_6_728	E31_4_806	E12_7_049	E40_0_561	E4_0_961	E14_4_165	E108_5_367	E24_0_641	E133_3_845	E107_6_728	E109_5_527	E106_0_961	E10_2_964	E0_3_524	E107_6_168	E63_1_522	E125_5_367	E42_3_444	E55_6_889	E14_6_728	E14_6_168	E123_2_083	E94_4_245	E66_0_641	E48_1_442	E79_4_966	E31_1_121	E94_5_126	E41_7_369	E40_5_927	E12_1_842	E44_7_449	E44_3_925	E15_2_804	E120_6_728	E0_6_809	E70_5_767	E79_0_481	E48_7_209	E125_6_488	E85_2_003	E48_2_483	E63_7_529	E109_5_447	E15_3_925	E2_7_77	E70_6_088	E94_2_003	E36_7_85	E49_0_0	E125_4_165	E12_3_444	E136_0_401	E88_1_282	E112_5_767	E36_1_602	E1_4_886	E16_4_566	E63_2_483	E63_3_364	E42_4_886	E14_5_447	E101_0_16	E31_1_202	E136_3_524	E94_0_641	E31_2_083	E112_3_284	E119_6_889	E63_4_726	E109_5_927	E120_4_726	E31_6_408	E10_3_925	E63_7_449	E24_0_481	E119_7_93	E24_4_085	E70_7_529	E14_7_129	E80_4_566	E1_1_842	E41_0_961	E126_0_16	E85_0_0	E84_5_607	E78_4_165	E112_3_925	E78_4_566	E49_4_165	E20_6_088	E112_5_447	E120_7_69	E10_0_32	E24_0_721	E119_6_568	E12_5_607	E94_7_529	E110_5_687	E107_0_16	E25_6_568	E131_2_964	E106_5_687	E123_7_529	E2_2_243	E16_7_449	E24_6_728	E48_3_605	E51_6_488	E123_7_61	E17_3_444	E24_4_406	E55_5_847	E1_2_964	E1_6_328	E20_3_204	E66_5_847	E133_7_85	E37_6_088	E119_7_529	E119_2_723	E108_0_801	E112_3_605	E42_4_085	E85_1_522	E48_7_529	E66_6_648	E84_4_165	E49_0_561	E70_0_961	E70_3_524	E44_2_964	E40_2_163	E49_7_61	E41_1_922	E126_6_008	E3_2_403	E49_5_287	E125_6_728	E63_4_886	E119_4_085	E70_2_723	E121_2_083	E42_5_126	E56_5_207	E126_6_248	E24_5_207	E55_3_444	E25_7_289	E119_5_287	E65_5_126	E78_1_602	E66_2_563	E123_1_842	E40_1_842	E0_3_845	E4_7_77	E66_3_284	E15_7_93	E142_0_641	E12_7_85	E85_6_728	E10_6_408	E106_0_32	E63_6_969	E101_4_406	E10_7_77	E126_2_323	E1_4_165	E66_0_961	E79_4_806	E47_6_328	E142_7_77	E88_3_204	E107_6_969	E56_3_444	E123_5_767	E12_0_801	E126_0_401	E10_5_046	E10_1_041	E2_1_202	E135_0_16	E4_1_602	E120_4_165	E108_3_845	E107_0_0	E107_4_406	E25_4_966	E40_5_126	E10_4_085	E84_3_444	E106_1_202	E63_4_966	E128_6_248	E17_1_282	E85_2_323	E107_7_369	E106_6_728	E94_6_008	E2_7_85	E80_6_328	E88_7_129	E142_2_964	E135_1_362	E44_6_809	E56_7_69	E3_3_204	E10_4_966	E123_6_728	E42_4_486	E80_1_602	E51_2_804	E84_0_801	E36_5_046	E106_2_804	E24_0_0	E44_5_287	E80_1_842	E16_4_165	E133_2_003	E142_1_842	E107_4_966	E3_2_083	E109_2_643	E107_1_922	E24_6_248	E24_0_16	E108_3_124	E0_4_966	E12_5_927	E121_4_325	E106_4_005	E110_3_204	E106_1_602	E96_4_726	E108_6_328	E48_4_406	E16_4_486	E121_0_0	E36_3_605	E80_5_847	E20_3_605	E2_1_442	E88_6_568	E31_5_527	E98_2_003	E48_0_881	E49_2_643	E10_2_083	E15_0_561	E65_2_243	E1_5_527	E85_0_24	E25_2_163	E17_5_207	E15_2_323	E109_2_323	E54_5_367	E56_6_488	E47_0_881	E25_0_721	E126_3_124	E96_2_003	E63_5_607	E133_1_362	E86_1_842	E106_5_126	E109_6_168	E47_2_083	E85_4_085	E47_4_406	E88_5_847	E42_0_561	E40_7_129	E78_1_762	E123_3_524	E78_5_287	E78_0_881	E40_6_568	E10_6_809	E14_6_488	E119_4_966	E123_6_809	E25_1_842	E119_3_124	E1_2_483	E136_1_202	E70_6_889	E142_2_804	E49_1_121	E12_4_646	E65_4_245	E65_7_209	E20_6_969	E63_4_486	E110_1_762	E54_4_406	E112_4_165	E16_0_481	E106_4_566	E136_0_961	E63_4_566	E94_5_046	E4_5_126	E136_0_721	E3_3_925	E121_6_088	E0_7_69	E1_4_726	E15_1_522	E37_6_568	E54_1_682	E10_5_367	E66_0_32	E24_6_408	E14_7_369	E110_2_003	E54_0_481	E88_6_889	E112_5_287	E37_1_362	E12_4_005	E17_5_527	E125_1_842	E31_2_163	E142_0_16	E31_3_524	E84_6_328	E79_6_809	E47_1_202	E41_7_61	E123_7_369	E126_5_367	E131_1_922	E20_5_287	E131_4_406	E41_4_646	E131_3_524	E56_5_126	E41_4_966	E48_5_607	E79_0_401	E108_3_284	E10_7_289	E123_4_726	E123_7_129	E47_2_884	E94_5_687	E135_6_408	E136_6_648	E31_6_088	E56_2_964	E47_0_24	E16_0_641	E128_6_408	E51_6_088	E86_3_685	E16_7_289	E133_0_16	E36_5_687	E48_5_927	E98_0_801	E2_0_32	E106_5_367	E24_3_925	E20_0_641	E86_0_401	E65_2_643	E66_1_682	E126_2_804	E63_5_126	E86_1_282	E112_1_522	E121_6_168	E85_4_966	E120_3_524	E112_6_809	E63_7_209	E42_3_284	E86_3_765	E86_7_529	E107_5_287	E24_5_287	E128_0_24	E96_1_442	E135_7_529	E136_3_364	E123_0_881	E0_7_449	E125_5_847	E79_4_646	E85_0_961	E25_3_444	E63_4_406	E54_0_0	E136_5_927	E94_3_925	E110_6_168	E56_4_165	E42_3_605	E94_6_168	E25_6_728	E125_3_765	E101_5_927	E4_6_568	E48_4_726	E136_3_204	E142_6_088	E85_2_483	E12_3_524	E112_7_129	E110_1_442	E2_6_328	E108_0_24	E44_4_486	E85_2_243	E51_0_401	E47_7_529	E96_3_845	E15_3_685	E66_6_568	E96_7_289	E131_6_008	E133_5_287	E42_0_08	E107_3_364	E3_3_124	E56_0_481	E110_5_527	E16_5_046	E54_1_922	E16_5_767	E20_2_163	E109_1_762	E31_7_529	E15_5_847	E121_1_762	E86_2_003	E94_5_527	E107_3_284	E65_6_728	E112_5_607	E142_6_488	E98_3_845	E136_6_168	E110_4_806	E4_0_24	E84_5_207	E112_7_209	E42_1_121	E108_2_323	E107_5_767	E120_5_207	E4_6_008	E79_4_726	E98_6_568	E51_1_602	E84_3_605	E47_6_728	E78_0_0	E131_3_284	E121_7_69	E131_6_889	E55_2_884	E70_2_804	E3_1_202	E120_6_969	E15_7_529	E10_5_687	E98_1_442	E94_5_367	E110_3_524	E42_4_806	E48_7_93	E31_6_809	E37_4_005	E49_4_886	E78_0_481	E109_0_721	E14_5_607	E110_5_927	E14_5_527	E16_2_964	E14_1_842	E15_6_568	E24_4_726	E109_4_245	E1_4_005	E10_0_24	E47_3_364	E66_0_08	E108_4_406	E55_4_005	E1_5_607	E48_2_323	E80_2_323	E133_2_563	E119_4_245	E96_4_646	E108_1_121	E136_2_323	E85_2_563	E55_1_121	E47_5_527	E4_7_85	E125_2_884	E128_1_842	E109_5_607	E24_3_364	E78_2_483	E49_2_563	E128_4_806	E36_0_881	E24_4_005	E110_3_284	E106_2_563	E110_5_847	E133_2_964	E110_2_964	E56_3_524	E10_0_16	E131_6_088	E128_4_726	E65_4_165	E16_7_049	E2_5_527	E20_7_61	E96_2_643	E85_2_083	E16_1_602	E120_2_964	E12_4_566	E94_4_966	E135_4_566	E125_7_209	E2_2_003	E84_3_524	E86_4_085	E41_6_008	E84_0_481	E17_4_966	E1_2_243	E3_1_362	E101_2_003	E16_4_406	E126_7_77	E4_5_447	E96_5_607	E51_6_568	E136_0_08	E1_2_563	E110_3_845	E0_4_005	E4_2_643	E106_3_204	E79_3_444	E44_2_003	E37_3_444	E106_4_806	E54_6_088	E106_6_809	E142_3_845	E123_3_204	E63_2_163	E112_5_527	E16_0_561	E96_2_323	E86_1_202	E56_6_168	E125_1_282	E106_0_0	E123_1_442	E84_7_529	E78_6_809	E24_4_325	E131_2_884	E0_1_041	E119_7_369	E108_5_207	E125_1_762	E49_1_762	E86_0_961	E49_1_041	E131_7_209	E16_3_124	E80_2_003	E96_6_248	E70_2_243	E101_7_449	E79_6_969	E15_0_0	E66_2_483	E44_7_129	E54_3_444	E107_0_08	E70_2_964	E37_3_845	E0_5_767	E41_6_648	E25_1_522	E2_6_728	E55_1_282	E51_4_726	E31_6_248	E56_5_287	E120_6_088	E48_1_202	E125_1_602	E78_2_884	E0_4_325	E98_3_124	E106_6_889	E14_7_93	E107_1_362	E2_2_563	E131_0_16	E16_3_204	E37_5_046	E131_7_85	E121_7_129	E37_4_165	E107_3_204	E85_5_687	E121_2_804	E126_6_889	E55_0_24	E16_0_0	E66_6_408	E42_5_607	E12_0_24	E66_4_806	E94_2_083	E85_3_444	E125_3_044	E142_2_884	E2_3_364	E25_6_889	E133_2_483	E42_3_765	E131_5_527	E78_2_563	E51_7_93	E14_1_041	E65_4_886	E42_6_168	E16_2_243	E1_7_049	E0_5_287	E133_0_881	E4_7_129	E48_2_964	E48_3_284	E88_5_207	E24_1_282	E63_6_568	E86_3_444	E123_1_362	E49_6_728	E54_1_121	E107_1_682	E78_2_964	E136_6_328	E42_2_723	E41_3_124	E142_5_847	E3_6_728	E40_6_728	E79_0_24	E88_1_602	E17_3_204	E47_7_369	E37_0_721	E12_6_168	E85_3_364	E88_4_566	E54_2_804	E119_4_646	E36_1_282	E16_5_367	E49_5_207	E125_6_328	E66_1_762	E56_0_24	E119_5_527	E133_0_721	E112_7_289	E16_7_85	E25_2_403	E10_3_444	E3_7_529	E24_0_401	E107_4_726	E136_5_126	E80_3_124	E15_5_527	E107_6_408	E142_1_121	E88_2_563	E20_1_762	E110_7_449	E36_1_522	E78_3_925	E25_3_364	E12_0_721	E37_6_168	E107_5_367	E133_0_24	E36_6_969	E31_4_966	E135_3_364	E106_3_524	E142_1_922	E126_3_765	E12_0_561	E70_5_287	E135_0_561	E49_3_364	E84_0_32	E36_6_408	E109_7_369	E86_6_889	E55_4_165	E123_0_801	E41_0_641	E120_0_32	E142_5_447	E79_2_163	E96_1_282	E123_5_687	E112_6_168	E119_7_129	E37_5_847	E3_2_163	E20_7_529	E109_4_165	E133_3_524	E54_3_925	E40_5_207	E17_0_24	E125_2_723	E25_1_602	E79_2_643	E31_5_367	E85_0_481	E135_3_765	E56_3_204	E10_2_483	E49_2_964	E49_3_605	E2_4_726	E128_6_568	E123_0_32	E2_1_922	E135_6_728	E133_2_884	E96_3_204	E42_5_367	E88_5_287	E24_3_204	E44_4_966	E36_0_401	E119_2_083	E20_6_008	E66_4_165	E110_1_842	E44_4_406	E86_5_207	E24_5_767	E15_3_444	E20_2_483	E63_7_85	E10_7_85	E47_4_486	E12_2_964	E3_0_08	E24_4_165	E110_2_884	E4_1_442	E88_2_884	E51_0_24	E2_5_046	E101_1_282	E120_5_847	E48_6_248	E120_7_85	E17_1_842	E88_2_323	E96_6_328	E63_6_648	E109_3_444	E44_2_884	E16_2_163	E24_5_687	E2_0_801	E133_0_961	E36_2_323	E70_0_641	E0_3_605	E4_2_163	E98_2_643	E54_6_809	E120_4_486	E2_3_444	E110_0_0	E16_5_126	E51_2_563	E2_7_209	E4_6_809	E88_3_524	E36_7_289	E55_0_32	E55_2_003	E128_3_364	E2_6_889	E1_2_003	E36_3_685	E54_1_041	E2_4_646	E14_1_442	E47_7_449	E70_4_165	E106_6_328	E36_3_444	E65_5_527	E1_4_966	E78_5_927	E1_3_204	E88_0_721	E15_1_362	E126_4_886	E10_7_93	E131_6_328	E36_4_886	E133_6_568	E41_7_93	E17_7_449	E107_3_444	E31_0_16	E136_6_408	E48_6_889	E119_2_964	E133_0_401	E20_2_403	E121_5_847	E51_2_243	E12_5_126	E42_4_726	E98_0_08	E131_7_529	E66_7_77	E44_0_561	E80_5_687	E40_6_488	E80_4_245	E136_7_61	E126_3_364	E131_7_69	E78_2_323	E31_0_481	E96_1_922	E0_6_488	E51_7_529	E55_3_605	E66_3_765	E108_6_008	E15_6_488	E65_6_168	E126_6_728	E44_4_165	E136_1_362	E78_2_003	E108_2_643	E55_7_209	E107_1_522	E31_4_726	E128_7_209	E66_0_0	E65_7_69	E3_3_364	E41_6_809	E135_7_77	E10_0_561	E2_3_124	E65_1_442	E101_7_93	E112_1_922	E51_2_483	E41_7_289	E106_7_93	E49_5_847	E84_7_85	E131_5_207	E80_7_529	E136_2_083	E56_0_32	E126_5_126	E88_2_804	E14_3_685
DMRT1	1.3153049633	4.2577291802	9.5252117302	9.3059970218	9.7832620975	3.0236037307999997	10.208445132	4.0440122223	0.9582001098999999	0.5901120692	9.7482905062	5.0385944209	5.3305126345	3.7316747013	3.5976266157	2.250549686	8.188088732999999	9.7398815946	3.8762660226	5.015580201100001	9.9053666488	10.253410594	9.856469332	9.8286223353	2.967306598	10.2840075031	4.9318255462	9.8368377943	4.6194093163	5.7891981938	4.2633201779	3.5718918272000004	9.5784247863	2.5158029031	2.2714902126	3.5550059474	1.7517204488999998	5.8816071712	9.8625114094	9.7893864313	9.3418916777	10.4178632821	5.8064817244	9.9094002786	4.6153764758	0.8986227508	2.1482126401	3.1349670375	0.5968800859000001	4.1893760438	9.7802778633	4.4841806833	0.5880598231	9.3490974377	1.6484125588999998	4.1138153888	4.1427631758	1.2780988572	10.352314189400001	0.5770297165	9.6951661336	5.4188315272	9.712708566	6.9481096876	6.3091152165999995	3.5359887755	1.5212489359999999	0.3498231781	6.243376565299999	5.0716139556	10.1498974606	4.6011313605	2.0652704682	10.3754122887	7.062211769299999	9.439871628999999	10.0931203729	2.3021253112999998	3.9135920013	4.5395081018	6.421993474400001	1.7364207781	4.3187620085	8.3853743447	4.6601176044	1.3415313209	4.1895892988	9.813877657699999	5.4821972649	4.1849295058	4.1483325077	9.6754107008	10.3163441312	6.3675237537000005	5.013806156499999	1.7267164049000001	0.3199396654	4.3573310588	1.4931900384999999	6.2416316499	0.3251372438	9.5299277376	4.796049576600001	1.3145221309000001	2.0894999943	9.6573429201	2.6191109721	10.4984118477	9.5994899298	3.3107459963	4.2426387518	3.5736464327	6.7539353835	1.7330526757	5.6551527597	9.6181081041	10.463466328099999	9.8843243022	2.5377493156999997	8.2961206851	4.0629020844	2.2040301778	9.5261188794	9.4336558992	3.7983206122000004	3.2754427052999997	6.7962859936	5.6793537805	9.654751524	10.058911886499999	3.0757461444	10.079182812200001	9.5814774342	3.1052994502	10.0341758381	6.5157949212	2.4209568473	3.1515025673	1.1123392143000002	3.6096306664999998	0.368103229	10.0067879115	4.0719468442	9.5966965712	4.7388654784	3.8062021731	3.748044591	9.6391738891	2.6828971494	1.6934700877000002	6.725093009	9.7235773775	3.0012302588	10.1017042444	2.6884352487	9.7300910021	9.2200517962	1.7327447941	0.4900777317	10.4864663416	9.9239220701	9.7340523827	10.1788043058	5.9805927619000006	1.5653755923	10.0712364169	9.8231738771	0.5857050715	9.6588075801	5.286615138999999	10.0488156564	10.1293006159	10.0699435153	9.668376046799999	3.413185139	10.0322537701	4.7562109667	6.059476345	5.582781366	9.7624564071	10.1439390926	9.6368336329	2.5983637795	3.9539961017	9.9880739903	2.0098080812	0.18056888920000003	3.4558826368	3.2754898229	0.959220796	3.4892034992000003	3.2103670045999997	9.9270560197	5.3819836989	1.3042807011	2.9338392625	9.7357589822	5.4153647188	6.421993474400001	9.673199194299999	7.1075684133	2.5518364344999998	5.9185636214	4.0934308132	7.3869657236	4.069866918	9.6607212247	9.801714135700001	9.9324124131	9.5490197539	9.5809679877	1.8371451559	9.6187669952	9.9807950333	2.4236316147	1.1262345537	3.5025476357	4.2361216436	1.2383384949	8.657371852899999	3.4821983395999996	0.9193542115000001	10.379350414	2.346618108	2.2664791537	3.5099290907	1.2624263109	5.3729358786	2.1423438775	10.126105684299999	4.1426243151	3.0502787985000004	9.992328284700001	2.1249305852	0.33831608329999996	9.7268122039	5.0120120156	6.421993474400001	4.6727252864999995	4.2594393922	9.785234321599999	6.0118509596	2.5238513149	9.932878508	9.7528929166	10.1766540541	2.7469944062000002	1.5858807104	2.4953748849	3.560723308	2.5417287409	4.744510457	4.2966523281999995	5.3934247016	2.8718521029	5.9667880308	3.4089642695999998	9.2852331315	9.6487461846	10.067750944	9.7711302037	5.8916418978	9.6429686975	4.1303234587	10.276689818300001	4.8316516132	8.8615405259	5.119942642200001	4.8434013606	2.4038006349	4.1176800791	9.4217202277	0.9472048734	0.9655178119	3.4517767856	2.9043353962	9.7556018689	1.2748780454000002	9.7151071712	4.9282375606	9.803565687899999	2.3687478072999997	2.1800118731	9.433908602899999	2.290535884	1.4034324594999998	3.4057940245	10.489157742	1.0540473497	8.530155665599999	9.890486822	6.050712556000001	0.6056665405	3.9199099247	1.2949572021	3.8346391361000003	2.6051135441	9.893560920599999	9.8073202107	9.9266759995	3.6784618630000003	3.5381100738	9.9520424844	9.829632870700001	2.8515179894	8.086507190199999	5.0198786186	3.6185276876	3.1147172738999997	10.2533081487	1.42625195	2.5681653604	1.2366367793000002	9.4260311169	2.9289034405	9.7185943315	1.3010351573	9.379797839	3.6798453077	6.6394443914	10.6837368552	4.374294696600001	3.9412490861	2.011589008	9.061714868	9.7999691302	9.3990200832	2.0299853603	10.0551125368	2.0638410579	5.3271670504	8.049540751	8.6625159637	0.29193604160000003	9.5548989932	5.83749823	9.865347679	0.6478183763	0.686706238	3.7633037659	2.3881693445	9.7315297417	1.9189240806999999	4.1090480019	9.6823562982	4.4085760023	3.4125145067	2.3043974394999998	6.677894264600001	9.7960337987	9.5431213183	3.2495950062	6.421993474400001	3.1644216993	3.5043354412	1.3476885167	9.886174841799999	2.3096390103999997	2.4036916251	2.6016954682	9.1324992916	9.606891236000001	7.340889224	1.8874272696	2.5697165772	5.5932138729	4.0842408779	1.3411634271	10.388490303300001	4.8919824509	0.8540997364	5.3022686796	0.3603245303	9.695938334500001	4.6546771738	10.5209598829	4.0748799614	3.7794903642	1.9444505346	5.1290390851	4.1623631101	4.4513130109	9.657788886699999	1.1900797975	1.4569663502	10.042360521900001	10.5878970933	4.5613171149000005	9.9008480242	9.8971644883	7.0589563146000005	4.4598086022	5.2479966436000005	10.3527536143	3.5654607717	6.3921974954	3.2873909668	2.5092003271000003	4.7241239457	4.0473120144	10.4391426738	6.5880120898	5.3429506776	1.9106994771	9.570889402899999	0.8668473723000001	7.5813944092	3.4248440033999996	3.4196325532	5.152941659200001	3.2572091717	5.2066737967000005	3.8597374435000003	1.0488455293	1.6882170968	2.2431506412	4.3181495551	3.4604324776	10.418603007	2.8883605726	2.3097575165	9.3991755147	6.4212554774	9.8552936347	2.8254515298	9.9118384383	9.907956237899999	2.4039784842	4.8149493591	3.6143931329	9.4875448198	2.8581883286000003	0.5083689657	2.9908645386000003	2.1726826303999998	9.5829673856	4.4086804168	4.6328677952	0.18182589100000002	1.3784320643999999	6.241894759299999	9.7833034565	10.3923378118	9.883634427899999	9.9111854359	9.3593260982	3.3768155216	9.914822604600001	10.354204680599999	9.8249908269	0.9194328172	9.7245805164	3.3922922294999998	10.8527680594	7.913783082	4.3271961719	2.4879768985	4.4026639775	2.8717302365	2.2833454214	4.3473312619	1.3327883369	9.6978982171	5.1864400074	9.5749912797	2.4461892238	2.5305384356	1.278811376	9.6711484709	10.0985521773	0.2859083837	1.4015107493999999	4.2862796894	3.8510465357	3.7696492854000003	1.294005676	3.3715090226999997	9.673912982100001	4.9225552577	6.8073496578	6.073257410599999	9.650738459600001	10.1845921487	4.0625833275	10.6368647709	3.7799607344	2.0405630954	6.421993474400001	4.8548219961	4.753345991000001	4.814018825	1.9580647743000001	1.3456318156	3.2540034283	1.4100489924000001	0.6562636106	3.8898871638	3.0019825926999997	3.4289919559	0.36478161740000004	2.0370351052	2.0812852985	1.1832945064	2.5566290521	10.4540124663	3.5663112971	9.2532549005	10.6432394864	3.4995792927	5.8524320727	9.6822010341	3.3291157822	9.9723198672	9.8430680326	2.3307808384	6.1066184166	9.8117217834	4.0277573663999995	3.2952275745999997	3.2903664076	9.7586894496	3.6716490341	5.0050495654	9.1850541234	9.9113840366	9.684006158899999	2.2161508263	3.8587784561	3.9622357123	10.1436734545	0.021703457599999997	0.6910615031	2.4285195977000003	6.259392223300001	9.8387479761	10.2140353123	1.6112488396	3.2069559843	5.564310097999999	9.8020500963	1.1719123133	6.421993474400001	10.1361595288	4.713262000199999	6.031998617999999	6.421993474400001	3.2150561562	1.2322429334	3.7381154502	5.0585691567	1.234845241	3.3209492145999997	1.2652643417	8.509798924	9.8494917069	4.1886906416	2.8354758262	4.187194633	5.0788916701	10.0938904291	4.648463448399999	3.3754037716000003	3.5683801862999998	9.161880273	10.3340813839	5.8721398123	9.5293645002	10.564640757100001	1.7213434794999998	0.4316425697	1.5776903017	2.5286036186	9.4696970781	0.8569450208	9.4962119975	6.143638506399999	6.4972035614	10.0535417816	9.7849530467	3.8898244263999997	3.7980828414	9.7676683616	4.2033118575	4.676697276600001	9.9419638034	10.264756587799999	9.8488206139	10.1344060417	10.1203564764	5.2916397536	3.0056670775	1.9101484869999998	0.4249189493	1.5576809615	0.5289588008	0.4931162617	10.054618189	4.4062027625999995	3.1238763901	9.942037021900001	7.3251818265	10.1665334326	10.0214121256	5.8927541309	9.7531818784	0.7956599128	4.7129855271	5.8329716643	1.2764960956	10.2869414578	9.6573823184	2.3586177375	0.9496263455	8.8093980951	3.7563470194999997	9.699059828300001	9.9249306737	4.5840940885000006	1.5707933806999999	2.4166355985	4.9494403339	0.8892932176	2.6885004882	4.5671286739	1.1137803171	8.6223812453	4.4950969413	4.3445793249	10.6379752417	3.0239439652	4.2277558373	1.5904368883000002	6.0650277531	0.7810573356999999	0.4548777861	10.197457871000001	6.8812110686	4.8880706037	2.3450061618	5.479047545199999	3.7268319588	0.3657139186	2.9240151501	2.4320636235	5.01480833	9.6025999649	3.7392112208999997	1.9095166896	9.7370621921	1.8788230605	1.5631778957	9.754326710199999	4.8226440234	4.9425343132999995	0.9420507274	10.248539258200001	9.7428751141	3.5436580169	3.8401539216000002	3.8481139494	9.6234623642	1.3419119277	5.9371451544000005	8.576261839199999	4.1920987573	6.18768693	10.6321032246	3.1241301911000003	3.0115578535000003	9.7366000835	4.9478024298	10.1234032384	2.6473866996	3.1205877878	3.3874595683999997	2.7049903179	0.3506638673	4.1876217825	9.624649179299999	2.4220300214	9.5258780771	2.0555492728	10.1534680525	7.1969974626	5.4286863866	4.2184704024	1.7548935997	1.9310771667	2.7995661380000003	9.5985839911	4.3835142021	3.1391094423	10.4229839139	8.5510899609	2.7296662393	8.948498106799999	4.3823273895999995	9.366555914	3.5819805361	2.0600264764	1.1331206321	1.1739342608	9.8398399582	1.8519874195	3.8476394013	1.5306549747	10.226974674	2.3124985578999997	4.3946923656	3.7270732519	9.826303397	9.8383852062	4.0915581922	6.6889820251	10.3928610027	9.706343673200001	1.9107478375	4.9018617379	6.1284328362	3.8330382543	9.4497315931	10.0446937732	2.9406621516	9.7919359331	4.2943615042	3.0920298502	2.4602948586	2.91666198	9.744718155800001	9.628913023700001	3.3241338312	4.845454687799999	10.134277069	9.8024556312	10.3958945119	9.6225996527	9.6490503356	9.6107258542	4.2396623986	4.0781911076999995	6.2435019512	0.6453216425	4.0136019635	5.2772082974000005	9.6638960477	9.9530230858	0.3322023041	9.1737770534	2.5234932312000002	9.9193020815	6.421993474400001	3.639490182	1.5991130269	1.3505862496	2.1634186669999997	9.7418229345	4.4792420764	5.9583021484000005	3.1378887706	0.6028122907	2.445277571	5.4763215982	9.7326833392	5.882672867999999	5.2873830142000005	9.5802367748	6.9245953103	9.7580155343	10.4763591758	0.126670742	3.9915001324	9.7510144304	9.836974145800001	9.8364651911	0.0470867832	1.7295551362000001	4.4373505104	3.5052203493	1.0938708262	9.7811860685	9.795335702000001	1.6551866600999998	2.4148075922	3.2862051460000004	4.6651498731	6.421993474400001	4.3048739597	5.361721402	9.6051975437	3.5623952687	10.3620922904	9.6917033361	9.9992179874	9.5815217334	5.7982037927	4.7818473323	1.8228862813	1.6163740345	9.671698428200001	5.1999679358	6.966616566799999	9.7131142681	4.0020772675	1.880284684	3.7044422806	1.3894935757	4.3720176917	3.2121022580000003	3.7849203706	9.721116822699999	4.7677332616	6.1404575232	2.0923088181000002	4.6001255222	3.9144767481000002	1.3301788251	9.8577626493	3.0377487117000004	0.7604629352	5.375037961	2.9657498505	7.636952567100001	6.7455439374	9.692640602300001	3.2620405594	2.0121041514	0.46304286009999995	1.8917294997999998	2.3660014657	4.8330327334	4.754565735	10.4246001843	10.4739828253	2.7292608485	9.7398065941	9.0166455914	5.0296539142	9.1935296274	10.0534880843	6.8236741229	2.3637151595	2.8451303127	10.318532725299999	8.9309726784	0.282190843	2.5448031268999998	3.1624314123	1.1273966397	2.0027794503	9.7502497575	5.694250652999999	5.0525719065	1.6674360426	0.5996046279	0.043498463	3.5701698199000003	10.5359605301	9.6946086257	2.1761949544999997	9.5156990598	1.1413446811	4.6357714603	9.7627335615	2.3025649913	5.9240480346	3.0740428991	10.3644208721	2.3740858654	2.6132345812	1.6162614343000001	4.1606272052	6.010080482799999	1.6283088709	9.975667522	10.4690106252	9.2358316626	6.6643626017	5.6115261058	3.9645297117	4.818843445	1.2803577959	2.9494940798	3.1642134926999996	7.9182609718	9.4099822209	9.9598062092	2.2151103895	6.421993474400001	10.0021158596	9.5367355302	1.0351276326	2.4761453184	0.9468513765000001	0.4678507995	5.5579644266	0.5170134972	5.4153492945	7.4710794048	9.615043914400001	0.39088909689999995	9.5888424947	2.8766015752999996	1.4563654752000001	9.832378141	3.1301400788	5.376569466399999	9.6460573268	3.2642543005	10.3934214707	2.6862749221	1.4308561665000001	3.28499936	1.7202552799000002	10.0731011647	2.0836110728	10.3938671903	7.1055972424	6.421993474400001	9.415158166	0.10350760070000001	3.5642238995	5.189835677	3.3058649075	9.8114111322	7.7174846374	10.2111590323	5.074480841000001	3.3562742813	1.7471196905000002	0.3106708462	9.4470596933	0.4626452867	10.1115873252	5.0630177431	6.8732891575	5.6124677146	1.7574369575	2.1624083552	2.7341193345	3.3125932943	6.421993474400001	10.437118163	1.1913259084	10.4667366634	1.4524922927000001	9.6873147263	9.1092916381	7.8480667312	3.4306636994999997	10.1936347772	5.8133898005999995	4.956855163399999	5.566598560399999	1.0919544822	5.977918252799999	9.487467781	4.4234709108	9.1339555955	10.053153421000001	4.7422567465	6.1305987401	0.47174497130000004	3.6525172932	0.37170731630000003	2.0891957021	4.9625791476	2.271585193	6.2227960648	4.6742290742	9.7640565995	5.394342479700001	9.8143001506	2.30330028	9.6452330493	0.7037420339	4.3073230728	4.5087930113	4.8033760415	3.0663124193	1.9560116980000002	5.532398033	2.0125764651	10.0380770529	3.5206926658	3.5680324832	8.546127310900001	4.3579738077	3.4786253607999997	2.3007429909	9.4750848843	3.8775627008	3.2014011046	5.725411926900001	0.3585531531	4.6144088809	9.6297505039	4.4998609253	3.3163690238999997	6.0235916603	10.0809832444	1.3942778206	5.3269732348000005	1.90059564	1.6543302805000002	9.6333227008	9.5876529585	1.090723578	10.4021571221	9.849250841	9.5509103503	4.8787117743	5.8198147926	2.014456259	4.3243669512	2.5617071803	5.748384809400001	1.5652219437000001	10.0074009859	5.0199884816	3.1145434701999997	9.6722592989	10.2009324943	5.0674069932	3.7157973286000003	3.7096810111000003	4.5773813717000005	9.3807358619	5.2265579882	9.7170319551	1.7942820667	1.5971048372	1.4179774062000001	9.6984113082	2.8856203135	4.5928954822	4.6612544666	10.048184690900001	1.0140890431999998	9.7162107673	3.7516180521	4.5156990762	9.5388700119	2.9014330383	4.5483733917	3.3053737904	3.4521962368	4.3099479426	5.7940696712	6.1891122873	9.3584272809	9.8750128737	10.0102018523	9.5863223345	0.5800680383	6.314754848	3.5510973923	0.0675386533	9.5831390251	0.6429862137	1.7746332521000001	3.3698818797000003	9.6080191372	5.455603827999999	2.8254655012	6.7287854815	4.3276126044	1.8087250556999999	3.8189605809	3.9341780182	6.0971893577	3.1182292312	4.3504075012	1.2253520374	4.1778939908999995	2.212760383	9.7627639034	10.1224500137	10.396607159	9.9835030849	3.8412914766000004	2.7521274673000002	2.8443788482	5.1266236809	10.02065251	1.1196111554000001	6.7726127145	4.9864897572	9.8710335047	9.9161338893	0.702160757	9.5796441701	2.372249968	5.7830399048	4.314769635799999	10.6116659507	2.6508278497999997	6.421993474400001	9.737178847200001	10.3372544095	4.5733931131	0.9153573618	5.7145472784	9.2595313912	9.4127846019	4.4618380112	9.6648798727	9.9643011191	4.9319437776	9.8757146251	10.1169809719	9.628131911799999	1.3484893519999999	9.9315061374	4.8744325882	4.6613416928	5.504053294099999	9.956637863	6.4972678298	5.3649817941	2.0058035036	1.0877896806	9.9069794291	4.6403110173	5.9976810363	2.6811669565000003	5.5394024969	4.7206013229	10.5797495643	10.6020875999	4.6232382237000005	1.6335963669	3.6523288881	7.6057756654999995	5.1487468102	9.3896519988	7.4735823078	9.8989111188	9.9180087119	6.4294628274	6.7879631103	9.7508305833	10.2373001317	3.9177677867000003	9.6721595448	10.2015875125	10.4540410808	9.5018892289	3.6854806131999998	6.668671926799999	4.4180812276	9.746381419	0.6104337593	8.9216022715	10.1625990687	9.5256551625	9.9193425742	5.3594581829	9.9755207492	3.5036746713999998	6.7676590958	2.1872724398	6.421993474400001	0.7902226695	9.7454061682	3.8243875367	0.8369848976	10.283851009	3.8488730531999997	9.4073275759	9.725993907100001	3.5825607613	5.9608803445000005	9.9010204858	3.4013293708999996	4.4692777714	1.7210630246	10.0042662178	0.22310458379999998	10.1113621078	2.8000094819999997	5.585774238200001	9.6159071672	0.1074295159	9.6236293452	5.5108504824	4.511592819800001	9.918516244	1.9480688044	10.4191113957	3.5393846563999998	3.695893622	2.6211138758000003	4.7560442843	2.11536383	2.7987643492000003	2.4162828785	2.8499194220999997	2.2669991438	4.0870141017	3.4431012188	0.2991075505	6.248242133300001	10.121583074	10.0028454957	6.4991292934	3.6372962118000003	9.634714187	6.354288284500001	2.2658564541999997	9.6708924797	3.8519691825	6.158135463400001	9.9913462032	0.06822289549999999	5.4119402179	1.3725555319999998	7.5548923262	5.6529732728	4.5634838386	5.1979981797	9.344897874900001	4.3899230121	5.3297232071	3.7683761874	2.2134499136000003	3.2084337999	0.5347257851	2.8342021318	9.390015205	3.9986759843	3.914245091	0.436755567	10.2365583688	2.9619464394999997	9.9584170189	9.7057226851	3.9159550083999997	3.956051708	4.311278654800001	5.3312219336	9.7256704153	1.1687165755	3.5195066786	2.3596981266	1.0086914468000001	8.6625539263	1.4598863798	0.39689104280000004	10.0716692962	3.4194825045	9.9101753961	2.5811518025	1.8772837519	2.7866001123000004	10.1539778687	10.4216674437	3.0573967604	5.7175260226999995	8.9022503117	0.9408068706999999	2.7816628103	0.7558825379999999	1.2332882266	9.693920800599999	1.7645026539	5.1938438665	9.8937443717	1.9097567743000001	3.2261150802999996	4.283041433399999	2.6321773096000003	5.4228125669	6.421993474400001	4.1524374802	2.3742720712	6.2211596197	1.9186426111000001	4.4021070351	2.0197296863	4.489333457	5.4349412037	4.2801623262	3.0055364657999997	3.8766154262	0.0904195962	3.2046745093	4.1696933661	4.3937078812	3.0983411086	9.601302605299999	9.8058066434	2.6800613741999997	6.421993474400001	2.5011041499	9.5514345455	2.3279939393999998	3.2319822445999997	9.9298973385	0.1570478787	9.6537621503	9.565638937000001	2.1395575867	1.2517624937	4.2868173263	10.1877815874	9.7934330149	4.5441595637	9.378333847999999	5.223875140400001	4.7317626555	9.541004125599999	10.7345227652	10.3256088638	2.7698585091	9.7361288558	4.3079343598	6.2202387373	2.9729459761	4.812379062	1.2708680005	3.6590972517	9.3894678187	5.1897590216000005	10.3773935448	9.5455377797	9.6908418413	4.3768877358	4.9061834256	6.421993474400001	4.7660267864999994	2.8655772783999995	1.3916434645	3.3826890451	1.8644079738	10.378082733300001	6.9278249042999995	3.1819476172	2.7422648613	9.4992507965	3.4557779785000005	2.0249029359	0.6446739259	8.1846555017	9.8356955757	3.4088614804	5.5530142058	0.7748226834	2.0964235616	5.2216204911	10.0633618534	4.667935803	10.0525078221	1.678631384	3.3835661803	9.9634587126	1.3178264623	3.5527974518	4.666023579	1.1826740434	9.9029019263	2.4310384161000003	1.3521218225	9.0977462886	9.1344350408	2.088810881	10.542667146	9.937966665	9.772413779199999	6.3527919228	2.2525136798	0.0375917	5.7308130768	2.7272802789	3.5176333226	3.6034052974	10.4201219893	9.9067430787	1.3444729922999998	2.6740801611	2.8891951731	2.793492954	10.1245083639	0.23770858820000001	3.1386689894999997	4.2420286136000005	3.0791373099	2.6883790319	9.881531174600001	3.8208568658999997	10.010183813	2.6523907486000002	9.8511653194	4.6450105357	9.9834296003	9.4593872855	1.8095524611000002	9.7712147097	9.7445618026	1.3313127765000001	9.1459799246	7.223117651	2.1768431703999997	1.9856564375999999	5.8238019676	10.5626193176	4.14655735	4.8663196614999995	9.8145325377	3.188267443	9.8521841162	9.9206271155	10.2090121648	2.1195856797999997	3.7790828815	0.5068034821	4.513770496499999	10.1891996407	4.3275069451	10.2390572907	5.7756317639	9.8524335616	9.5524847981	4.2546033074	3.0694646060000004	0.5536387039	6.1341128715	6.9428473821	10.4171729075	7.0510076413	2.5558888775999997	5.2641908819	9.7025215084	0.3350530913	3.0658098812	7.885301038200001	9.776010572899999	10.521162779900001	5.2414576917	2.8404445506	2.8512343722000004	1.8530197387	7.3264052092	3.0993777002	9.3441951799	9.8778964499	4.5076799164	9.8662694003	3.8242667857	9.245352171799999	10.574175396000001	10.2309117923	0.5409490714999999	4.7423030275	5.7916337905	4.597162690899999	9.6396664439	2.7603312062	4.6709776225	3.1677779211000003	9.733224417	2.2314756212	9.797982788099999	4.0589736552	3.7046644697000004	9.6296278281	2.8222366116	2.8368862462999997	10.125319477	5.9659971746	4.9597957822000005	10.4475568614	9.9798616145	2.5901052692	3.8207893089	3.4878184756	2.4572731413	6.0914882003	3.3873161987000002	7.901577093099999	6.996962916	10.1087858845	5.482669790399999	2.8453478866000004	3.3816872723	10.0286971088	4.4456595576	9.4323694051	5.1690490523	9.6114593836	2.159456113	3.0464422223	10.5094996834	10.3091818315	0.5744712055	3.6765425524	1.2791698654	1.6812493165	3.8192196915	3.7383951133999997	9.7232677364	9.981035181900001	9.891756063099999	3.7019734182999997	10.2563211037	4.3626605479	6.421993474400001	3.0029146124	10.1941748598	3.8977858214	9.9108549316	10.2035706674	9.3976926983	3.0392246604000004	2.8702678666000003	4.9964492516000005	1.3539449887000001	2.6474425632	10.2030799143	4.388486851100001	2.3070684586000003	5.6384502962	5.7244844526	10.2599947598	2.7181210877999997	10.0872102569	2.7398411096	5.5948698685	3.3086732141	1.0067990286	4.612354768	2.3335432699000003	3.8922111668	3.330609898	2.4649485053	9.8994336752	3.5983819793	9.7988467718	7.1520940364	10.3796879125	4.2789156938	9.633996668	5.2632514532	4.942733630799999	4.7012069044	9.996769028	9.822171282200001	9.3636401546	2.0990297624000003	3.9491974917	4.8027466463	3.0198286289	1.425278765	4.7816942154	3.9070410276	4.7472081698	2.4545177259999997	10.0662351483	3.6475697111	1.6603128491999999	4.0590646544	5.2015519018	2.7507867202	10.1021031647	9.785074975599999	3.9660356235000003	2.3508984216	1.7853774067	9.887806086	0.6821635918000001	4.7582982768	10.059746464	3.0821935088999997	6.4987233563	6.9240573827	4.4953521885	0.8930299043000001	9.459444983400001	2.2690232259	6.421993474400001	2.1533166284	10.6848238007	9.6835554083	9.717452805499999	6.855419987	2.3965964233	2.9498132348	9.812081596799999	5.5135477526	9.7324222223	9.6726190053	6.5625220886	9.915875500599999	0.3989370544	3.5939772789999997	1.7840120051	10.0308666532	0.8122019281999999	4.9335526646	9.5119791897	10.3001520839
FGF9	3.6700745934	4.9363372643	9.715691636599999	0.0314674227	9.8575623272	5.2022594036	6.069467485700001	5.0865576986	1.1729417254999999	4.88615517	9.7155463854	4.6196249812	4.74288311	5.592896172300001	2.5054320128	0.0709946021	0.62831494	4.2548424222	3.0195288576	0.3469589351	9.4721025552	3.3603625333	9.6811379897	9.4468402753	2.0581579499	1.5761164876	0.8866945064	9.5950420745	3.106824173	1.7125128137	5.2204388793000005	4.3382571549	9.679506009099999	5.2523559385	8.5078070725	2.608294279	2.760455312	3.3655434393	9.294532910700001	9.7785066497	3.4686559933999996	2.2579198874	1.5582608513	7.4826315134	2.9668657163	2.8634888098	1.4918333077	1.1034867048	4.0790822681	4.6607015894	9.2751469969	4.6766733659	2.9896513851999997	9.824890179	3.9282698282	5.098123088	4.9804936754	3.8271097208	2.1898801058	3.6234196342000002	9.6169536663	3.9246183970999997	9.533416127899999	3.0923102217	5.4475643103	4.3107836757	5.2506656333	0.3718756617	3.3067279475999998	2.6204489831	9.7903203477	4.7275716105	1.6379244065	5.1567098518	5.8875862826	9.9968444402	9.8149270959	4.3870304567	4.6712533177	6.508462715399999	6.421993474400001	4.1706450816	4.4818704949	0.3755998162	4.3148203411	0.0663818452	1.8912270166999998	9.8253822251	4.0176907287	2.4911578036	2.9327263095	9.755077782999999	2.1215450533	2.9404943101	6.6057166501	2.1186677004	3.4287998913999997	4.9531767658999994	3.4641903863	5.6824300975	1.4489669118000001	9.6333146852	3.1866950727999996	5.3015078574	0.7451734413	9.831849463300001	3.3805648843	2.4271223279	9.798429135700001	4.3327702832	3.8736668177999998	4.0947330859	4.7169831383	3.1889538043	0.8653888390000001	2.9348399433999997	5.0716120683999995	7.8928400978	4.3878151839	4.8901840155	3.8399108610000003	3.1093843581000002	10.0086441474	9.6828668415	2.9837394871	5.2475771841	4.3146169706999995	5.0336825702	9.8182693277	3.8916601126	0.9204891659000001	2.1322357735	9.869060120599999	2.4573740034	5.8002273744	6.0228362824	1.4473459159	3.7276092957999998	4.2727866044	2.0973400355000003	4.1803945066	9.6810065165	4.1259348984	9.1378914003	2.6706302816	4.2088420337	6.6199307763999995	9.890970167	3.0580733845999997	2.2780081448	3.4843274635	9.6221989693	1.2589245109	9.2466263243	3.9064961931	9.826519565	2.7586327548000003	5.9854792019000005	2.5019549856	1.5905693796	9.5772368435	2.9058605777	5.418429380399999	4.3678233183	5.0593265403	0.7652341779	9.562007536	1.3617187563	9.758085812200001	6.7738386419	7.2707800130999996	6.2440080305	5.8726840476	9.7199411674	0.49875026780000004	0.7317321333	0.6755565358	3.2151862481999998	4.0219603137	9.9363554482	0.7613240043999999	9.6879435039	3.7673817822	5.1094607522	2.7139011836	5.7443030735	5.7373886386	4.1302756801	1.1986342006	4.7687264056	5.6482905553	1.5407772491999998	9.521698070900001	3.2539650831999998	4.858061831700001	4.5774506623	0.6484389957	2.7987034223	6.421993474400001	9.093222039	1.5257867996	5.0349037032	3.1422783258	3.9131777177	4.2964351477	2.7733544299	9.338421674700001	9.6812565242	3.3215769562	9.8266745092	9.879492949500001	2.1873277248	9.4565072293	9.7699015427	5.1829412073	3.5404192063999997	6.206599584199999	3.9069405405	5.8999469777	5.5125939765	3.9526247048000003	3.2389875725999997	3.8195283156	2.8169068147000003	0.7851955073000001	3.5969220351	2.5962084143	5.1103611076	3.2804601968	3.1884605083	1.110628593	2.7542898108	3.6391883156000002	1.8834064614	1.8824392634	9.5487605236	4.1251564041	6.421993474400001	1.5397834948	1.4023368703	9.5741229309	0.0809910591	3.0464055729000004	9.3995408138	4.0460321606	7.2991207214	2.3842550680000003	4.172878279	5.1132062237	3.9363408283999997	1.7810705453	3.3312455991000003	2.6412169908000003	0.8797843036	2.9801994751	7.105586605399999	3.1173797789999997	9.4662998414	9.509144705399999	9.769415185	9.676263844700001	3.4786358323	9.5762341025	5.1536664533	4.1227017784	0.8299784165	3.5625846689999996	1.2579093436	4.3528357469	4.6280461838999996	4.1048461138	9.6454426078	3.4219533162	2.8696370044	3.2151518094	2.3732067463	9.366702224500001	5.3254857174	9.5427553949	4.3709752187	9.3405079982	3.1464112977	3.4981245611	9.4505821833	5.4044259284	4.9268235922	5.154916039100001	3.839853026	4.4713386579000005	1.0970493682	9.477397977599999	1.3600928981	3.2040768619	2.3806698309	0.716232137	2.7783560572000003	4.9568121307999995	9.6961033371	9.6356219014	5.1482600135	3.9088653527	6.5420668566	9.913437742100001	9.442541027999999	3.7628878539999997	1.8914070459	1.1476204712	1.444781135	2.4969333088999996	4.5281904329	5.1841553352	3.1749160993	1.0937682641	9.5060034318	4.3982794003	9.3161276569	2.7478238819	9.636059066	3.5808096894	3.7659769799	4.3004264138999995	2.584551243	2.6487028095	2.2835892788	2.4201974306	9.9194237752	9.328144695599999	3.8829523814	7.4259472893	5.1081384606	3.8656851206	4.8974566906	2.6248296543	3.0113564695	2.4112421414	4.4600957392	8.2435010891	0.1040532142	4.9643068772	1.8572363143000001	1.1168065381999999	9.7207322818	1.8074539131	5.0410455694	9.6209061298	4.1390058724	3.9697031806	3.5414181166	5.140023172099999	9.7829149928	9.237532180399999	2.3796427555	6.421993474400001	5.610206063200001	3.1770370761	2.65415209	9.4671347161	4.7602913154	2.8645541233	0.9280709065999999	4.2434385529	3.6279260739	3.9917124867	1.1868138434	2.6857369857999998	6.3441809742999995	5.2890703272	2.5411769712	0.2598917228	0.5908438346	2.465865424	3.9033050431	4.5810715949	9.782548326	3.4683447009	1.259921802	2.8649836522000003	4.5443146161	4.3638747693	3.30364219	3.6171679331	0.34930184270000003	9.7854874238	4.6081813309	1.6644317318000001	6.45339635	3.5656613513	3.1878457155	9.5022227515	1.5842457912999999	0.5943340813	0.9504314745999999	7.06602223	1.3316095837000002	0.7695941393000001	5.0299730499	4.1045095218	4.3651295745	3.0494743373000004	3.3585998319	4.6596216443000005	4.5130259394	1.8694870516	1.3045608622	9.8587434928	3.2667042583	1.8761645815999999	2.8181518674	6.779530948400001	2.7102106185	3.1368928098000004	2.597465473	3.446223635	2.7431752202999995	2.4885171599	6.29169957	4.015093146	5.4844496514	3.7572494355	1.9662650385	0.5441804894	9.985959711	4.8240480045	9.4125979919	5.039867688	2.4780167978	9.6319344316	1.6658434122999999	0.1429883589	5.5355157020000005	9.7025728574	5.5641074181	4.3362725722	4.0584032604	2.1273479366999997	9.1109037658	1.8164019968	3.3678088402999995	2.6493212865999998	2.077119623	2.3402504433	9.6282443198	4.744293417	4.9118897902	9.3100528437	9.6388211894	4.2489566530000005	1.7684158581	2.7036752772000003	9.9500532471	1.2521016059	10.0009530546	3.4258857368	3.7400413055	2.5839207271999998	2.6639194357	4.8752561342	4.1508735284	0.8906664055	3.3967871816	4.573097443	2.2871075303999997	9.7477513059	5.0866270423	10.0476079227	3.7383310375	5.7805899292	1.9850001900999998	9.684703787	9.7866076642	0.4787103743	1.1684122725	1.7767918494	2.4148972982	1.0166944429	2.6735968654	2.6688249216999997	9.6677478675	3.6393600629000002	6.420092975	3.9128042914999996	9.3648625892	4.9599277213	1.865843865	4.3718436736	4.0311701253	3.9216957832	6.421993474400001	5.8089063503	2.4242009531999997	1.6059153368	3.3919222224000003	2.7121246123000002	3.8860750664999997	3.704461776	3.4322019169	4.3046582157	3.2630465382	3.744026846	4.6466621443000005	4.1651752144	5.8682515846	2.5035879106	3.5267275418	0.9853125548999999	1.6210452944	4.9888699759	1.1997985674	5.2367701360000005	3.9529990368	9.785741899400001	2.7054489756	8.77054461	4.9427698418	3.9716054337	2.9665790484	5.0467949311	4.9628874813	2.7354172130000003	4.4967799864	9.656419019	3.2283470528	4.7177934538	10.204607469299999	7.128010902100001	7.4996338617	3.3538378219	2.0827875693	0.30173823510000003	5.5965187729	2.554617826	2.5818532691	3.7221436020999996	3.4787524017	9.8462449088	0.09195150939999999	3.5737337080000002	0.8872854222	4.382337541	10.0376843865	2.1005337603	6.421993474400001	1.4031937049	1.3348952295999998	3.3821970951	6.421993474400001	2.7766920452	4.2394430918	5.6518793528	1.8192174136	5.0093876101	2.2860097989	2.8596921691	2.1686842778999997	10.1058579302	5.0995462509	2.3594399543	1.7421145327	1.7359528672	9.999176244400001	3.0449691242	1.0649939412	2.1309826583	1.3004714061	1.8091731224	4.276867219200001	9.6525747816	6.7066117361	0.0258821062	1.9040299638999998	4.4632647544	4.043406034	9.108961132300001	3.7595230051999997	9.7918486574	1.1870086397	3.0533304277999997	6.3707438708	9.421534085	5.1018309489	2.1672831511000004	9.9095129587	2.9786304437	5.2907931194	9.2477941669	1.8411377936000002	9.4373758725	9.8180012524	1.5083930973	1.9457585961000001	1.3145117362999998	1.9898380625999998	1.2351909873	5.0848575211	1.9889591428	2.9923555949000002	1.3936327688999999	1.2182412298	3.2249286439	9.4504852573	0.6614111040999999	2.6113899182	9.3638092861	3.7265694855000002	1.4992691177000002	3.4907080997000004	3.7244110854000003	0.9723429932	4.7410916451	6.7636034673	9.723061016599999	2.6179976986	2.0311911313	1.7979140107	2.7646752362	9.6101628661	9.6521212276	6.2585193403999995	1.9671856601	3.0248231357999997	2.6295067326	4.4337762589	2.7523446656	3.3780161929	1.3366186881	4.8710286606999995	3.4855012701	5.2121844832	2.2758832168	1.1814467528	4.7958004646	0.5341089988000001	2.802046486	6.236929546900001	4.607065223	3.7200697323000003	3.7475778173000003	2.7765910407	5.360673456000001	4.3876359293	0.5663944714	1.4464600297	2.8608748457999997	1.7703529994999998	2.1265180841999998	9.7121932221	0.6678373469	7.1064192043	9.3495068051	4.4008752314	5.4493472109	9.614894036599999	4.7867974746	6.481792724299999	1.4188679741999999	1.1371961214	9.3375582466	1.4751497163	4.0427666458	3.5773321342	9.6939623411	2.4757951748	2.0718981312	9.7024986475	3.551638886	1.5333521938999999	4.7728740579	3.2247255530000003	0.1013904506	9.7734533271	4.3903504764	1.8449069671	1.1015646311	5.789960978200001	3.4940400087	4.882924215	3.5738414636	2.9514061476999998	8.6857815902	2.1407223528	9.341572702	4.0999082489	5.5770775299	0.9999110515999999	4.3601324556	2.8056222876	3.5106530376	5.8520226539	3.8586423587	3.5578436114999996	2.4003201711	2.9561796967	2.0242895941	3.1703803007999998	0.4478445687	1.4876591605	5.2490047837	0.1570037548	0.9119506048	0.19011494829999998	2.688368589	0.3592685353	9.274810996900001	4.4888020227	2.9563629852999997	4.3964843166000005	5.0633952593	2.1848029248	0.1448749973	2.097794489	8.306186225	9.6271653811	3.5134510486000003	2.4524315107	2.0354313336	9.9866685662	6.7842543272	3.5828040539	3.8247725862	2.9412313124000002	9.904677904	9.4792179073	3.0641105864999996	8.654130029700001	0.9997781651000001	3.5871363113	4.9694856824	1.4282054684999999	9.6905894389	10.1452270956	5.1233958788	5.3323327602	9.286284262	7.9468979587	2.6883003937	9.2101415374	9.7621672748	9.6600413261	3.5680939666	4.4008564624	4.1657940739	3.8375939163	3.6137467564	1.7098592995	9.4140798605	8.695035775	3.1277693455	9.5103980974	4.7547958403	9.329665037	6.421993474400001	0.3056175548	3.7053917241	2.8758167716000003	2.2071871945	9.8203212859	4.9156308107	3.4045598122000005	2.3034500838	3.7637852155	3.1180244758999995	1.9450797631	9.1219284648	5.656802524	1.8243612854	5.0418552743000005	6.132993175499999	2.233833635	5.7839413477	3.6236701269	2.1103992859000003	9.8208226186	8.637043687	9.3991397685	1.4501936203	3.2046525101	4.7763416912	2.6781202599	0.4798742926	9.9112319088	9.6628211235	3.7004558212	2.3220674996	1.4801727009999999	3.1292017025	6.421993474400001	2.675729353	5.6138730037	9.606341154199999	6.1385787079	1.9692045188	9.2099614634	9.3895443371	9.715871896	3.4135505419	3.9805222743	0.3081738702	4.6076472518000005	9.5307934894	4.1358588927	3.3677555848000003	9.5435969153	2.8010117994	3.3324627512	1.1599606836	5.6619844529	4.4436784352	3.9646727148000003	4.7574661298	9.8180491551	2.0646505736000003	2.7993900419	3.5814637485	0.6102268971	0.6865026262	0.1144299149	2.0968809499	2.7485457247000005	1.4040405994	1.5745436946	3.5626458776	0.0284735204	4.3299038063	9.5070846915	3.0842818710000004	4.18332581	1.7349469290000001	4.7444569559	3.2137027481000002	3.7887286324000002	3.6511281895	2.9314773383999997	5.6243241528	0.5901732809	9.6230889209	2.6029762898	4.7138850957	0.14672093390000002	9.3390733326	4.9410914841	1.9188695509	3.5062179067000003	3.7079403512	1.4382538748	2.2258568221	5.314741977	2.1335628629	3.3002251798000004	3.7931016259	9.7533285338	6.0572595539	4.6705344135	3.8808465782	2.1529775669	3.9904170729	3.489599435	5.7540212869000005	9.4882453728	3.6020424819	9.5291543126	7.5394842673	3.9181705343	9.6352770474	2.2512482751	0.0217456451	3.804444013	6.1396016726	3.608896683	5.0791561633999995	0.8992385679000001	3.4356586868	5.7033197136	2.3767516853	9.477581348500001	3.0554259863	8.925767563600001	2.782626105	5.0906979874000005	3.7942860210000005	4.4493636131	2.1447710032	0.0683565451	2.9842757886	4.6505209613	2.8764010983999997	1.7611006745	3.0216565632	6.421993474400001	2.9924025038999997	9.611648501900001	1.1207693332	4.1748938549000005	2.6232824604	3.3060558679	1.9020762503	3.0877511237	6.0212467991	1.4893327443000002	9.8380210747	3.7162034142	9.6074133974	0.9700848987	3.3388259271	9.3538227754	1.6629574084999998	3.0421900682	9.8927759176	2.0650946298	4.2539838389	4.9258720814	3.0875555736	1.9010226217	3.5901866649	1.7755613644	1.798601181	4.9211181896	0.12345610289999999	6.421993474400001	9.7594884747	3.9279919395	2.4599373312	5.6108851715	2.5823253497	9.6628943975	5.5934779885	0.6774286806	2.0945215257	3.6132148727	2.6255763899	3.694519688	8.4604356943	3.9500444441000004	2.2388974326	3.2931890853	0.2144457949	0.3901692583	5.6125026064	4.247091623999999	3.6552440895	1.3465193723	6.421993474400001	3.1408909006	3.9876583269999997	6.9313115161	4.8212232969999995	9.5756355747	9.742593677999999	2.1959125037000002	4.8069398501	3.0931136878	5.6442441193	2.3415472116	2.066505385	4.7745961457	7.6218832685	2.2569342563	2.2199691409	4.374876298999999	3.07205846	5.6505997925	4.8011391818	4.8726131073	6.7900379892	5.3421962272000005	0.8278473859000001	2.0418734322	2.6395450889	1.1510382442	2.7783311462	9.473473447	4.7373123596	0.5812726900999999	2.9381106714999996	9.3283952701	6.0539924299	3.8787956262	2.5399289246000003	0.0190841839	1.2215440148	5.2228007239	0.6640607553	4.3890156307	9.431096761100001	2.6215205218	3.8756918275	5.8608171447	4.0312526133999995	4.6429320092	3.0854607069	9.9945261067	0.9909247084999999	4.2909173915	3.089507467	2.7089856962	4.565630565899999	9.5789712504	2.7523505863	4.098802211000001	2.5398487138999997	9.7534057646	1.4840184583000002	1.1139743441	2.8931007514	2.29806817	10.1092302175	9.3588107276	1.7232589077	2.0127292734999997	9.4461610649	9.8991843681	4.5592544361	2.7457296381	2.6728663605	4.5698138962	4.1712687069	4.4523799412	0.0652336267	9.5989322447	4.383783811	5.8785375142	9.5498449507	9.240765655399999	5.2303412172	2.9683860019	1.1189548975	2.1273199269	2.8311891415	3.2273064373	5.9336482962	1.6306695989	2.2037389342	3.3298069673	10.1038433935	1.9058840835	3.9791175987000003	2.3731217846	9.1340520186	3.8589595785000004	9.5687468181	1.9498056941	3.0009085377999996	9.8408206923	3.6425468695	4.5923742512	4.0627508459	1.4030603850999999	3.1908536622000003	6.0632008742	0.5201819215	9.5920364592	10.0618173691	10.1358671827	9.4671711451	0.016971456	3.6404192821	3.6325597617	5.6236286245	9.6611385435	2.9436454865	5.4095441105	3.6325413887	9.7114281321	1.67988786	2.347285059	2.6494584695	2.0140581050999997	4.2266536624	2.4430032401	1.0054627438	4.0516281048	2.3621869499	2.2083912983	1.8380648935	3.4201704165	6.047504550499999	9.689775904600001	9.277847295599999	1.4792717803	9.8137032823	2.8893091906	3.8177828342	4.6306517551	3.1171296218999998	9.5561437421	4.7632258647	4.7100334281	2.0791362097999997	9.904276296799999	6.1013395616	2.2071181246	9.5005522661	0.7429655794	4.079761331	4.2856747908	2.5241534919	0.3024000541	6.421993474400001	9.2762286185	6.5670310774	2.4992462682	5.2061961936	3.1314189711	9.4914641873	9.4530391876	5.7604108429	9.9652591597	9.6916870172	1.4624806497	2.1077574432	9.0807622884	4.167457279	5.4933426512	9.623281844700001	6.5285620659	2.7503721929	5.3822381442	9.2335035586	0.6172518217	2.6551308643000002	2.2640373281	4.2251058836	5.616100975499999	2.1904493953	4.1687679586	6.3961738954	1.0780418356	4.9625297092	0.0514294227	2.0396228763	3.3223572974	3.7404003687	5.811076374700001	0.5622725579	5.4991546539	1.9586159477	3.161713875	10.0062867528	9.8285910875	3.9620940728	2.2001440411	9.9849156272	2.4128103865	2.7285244781	9.9997460208	9.4329976418	3.2304015958999996	9.467613091699999	3.1600448042	6.685715426900001	2.2696230515	9.5641346369	6.099627741	5.4032489463	9.1401507441	9.7108375165	9.8693640866	4.8642929101	9.216619678899999	0.084507111	4.0563995179	4.1900309942	6.421993474400001	0.060803541100000004	10.0595940994	5.0172927668	1.2484604678	3.2861126733	2.7777856763	9.5436650219	9.2751724818	5.570718820800001	1.3258364127	9.5248799862	5.6332617013999995	1.5236741386000001	5.0331107934	9.8058666734	6.049922719	6.259757033600001	0.7344852843999999	5.1696325947	9.4522611099	4.7153590127	9.4245937054	4.3631297362	2.3583103897	9.3736808347	5.4367281115	0.7803864908	5.6962640922	2.7715092294	0.9550185998999999	6.313919865800001	1.1737145891	3.9675888416000005	1.4618669415999999	3.4064630661	1.1220342207	3.3244482177999997	5.024376349700001	6.1150654762	3.5380960542	3.1929810175	3.9384126898000003	3.1291908716	2.0009937696	9.426802457400001	1.182834607	2.532163297	9.4462385466	3.6488412617000003	3.4797748439	3.4302321198000003	4.5288632924000005	4.3361512471	4.9991155718	1.5945791792	3.0131257744999997	4.2260652814999995	4.3605747366	4.8340135887	3.6761775383999997	2.7842922369	6.002189819400001	2.5031682128	2.3446754791999997	5.378511446	3.8255004507	9.6444452408	3.4257515573000004	2.8469319350999998	1.4679659095	2.3139372716	3.8638904185	9.90437386	8.9145005691	1.6806457463999998	2.0142490134	1.4584171279	3.4648575039	9.833296749199999	2.2708494396	0.0252625521	5.3303456564	6.0917636974	1.2536454144	0.9304125168	1.8871235208000001	9.479534148099999	2.2214386771	9.5928572358	2.6649306741	6.476737314299999	3.5564247289999997	3.861148076	0.1970013823	3.0928417737	0.0072604104	4.909244009	0.4220176493	2.4601422886	0.08311703690000001	1.393123202	3.471478264	5.1164985073	4.6050736614	9.62487424	1.122631168	2.0918860647	3.8807964817	3.3332761332	1.3863233037	6.421993474400001	1.0507755143000002	4.5328470338999995	0.4299999507	1.2868987379	1.1793025733	4.3542569644	2.7746588162	2.7400686727999997	0.6509184607	0.7298437361	6.6062349165	2.2433565106	4.4308700063	5.4072565828	2.5884263015	3.3612454476	1.0533588314	9.8286619451	1.4632018847	6.421993474400001	2.1962863133000003	10.0178375797	4.7577185083	6.5108514324	2.7505953125	5.5153061199	9.5776944537	9.8489221742	0.8732073398000001	4.9881754707	3.6088277922000005	1.1824859072	9.6507508408	3.3604796632	9.259058015399999	5.181289720400001	2.6790658266	0.9461436348000001	2.7211028461	2.9602183938	0.8566666355	9.6085288236	1.8238621262	4.0468653153	6.8139865649	5.554476004500001	0.431391993	1.1736892984	9.4982510659	4.2557198168	1.4290743973	9.529068213099999	2.7371904139999996	4.7841249712	2.4126680914	6.421993474400001	1.6373314461000001	4.6157273581	3.9931659638	5.5587021085	3.1460175665	4.2189100626	1.9385973	1.4524222166999998	2.8843213121	9.3880817254	3.5427149758999996	0.2078594509	4.6633535627	4.1814217449	9.1418712067	4.4114001170999995	3.7882450876	3.543972495	1.6158408241	3.7469427818	9.6064374945	0.5832548252	9.8166816787	2.1225319008000003	4.3847056633	9.1644403598	1.8206091265	1.6734979509999999	3.2303089524	2.4685367981	9.187525305	6.5318921558000005	2.8992107313999997	0.2605646543	9.566526720399999	3.1141190358	4.1479458023	7.4530628642	9.7899014102	4.6468956085	5.3307192667	3.5249789283	6.0341134404	1.9846067859999998	4.1709470294	3.3648248170999997	3.4851062479	0.7540449787000001	1.5147023863	2.6777103838	4.6454037489	3.1808141325	9.335116238200001	2.0751240939	0.7007051115999999	5.7253634731	0.8837434948	2.8834132902999996	9.3221009985	4.6508019725	0.37843594070000003	3.3043479074	9.6407948062	5.333371522799999	9.6530235418	9.6687831377	3.8187120963	9.8763297086	9.655460144800001	2.8138054951	3.270702076	1.2718424253	4.4843426614999995	3.2279309066	0.7659870343	3.9402062585000004	3.8297677725	3.0823527863	9.469985191000001	3.4633171236	9.4482812909	9.8194910084	3.3142620743999998	1.6542526197999998	1.2959267643	3.3621331311000002	5.0383111042	9.3299163615	3.6439494133999997	3.2073413861	0.072471078	9.541410962899999	9.4507776432	3.9306542672000004	3.658868197	3.3033168526	4.6120127815	2.4187082483	4.9993983715	1.53458352	4.7654643983	1.9887553067	9.586154795599999	2.7956813376	3.2318083356	5.0935576607	9.5965059996	4.2032405935	2.1244691456	5.9723592661	3.9718076946	5.6094492248000005	1.3834713228	5.4463796151	1.1775802237000002	9.2094207668	2.3979016655	1.9494374215999999	5.1459811450999995	1.9593482930000001	1.699943653	4.4067983639	0.6664901126	5.2742125237	2.732541377	4.8105808238	9.8714402385	2.6958974029	1.3013507009	3.4741709482	9.217615554	3.6802022875	9.683356163200001	2.4508745186	4.0700424106	9.2652074235	2.3005886754	5.2935463276	9.153525978300001	1.4570417163999998	3.5520272838999998	2.4150951312	1.340733245	3.2229028794	5.706416333	2.8807789918	1.3590212514	5.1568259682	3.8475865463999996	4.900360387	2.7330922320999997	2.2781327166	1.9643331643000002	4.9149141546	0.7710580918000001	9.8402604496	4.5198633491	9.96683148	4.1672170827	2.8588642791	1.6004980742	2.5382136994	5.76976102	4.0635402754	0.1781887264	3.5185647976	4.9942824449000005	0.863917485	2.5449022845	1.3221759637000001	2.4504693307	5.735040371499999	0.8355571654999999	0.3462892246	6.9211885088	1.1710345775	6.421993474400001	5.0345596746	1.8357457897999998	2.6947345545	9.6086063232	3.9334584347000003	9.6809326007	3.6880046983	1.9405613687	2.8985556321	2.3191699863	5.1206605076	2.9704803795	5.0428500225	0.721306717	5.1873606425	2.6696682701	4.5269739462	5.5704344124	3.7411847744	4.6608798633	4.518697483	5.1021710226	4.9399701406	3.5491115539	3.1432138577999997	5.3335134621	3.5121494252999996	4.6383664245	2.201614171	4.1598103065	9.8093319578	0.9381923395	2.1363919792	7.6827654288	9.8159761076	4.3171795779	4.6337176025	0.45003807659999995	0.6800842477	9.7453479682	0.6196243208	1.9128508900999999	5.0899214769	6.756903652799999	4.9286379061000005	5.951670889400001	4.9731956077	5.3222092903	4.891211012	5.9648340965	9.815257559800001	1.06003709	3.1651136050999997	4.147943322200001	4.9138967798	5.766064994	9.9726419868	10.1842665882	1.1431160287	3.7683992723000004	2.3601206272	9.5640893746	3.8979938387	4.8107217725	8.800861207999999	0.5629280019	5.5188356825	3.6139916291	4.1135925163	2.6020749294	9.128567839	2.8914665807	6.421993474400001	2.9756864888	3.2366914336000003	9.8054968833	9.9041778252	2.5042749702	3.1616247966000004	5.9237651295000004	9.9407868216	0.8788782394	3.6625559043	9.9024051229	4.2114008998	9.6778274194	4.9972571729	3.7202133396	2.0622308864	4.0279030169	1.8257066273	1.1876289117	4.3346841401	3.1179947851
RSPO1	10.4224650117	10.395628688099999	2.8673148373000004	9.500928782999999	2.2524568202	10.5350301153	3.5843736916	9.789962044	10.6516623909	10.5941800843	1.5659662337	10.4431908674	4.4877420466	3.7267578517	10.377476188400001	10.236629859099999	9.6270268569	10.1140657725	1.0398194487	10.724974832300001	0.7961818781000001	7.7275031788	1.7775011465000001	3.9191458082	10.5892941	8.4086695023	10.5255154122	2.6358126088	10.4567053138	10.31234599	0.6697813881	2.8578766749	3.8318209696	5.9482734666	5.0196384444	1.8614739815999999	4.1389346217	1.6250335984	0.9272673359999999	3.0746414368	9.4773802226	3.3520983574	10.508815703	1.8316694563999998	2.3630078854	10.113139932000001	10.601664036799999	2.909336162	10.5319822265	10.404619782300001	3.3590379158999997	4.4085103354	10.639632472799999	1.6186818364	10.3410039045	0.5479502493999999	10.4825831782	10.779074426700001	9.3255383216	3.5597608618	3.2906159694	1.5467324977	4.3739561611	10.425396152000001	3.3411811188	2.0430424983	10.606167961699999	10.1945251537	10.6418414008	10.3444127502	4.7130309345	10.2783066099	10.4483235969	4.5555647202	4.8090763469999995	2.7971900687	2.5077092919	10.659566502799999	10.2032247849	1.3113307805	6.421993474400001	10.3011278387	10.6657379685	9.9958282045	10.1991506326	10.617220766900001	4.4231140319	1.9310658168000001	9.9795653745	7.8868832377	3.7679041402999998	0.08487901810000001	2.9416326410000004	10.0651567486	0.8962732662	1.7494433307	3.3540412005	10.458391257999999	10.429581929400001	4.9216811067	10.5074016367	0.320905645	10.5625618363	10.2411558522	9.9006882938	1.4408053938	10.4117960208	6.9480709021000004	1.9609403038	3.9300227177999996	10.2642434045	10.4275401075	8.3314101113	10.297817917	4.9469758629000005	9.761204814600001	6.6237579444	3.80810584	10.4820150883	10.237129992	10.3382895003	10.6389971661	5.1845067409	3.6626722643000003	1.5938819516	10.506933484400001	10.112783011900001	10.532768679	2.75669513	6.530276616	4.4286559549	9.4332185759	1.1026353996	10.6175000161	7.2592774254	3.6840219339999996	10.8360383691	10.2130973666	10.907388626800001	10.3996359239	10.1666725523	3.6235487662	10.7012135823	4.0592021204	2.1729587713	10.4448535301	1.6883819493	4.1378189362999995	4.5479273182	1.2388351008	9.642384931699999	3.0155700513	2.4279140225	3.1273136315	10.2033063828	1.9448402434999998	9.9225679724	5.1064683821	10.5163617437	6.9733642249	4.4170222398000005	10.0533852641	1.2216422434999998	10.3509381824	4.401153402	10.0279236443	1.5282304303999998	10.5877030206	2.8652145083	10.4056631343	0.9355504091	2.2871043313	5.7643291799	3.3087032974	10.842382759000001	10.086510473099999	4.4474807175999995	10.0355672792	3.0204121050999997	2.0487279196	4.1230653867000004	0.3758377124	10.2612768915	10.3586554206	8.5720251092	10.205374462	10.5948592233	10.3761278905	2.0328522646000002	10.4837185512	10.4077213103	10.3916025064	4.8316531964	10.7319241323	9.1522962636	4.575719515	10.24250993	4.752936779700001	6.421993474400001	2.4026602158	5.5917185403	3.7644341295999997	10.7505218421	10.1392759217	1.9270119738	10.9013007376	1.2040544984000001	3.6545100416000005	8.5735416372	4.4609826766000005	0.9069941557	10.5399490446	1.7211668141	1.7924718625	10.437831558300001	10.2099659991	1.7552726571000001	10.783931629100001	10.5147453066	10.9062329656	4.975910245400001	4.6860002836	6.7739403014	5.556637081900001	10.8294862273	10.2040635599	10.4044880138	10.618156903200001	6.333987602200001	8.902436273200001	9.4247220004	10.3383799404	10.118652169	0.7638642805	10.5433519819	2.7621283663	5.722993777	6.421993474400001	9.9527536728	10.7022607433	2.0158201062	4.6448422142000005	10.354500372	2.8517231768	9.7429490025	0.37940596990000003	10.4552914663	9.7105861894	10.297045835499999	3.8238206336	10.4786231578	10.751355269000001	10.205704234199999	10.537767539299999	2.5230617656	0.4387183648	4.497280046	2.9098281319	3.3012304587	4.6582580102	3.0877724583	10.1057049976	5.6083304262	4.614946739800001	1.9377956901	8.5757815739	9.893168363500001	10.637557476900001	3.1463387722000005	10.360731923200001	10.1283453413	2.3926651497	2.7931402211000003	4.9360519623000005	10.0472141878	10.2336714997	3.3496737302999997	1.4997398485	4.4231436332	5.5262681992	3.3343855756	10.3859664583	10.5659292963	2.211788178	4.4886561444	10.088958825599999	10.3095827987	9.724425068	10.2665345152	10.0002770819	2.8803339342000003	10.7311060644	0.3729584582	3.2252103524	10.306769301100001	4.187380177900001	10.4195978262	1.431468514	3.3626666491000003	0.6783420842	9.4925839154	7.6497214755	2.1811905072	4.1052116922	1.9409543619	10.5692091754	3.3516530719	2.281626825	10.2025761429	1.194095811	10.638254194	10.3196722078	10.2957053991	1.1152455993000001	10.4627363519	0.5232762743	3.971455077	4.3011601099000005	10.3688746801	4.0157022829	0.4328149608	10.4649378614	10.3504463816	4.3666732988999994	10.3125621036	2.0288723218999998	0.2608586805	1.5042832887	3.0808935766000003	5.2188665508	10.6109188182	9.571495647899999	10.1886529195	10.6250485272	9.680840192	5.420343750900001	3.862600702	10.4625183305	10.4289231427	0.3409262769	10.2309461596	3.6127194920999997	10.0250927461	10.4275969537	1.2907018331	10.297997604099999	2.2239530551	9.7027649198	10.0297091913	0.8264016944	4.5350591344	9.9668772648	6.421993474400001	10.4725999798	10.9135889053	10.6441035298	5.903495218	10.8006462531	10.6953792971	6.2971468561	10.0932959463	10.0444881714	10.0757609527	10.5687939794	10.9220288661	10.313995634600001	5.9346373667	10.4439905853	9.5735954791	2.3233386886000003	1.4333357294	10.1304628732	10.4275979759	0.1981353026	10.5380834226	4.5036716708	10.4331122577	10.8282625764	10.2035426595	1.3287978625	9.6984662221	3.2956004427999996	3.4633826208999996	10.4563289123	10.3218394618	2.2862579005000003	9.303204547	10.5971808592	0.4503535411	9.8960849284	10.605482520499999	10.4434258181	4.2121344941	9.137501548200001	10.3128534033	2.9205731982	9.8792722268	7.5880836938	10.763562088699999	9.8234344373	9.1971137573	9.8098603406	1.3843945061	10.4502257273	0.8699596551000001	7.4532484922	9.380939468400001	5.3901941468	6.116710501	10.3809960867	10.7212906014	7.0201742754	10.6705354178	10.6237922587	10.4729975234	10.248791491699999	10.5031631167	5.1864726312	7.7282513061	10.092611797	10.0509678027	0.0426028059	10.1639291937	0.330530889	10.375634420499999	5.1124661382	1.9201375293	5.1998205330000005	10.2715499215	10.516646508200001	2.7300935964999997	1.5763210192	10.5434517208	10.4895618955	2.3008042423	1.5702373537	10.7756282421	10.0189695487	10.7283886478	10.2319664473	7.305043319	5.4054587630999995	7.5490556587999995	0.7094920483	1.4480562136000001	1.2901603837	4.4549536944	5.3239916799	5.5615627609	2.3639611023	10.1724303024	1.8154173630000001	10.177393763200001	0.6248129299	8.9864612361	10.6484345704	10.5645351646	9.9342280284	10.6528751467	3.9069652487999997	6.093593205	5.2504767965	4.6257309968	4.700518471600001	0.8693352586	10.3897913858	2.4169594555000002	10.5311289553	4.4302748302	2.2459346379	10.5395599676	10.5285184557	10.2747752527	9.9673068291	10.3543082361	4.4180862738	10.330848699099999	0.47903204270000005	10.610801520599999	4.8131020287	0.2981971732	0.9844332275	5.0111409328	5.5974958277999995	7.312178730299999	1.7569817661000002	10.2738124619	6.421993474400001	1.9037581272	3.6548111974	10.176677643	10.5770649615	2.917132612	9.0831126951	4.0267445983	9.6194525147	3.3129832762	5.4267478491	9.720959177100001	10.4853164292	3.0528018207999996	10.3411352657	8.4379767103	10.100342855700001	7.6601577526	2.6429048848	10.009427435	4.7652967675	3.5204951618	10.2872519515	0.3682569056	10.315669075299999	4.7649529406	10.35875758	10.5814647934	9.2283335692	10.493247411699999	9.6281725891	10.4124443954	10.1168102745	1.6456734513999998	8.9149767395	6.1445072611	1.0434543268	1.587357535	5.7211953843	10.527959706	10.4246556349	4.3466188496	3.4603219718	9.899998672899999	10.550208094	3.3962928031999997	10.5460752609	1.0466009495	10.4296723959	0.7332461199	10.4585452418	10.229758027799999	2.3616852975	10.583459206599999	6.421993474400001	4.3559136419	0.2208734973	3.7473898984	6.421993474400001	2.7061375163999997	10.6666694059	10.4352561248	10.504561402	1.3690749818999999	10.8232207079	0.4460908741	10.449517963	1.9264275955	10.5214342762	2.4144657086000003	10.4168749205	10.155958188	4.2954988833	9.9907421002	10.4337538061	10.7865106273	9.5172638465	9.170921144	2.7307003449000002	1.0844062270000001	0.921119693	10.3572535291	8.4776596363	5.1369255906	6.9077973777	2.8204479961	10.273559394600001	5.3379022998000005	1.5691003326	1.6507592703999998	4.8371033148	3.3536451839	10.5251115256	10.2371099827	2.7773887858	4.1753176649	10.4809024578	5.2695418472	3.2207652327	6.5363396689	4.6017905211	8.7241023154	10.2457563957	10.7504670597	4.3743180954000005	10.7264728914	10.3363465487	3.9562177759	10.3455628226	9.8797337759	9.2089757189	10.768215144300001	1.5440134643	4.1221196353	0.7357836629000001	2.3052563232	10.5061567895	9.0224671875	10.4730755338	10.4273713845	10.4134868298	1.7069624378000001	4.3162934287	0.012206349699999999	2.2921796953999998	10.307749849299999	10.0998778488	10.0626888964	0.9057970648	3.2336065421	10.6487004897	10.4584633466	8.7812571233	10.5676046431	10.4665254889	10.073782814500001	10.369726159099999	10.6774461913	7.4459621078	8.3678688003	10.670019529	2.6507069834	10.2087519424	10.3116375722	9.956214643300001	10.1951819724	10.392866715	10.638797667	9.12688246	9.8215284616	10.3260294572	10.9953636543	7.5896668524	10.6222985639	10.1945362013	6.343620447799999	9.8877720366	9.9902908001	4.5257832076	10.4000297861	10.8364879289	3.0020687773000003	10.362855054299999	10.3755616945	4.7860052119	10.3396890341	4.7661431217	10.5087784809	9.8170224681	1.3444106462999998	10.1991991077	5.6372182396	10.4661517064	2.4817286472999998	10.4389330117	9.758264479700001	3.8679491187	10.719054049299999	5.0454577591000005	5.5251345427	9.2632666571	10.3307487508	3.2820155557	10.2932109395	1.5152117878	7.0421408655999995	1.1246759772	10.583307528999999	3.3666824566000004	1.8401362100999998	7.9402674385	3.0635896406	10.2612485768	3.1591609412	5.615853174600001	8.3537879942	10.0544239451	10.186974774400001	4.3108139661000004	10.4631236461	3.2422895908	10.446273765299999	9.816950504	10.560881646	10.244099203300001	8.3142416648	9.698109302799999	10.4222886353	10.2424181593	10.6457717608	9.471763574	10.4237986938	4.5569296724	4.7450263898000005	10.6114916634	2.9738493894999998	10.0851148098	3.6197975033	1.1584028946	7.8516106842	10.4981615871	4.9729351097	10.4919635875	2.9261237952999997	0.8115374822	2.65102429	10.0142334297	9.7894561159	1.7240366265	3.5299399087	10.4518813889	10.4166270152	10.2194042298	3.6108027323000003	1.5411953532	9.542347619	4.4883606673	3.6650888822	2.9656271261000002	10.8299395758	4.6778477026	1.217513382	2.2144038857	10.174977698500001	2.4467558642	0.8512943836	0.3607536263	8.890320801	1.6854176012	4.0463202618	4.948095953399999	4.939509323999999	10.4388575323	10.1674468789	5.635576455	10.470864670700001	10.6232808704	3.0010248012000003	0.6442688709000001	10.4165552508	3.0993608329000004	9.1644224932	2.5607335662	6.421993474400001	10.2581753498	10.389466563200001	0.2403612216	0.7163897919	3.4937626855	3.1128995263999997	10.4463765478	10.1206653951	4.1434269163	10.524064616699999	10.4390243604	4.7915177366	1.7843503152000002	4.1655588408	0.1467847242	3.0761071037	10.0372773539	5.7813264309	10.6041284701	10.5192285578	0.6123383878	2.7173811244999997	3.8973687855000003	10.7851821192	10.6782705117	3.0102110623000002	10.5322851425	10.4907406011	0.4405059039	6.667345897300001	10.431458194600001	6.7543724455	2.2107711773	3.7142242602	6.421993474400001	10.6995568669	10.4523810755	5.576175639400001	10.213489921399999	3.8499848333999998	0.4552886814	3.3692300817	5.3429061715	2.0949758900999997	2.5467525552000003	10.4262556135	10.3633757647	2.1074888416	9.8648305549	5.3270952813	4.8991478426	10.2614966914	10.0893606736	10.643159047200001	3.871664638	10.1522605674	10.4375092656	10.1402759115	2.7817164036	10.6623405822	11.0279355381	9.8912401954	10.6348859171	10.1416548226	10.4061941647	9.7157006909	10.7186881552	10.6736075963	10.6121391662	10.7428540505	9.8864947383	5.1504845648	3.566865105	10.1875960453	1.5643242528999999	10.6422034896	10.4208335684	10.5337975534	6.0128062686	5.198869531600001	2.5817389134999997	7.4790115627	9.4427253413	0.8968548690000001	8.755820442100001	10.3797153357	10.0319382167	1.8544847861000002	10.3557432625	10.7185250824	10.0831676458	9.772241963799999	10.3962915912	10.4940751867	10.1819524875	10.3940394593	10.408626182699999	10.7368905563	0.0667496827	9.9542606988	10.284690059199999	5.2148997131	10.0436709269	8.6837507923	9.3233043863	9.97550019	1.8420251869	10.4552401925	1.1963121406000001	6.0931563211	10.5928990863	3.9785882914	10.5425560762	2.7258496671	10.4277814844	1.7192486753999998	10.4778576001	9.3964178499	10.3930129889	2.4143648194	10.9496737598	10.1907087318	2.3145663491	8.9327041886	2.6637638492	10.651918079	10.4825949588	4.6966264005000005	1.4768884496999999	10.451377461	3.7604339768	1.0278003564	3.2733486865	7.6893957335000005	1.4807796296	10.1231408656	6.421993474400001	4.0858530949	1.1938948090000001	10.3305014984	10.7196979673	10.4234559359	3.9864004388	10.6390901737	10.2839878418	0.6958245783	9.9108098591	1.322701216	10.7486027059	5.3188571657	10.682934342000001	10.589134165	3.2584485774000003	10.0788020058	0.6375076656	3.0843978057999997	10.3816821134	8.465424240599999	10.5157237871	10.4067070454	10.6247874394	9.0997607027	9.9691863636	4.1790134455	0.8623207661	10.2615542289	6.421993474400001	1.3281869717	10.677006009400001	10.298102544299999	7.553643199	1.08032671	4.5828400989	10.1238347682	9.9803164416	5.6461576902	10.5895580371	1.2279385578	10.6287178636	2.6174517204	10.5396011244	2.3086885931	10.2178919749	9.9860458262	2.5744418397	10.086144793799999	9.8059680331	10.0104504615	10.0871601581	6.421993474400001	8.2691592624	10.7355144583	2.9762108729000003	4.4424221087	3.4519305219	4.7765211743	8.458233945	2.9796694163999997	9.4134613353	3.712871292	5.3312625704	9.3140881704	10.4170775787	1.9984413538999999	10.302924952	10.5281740184	9.9343099492	10.0494431742	10.2909593588	10.3404604451	1.7923635709999999	4.8120332437	10.4369234304	8.371523934299999	10.5361112168	3.3825886689999995	9.9524398419	10.5975417619	4.7190743868	5.6260304687	3.1943717382	10.5386557702	2.8793628804000004	6.7268086705	10.4062237695	2.6387515322999997	10.5422650516	10.4542427857	1.0296248278	10.4701647633	10.338608866900001	3.9808796145999996	10.397604815800001	10.1584235525	9.5359263735	10.4372507875	7.464097607899999	0.2948281585	3.9000493883	10.0303893495	4.9561495749	10.6983498308	10.1337708762	10.392227654800001	3.0642344002999997	10.5201670379	3.6690010947000005	10.5618244561	2.2741257238999997	0.0429571413	10.6150467925	1.9845219316999998	10.659625805700001	3.9167800379	1.1925850713	3.7554797450999997	0.6837817466	2.350775195	0.6234779	10.4324549732	5.2327383909	10.5003401621	5.9054324477	10.7320514681	3.9077603507	10.2224907244	2.2580271937000003	1.8253146628	4.1831101039	6.7668377737	1.3623756766	4.9624966005	10.5557033679	10.3828608551	9.1856220205	10.2335139675	2.7327528024000003	6.9253597355	10.4439924438	10.6403454557	3.8438912156000002	1.4514048305	9.9961691091	10.457050860299999	2.8808850608	4.192346984599999	10.418706240399999	3.9638545798	10.315154817	10.2234591279	2.8787605936	10.3470504346	2.6865964312	10.7955628588	10.568710157	10.2998973868	10.1653115752	10.3096439105	4.2769595162	3.9451455417	1.8310376702000002	0.2538530589	10.4035092861	7.5148494695000005	4.658669687	10.650734745	5.4647766928	10.2708028155	10.4610300759	5.0710150424	1.9418738147999999	10.746492868399999	3.5443850098	6.2312261161	10.1345790577	10.4271735127	6.2483705202	4.2702866201	10.8210576877	4.9878106124	10.3468165556	10.616743486799999	2.072234886	3.8945290737000002	2.1096758965	3.5261823004000004	6.9338498759	5.3812769412	10.3870473347	10.361697323200001	10.213949009	10.5022747596	2.4597003103	10.757950878399999	5.0338360084	5.2436557869	2.8335036836	5.5024197855	0.17870924559999998	5.7916550607	10.342825205599999	10.517741563300001	5.2892583558999995	7.293338776100001	10.3011881369	6.421993474400001	2.2184307871	5.338471967	10.9881512344	10.0094840847	10.078893301399999	3.7626887552999997	0.2608505562	10.1480779388	0.3089910111	3.7360435657999997	10.3914498168	4.2864507183	1.3163511023999999	9.729595227	10.5126199327	3.5776300585	0.5434286827	10.7154751007	1.5925023941	3.0911628016000003	9.8134614604	4.8874747118	10.3448102133	10.4245244736	5.0379263268	10.4164925146	10.2362295426	10.404502366900001	10.588649753099999	6.580724291599999	9.7107632155	9.112745115700001	5.2542699241	10.1877348831	10.3689324618	8.537259743	10.356860944	10.022164820599999	8.6265927866	2.6786292754	3.7272821927999997	8.0885852397	10.2847216892	3.9358480383999996	9.8578645872	10.5645328431	2.5178369917	0.7969177720999999	2.7192186243000003	1.2515747904999999	10.761111503299999	4.6457858606	10.7102746164	1.0269244765	6.0492333161000005	9.6042361475	0.17191279739999998	1.4370212362	3.5669479738	10.8249951131	1.9726637465	6.1249402462	10.4846649251	10.535442932	6.421993474400001	10.5057373903	0.35049153780000003	10.364705711900001	10.4646114824	9.412323798600001	2.6476900263	0.9858410048999999	1.2167012921	10.4576315654	3.3144728212	0.8822456502	9.927772876	10.4750582351	10.4013494638	2.1596225007	9.5532769287	4.3462414994	5.576454914299999	4.8416252571	1.7263499126	10.7295329265	5.4609478001	10.1592571975	5.5565416254999995	1.9564654474	10.7807898767	0.7209802616	10.2561282423	2.9786713397000004	10.3870060936	4.803486036000001	10.2523224923	10.5765108192	10.4100285514	10.1479705688	10.6352327785	5.107923813999999	10.330196096	10.325522463099999	2.1442504678	10.0310051643	9.821865894	0.7324070561	10.081557460800001	2.0670063609000002	10.3646275543	9.2927737067	2.8752905024	10.4112382926	10.2175743398	9.4680993977	10.4589252742	0.5609371784	10.5622782653	10.270582633	10.369587491799999	10.5989914966	10.0520313265	7.852632991799999	10.699300491599999	4.7233150057	10.605225344800001	10.6901770148	10.167654170499999	10.4621518089	10.4686169286	2.619910726	9.8648608592	8.3922817258	1.702265233	9.223970194	10.7195532712	2.2595557825	0.43362478409999994	10.6314232301	1.1026912932	10.4562347732	10.2115116895	1.4962716162	4.2778308144	10.243055417999999	8.3166965299	3.7190916982999997	9.8451944062	10.4194726511	10.2971558037	4.2922941174	10.8130479881	5.0666443905000005	6.1801754432000005	5.573526535599999	10.110121943300001	8.6799736803	7.4539934351	10.6068860234	10.4626061764	7.255466048300001	8.540389505599999	10.3703317955	10.2907532629	10.3944913189	10.1628470695	10.5926282684	7.0090199581	0.8942345790999999	2.3858655768	10.623262244400001	0.9430511093	10.1998096993	2.7970880513	6.421993474400001	2.8537207001	10.4619957678	10.6313074297	10.0158128673	10.271260828700001	1.3766227141999998	10.6714263806	10.680334175399999	8.7874061567	4.545089481000001	4.0716598877	5.7824205877	10.7240955112	10.3420288381	10.6001155559	10.8298473461	9.7024154628	2.332311236	10.1372250263	6.421993474400001	10.6585251789	3.2834178094	10.3054752785	1.8087165099	7.5806672034	9.8157970934	0.7471619799	3.1889444486	9.0824376192	10.943448714	3.3492092157999998	5.0135320089999995	2.5991091481	10.155819833099999	0.9513555392	6.4822784344	7.091814804199999	10.060966075	3.2287398858	9.4027778169	10.3766187049	0.6724775905	0.5759456279	7.2799821853	1.6589066691999999	10.1296362526	10.3406447875	10.2613130508	1.7196227731	9.6348157149	10.094831255199999	5.3400378923	10.0468443852	10.7770463078	2.5502921157	6.421993474400001	10.692078309700001	10.5560523137	4.5503160798	10.0616493085	9.655338994800001	6.8182104457	10.4409572094	10.1922533733	10.3900541418	1.4100765956	2.5815122706	10.456398953099999	10.3311279431	10.5104478709	4.032009808500001	0.36301252759999997	10.5031379888	10.2360190255	10.2781847162	10.6160825803	1.0240737039	5.3095005707	1.7004198077000001	10.304503049500001	10.4366076047	3.3582744276999996	3.9564211106	10.2303714853	10.5391188891	4.3179285873	4.5600434089999995	2.4219203455000002	5.2785858251999995	9.9653905616	2.4830667393	10.8123728475	6.2973960704	0.5460113928	1.914320796	10.3267251974	3.1823372933	6.7854246599	10.4163938734	10.0814127856	4.8892514328	10.6207245532	7.5445998261	5.898058430599999	10.6613550985	10.3557651547	2.5367677909	10.753007578699998	5.058379163500001	10.1803924672	6.9977878064	6.0664953146	10.233761944	6.605854000700001	4.5342658811000005	10.5770499835	10.2582276688	10.659920420599999	4.9234467277	3.8682168758	1.8790345159000001	1.818308698	10.4167327713	2.6438306666	2.7584936514	4.54819393	9.7598786111	9.345351455	10.132887309600001	4.6209231796	10.6797185483	8.000863817699999	2.5260424152	10.6932061886	2.7019567420999997	6.2293447983000005	2.932296123	3.8045118991000004	5.978963208500001	10.4868890417	5.650301101799999	10.3156287882	6.6117885221	4.5318515344	7.025518334	6.8404274392	3.1567737795	0.0378942377	0.817074502	10.4857543437	10.6708142342	3.1170284168999998	0.87957854	6.1456936277	1.668131795	9.8763069325	5.6481233232	10.3919026727	2.7125407757	10.6561974494	10.1640003491	10.3689929581	0.1780316003	3.0688650555000003	11.0037170979	10.4991874961	10.548307772100001	2.2872658467	10.0109053556	9.5142067986	10.06767612	3.2701195989999996	3.5214910251	3.2742538581	10.4117791552	5.003551074700001	9.269688154099999	5.8351724893	10.1705836801	10.464658652999999	6.0689224589999995	3.6642734383999995	0.5036467672	9.5519549526	10.466796950700001	10.593475254500001	0.9184143331	9.941164715700001	0.7194263015000001	0.2639589243	8.8715158969	1.4068676154	10.3485289769	4.6177744417	3.6840353844	10.3308959198	10.4255645838	0.9998514019	9.873772735800001	10.4213007226	10.265369731	10.9285706474	10.7270478972	7.175151359199999	9.8089908712	7.1181279564999995	3.7524715086000002	10.3074185342	5.0741827894	10.490563552100001	0.692806415	4.0509039349	10.1396135124	0.5034923225	5.7772447974	10.325798218500001	10.5360574749	10.4410265297	3.9586457288999997	7.2614948115999995	10.0592700799	10.1589547236	2.128092657	6.2407053266	6.0467463956	4.9330394768	9.7713203702	9.4321595716	10.1663799563	10.033648185499999	2.4661852752	10.2344254285	6.421993474400001	10.331212597999999	9.739290816	10.840614269100001	4.080431442	1.4685163985	2.7922531602	3.9554168604	10.1401114886	10.4299277212	10.5533770759	4.7179646422	8.3590264188	6.384835310900001	10.2710701361	2.1248067705	10.2036956825	1.9744887901	10.186408927999999	8.371609729	10.3451513315	10.552920540499999	10.4934066576	10.5605716717	1.9514225656	5.709256609	10.224712953200001	10.3357726322	9.8738233181	4.2297233571	10.3448965833	5.3387317683	10.9523242199	9.2540094134	3.4606562663	2.1099537793	10.1134970657	10.3514385081	5.5175199138	10.1152667965	2.3141222964	10.116540047300001	9.9622017388	10.3936942648	5.4317634427999995	10.6725400274	10.5021748399	0.0721204763	10.4368199082	10.5691645505	10.1090509097	3.017016926	10.455106156900001	10.218488302799999	9.8796775375	0.2516608209	5.5344635277	3.2429592801	3.842099838	10.2924414884	10.238917733400001	10.6797499068	1.5324420198	10.5558249964	10.3413412199	3.0860990151	2.6888428060000003	7.536840951	10.631676582799999	10.6335827949	1.1064847989	5.683780189299999	10.337161759299999	6.421993474400001	10.223368687899999	7.6153645467999995	1.9443873616	4.216064853	4.0073465415	10.2732895929	1.7026828749	2.768817667	5.0349838601	9.8895176835	3.5457004619999997	10.5177071187	2.8402399956	10.4423625841	10.4202882737	10.5906598441	9.557312555700001	4.086243041	10.4993385502	10.1764967917	9.8475516288
DHH	0.5561610827000001	3.9915981763	9.540795871	2.7238320629	9.2323674769	4.94032473	3.4992747986	3.4527543600999997	2.6544133525	6.095315806	9.1167786497	2.9170190482	1.8169831741	1.3554305309999999	3.8139847262999997	2.5147230941	4.5109084358	2.774773578	5.023539975199999	1.0185386762	9.5668471716	2.9455001514999997	9.5644365404	9.4832339607	2.8167331455	1.1620501703	0.4548967471	9.7781583497	0.35207581460000004	3.2192375154	5.5017574514	1.731624056	9.5722846022	3.1182956921	6.400691524299999	6.5406729253	6.3633779045	3.6930404358999995	9.3823765943	9.5901358549	7.0114230874	3.4279462048	3.6185473295999997	7.9210402353	3.7136426789	1.1901272788	3.5956035979000003	4.7205851152	3.3946679155	1.8507449607	8.918918701399999	3.6920736774000003	3.2881753063	9.5191126073	5.5782515592	5.5012178426	0.7166231871	5.2574301516	2.5170253088	5.9419168735	9.855033882699999	5.0787243354000005	9.3467676439	4.7113056297	5.392906158300001	2.9837754089999997	5.0339843413	7.225550021799999	2.2341934325	2.2456379952	9.4745788536	2.1977260862	6.1941964067	7.4637630063	3.7700243723	9.6528559196	9.7017279648	0.09154596779999999	5.1748001918	4.565706517200001	6.421993474400001	5.2903012446	4.9501197552	0.9330367012	4.9373819754	0.5445413974000001	5.6178147702	9.9240475963	4.2484505029	2.6420697828999997	2.9889096831999997	9.903257869900001	2.0799947028	4.1602394661	5.563338850499999	1.4037294936000002	1.2003343992	3.2809628764	2.146497911	4.9115864627	7.1013639078	9.626859927	3.0842522602999995	6.739374854099999	1.7002079756	9.564435626	4.2858793286	2.8153031849000003	9.6550218946	2.7837808161	2.9907579997000004	3.9686251961	1.5649256963	0.1152171114	0.9174610248999999	2.939823137	1.5962504088999998	7.8916638038	2.7922548405	5.7666800049	2.4764671327000003	1.5033677581	9.6567870484	9.393177843	1.8086221488	4.9476844405	2.7297111631999997	0.2498250457	9.6410912939	3.247439716	2.7355954507	1.5091904586000002	10.0268771034	5.8978697972	0.5120181215	5.7645645453	2.7414438743000002	1.0500072068000001	0.6066034947	0.1674184817	4.8586338718	9.9154996699	2.1248879992	9.656259304099999	2.7716363992	0.19675961260000002	5.6675430121	9.5191886539	4.0680412415	2.3725860846	4.0613708458	9.6894617491	5.3650994136	9.186377992	2.87906987	9.8995818054	2.3616581693	3.4848247667	4.4054245069	2.4345168719	9.543476610499999	1.318323161	6.421830216799999	3.3960259611000003	6.0647085223	0.9776726089	9.3232675666	5.4883992995	10.0362231875	1.2976954914	7.5526073434	8.217408195299999	5.0987812341000005	9.3982009279	0.7117143935	1.3811686741999998	3.9292832811	2.4369200307	6.2150086483	9.1918855034	4.3352882464	9.7675598556	3.7658207191	0.7381799557	2.4911921061	5.616193824500001	4.1103310882	1.634475441	2.9048128205	2.4611212464	2.2058823785	2.3668277022	9.9201616801	1.8619697938	4.8942677669	4.7859687409	2.9919552884	5.0766631087	6.421993474400001	9.6104424391	5.2427225494	0.6538229746	4.274949708	5.2483974001	4.8483701933	4.706774937900001	9.7207024376	9.5313398805	2.2695719911000003	9.9358268824	9.7803157914	5.446048435900001	10.1241362043	9.483219063	1.9956899018	2.4168790344	3.9818974252999997	1.8015904784	4.6703997441	3.1667190188	5.5073894909000005	0.2344199859	4.0013850455	4.6849789269999995	1.7136289508000002	1.6346998831	3.967860023	4.0769566212	5.148988006000001	4.1534257673	1.3612948076	2.6541758037	3.1841549035	4.4685397872	3.8807081163999997	9.6979540575	2.2855417002	6.421993474400001	1.3450892232	4.3224233789	9.6477733174	4.4206845292	4.539288984	9.235863472	4.3074481406	7.9962676969	0.5757821143999999	0.2831937768	4.3841315183	2.9066612543	1.5806774212999999	1.3144091944	3.8712122717	5.7912650761	0.305919367	4.7210308738	4.0312032568000005	9.785476077	9.50168591	9.7455538451	9.5802790466	4.2924720157	9.6002695698	4.5472294979	6.0735792738	3.0346184211000002	1.6157130334	3.7839627967	1.7896322671	5.5747364536	2.2961372322	9.5063327663	4.8321219644	2.3561876922	3.1887156151	3.4023633202999997	9.697916210499999	6.8966051275	9.5419794134	1.6830696121000002	9.823485352999999	0.8966840387	1.5858625178	9.7229195478	4.191081536	4.0184039567	4.655753438500001	4.0956494681	4.7575068714999995	4.4873200313999995	9.737101766799999	3.7655589336	1.6102105935	5.2633228079	3.0952067451	4.8641954812	2.2759374388999998	9.6676653905	9.582524439	4.6375393713	1.7373455338	1.3315032097	9.702694852999999	9.589208642400001	5.7352528407	5.6057549067	1.4681164677	0.7202212779	3.941731465	0.1590486808	2.1061535675	1.2696572344	2.0181358358000003	9.630435454099999	5.869842785	9.756260057999999	0.6967561708	8.8793997545	1.3938211288	3.9807822349	1.2619837201000002	4.9586030288	1.7081044552000002	4.2250450761	3.4863816089	9.7670919336	9.9220968441	5.3204163533	6.9402079913	4.1610096816	0.580111526	3.9959316474	5.4601939899000005	2.4704634746000003	6.9569619069	3.9770329926	6.946280099400001	4.9173597964999995	2.0712320635	2.1142410295	4.2155432605000005	10.012011297799999	2.3541729763999997	2.9477370906	9.632190334	0.6252617295	1.7168028812	2.7703853421	3.59451769	9.1791001051	9.7401665076	1.2592286467	6.421993474400001	3.5154896219	0.6617472998	1.7574342391	9.2369704265	2.6456452952	2.8842391524	3.9466225361	2.3236715621	0.0650370483	1.8139000081999999	3.0860546773000004	5.4893935043	4.349242235299999	4.6583994207999995	6.003800665499999	4.0069635543	0.9984414968	2.8992536997000005	1.9166553487	5.8082099598	9.568200514199999	1.194637399	5.3359824632	2.8612744426999996	4.0997614069	0.2846478928	1.0067685856	4.3607520043	3.9568553814999996	9.7759136775	1.2282946451999999	0.383972766	6.0528543004	4.2462230671	2.6865761854000003	9.8441260893	0.4281907633	1.7854853303	3.5229263147000003	6.6037023336	1.0128898325	1.4344001616	1.5723854078	4.6661468209	0.523208083	3.9873539207	3.7596266933	3.194538183	1.608604529	4.2794536694	5.5931980606	9.5895673362	3.6853895152	6.1468206717	1.9863620724000002	1.5421273250999998	6.0087531124	0.9170619443000001	1.6783935803999999	2.5882784993	1.6367328221000002	1.8362289812	1.2066557049	1.1517927737	0.7371136219	3.5269668576999997	2.5783408327	2.4957005662	9.3476300121	2.4329955908	9.3366740747	3.7125496819	5.3748502662	9.6909642069	4.0900655581	1.2676500132	0.8388914184999999	9.4436162625	5.9519852308	3.8970740708999996	0.7356635426000001	4.6398683449	7.8674754983	2.2699987592	6.0508862685	2.8305128591	2.4116972348	4.0085909415	9.917370823099999	1.3573275441	4.821070559	9.703319374600001	9.4367115572	3.8086443857999996	3.3404639422000004	2.5911286775	9.562137314700001	3.7260904547000004	9.6514469711	3.2029563085	3.7993603041000004	3.6655278424	5.7512799704	2.6911975563999997	5.4428239262	6.3525634114	2.19113053	4.2520150846	3.7650998567	9.8566999348	2.9192700533999996	9.745589225	3.8924879241	2.7039501848	4.1967779248	9.7626929241	9.362722157	3.6670230839999998	3.3146848087	1.8057954788	3.6390612951	0.8493751298000001	4.7861656386	0.39043604060000003	9.4220866299	2.7203093969	5.5828593424	0.9897596297	9.7785683962	5.0721256998	5.2626110399	6.0228382002	1.2945269236	3.0767637549	6.421993474400001	0.6207151719	4.036529625	2.9696781002	0.7287819164	3.2275796158	1.7413849888	4.7011775552	0.9106877423	3.9102543006	4.7885745132999995	2.5738694868	6.017109443	1.2168821488	4.2928607012999995	4.0867323633999995	4.3238442389	3.0310230662	3.0107008013	2.5073743235	2.1822151099	2.2349319725	4.951912683	9.8675224325	3.636971074	8.3941747447	1.931325121	2.8905709982	3.8648573422	0.7472642872	0.0413038208	2.933422093	5.5758568265	8.9842644336	3.0742984735000003	6.8206860333	9.7663422178	7.570440950499999	8.1931802574	1.0969048748	3.8269998614	3.3447494101	5.3013971731	2.6406280917	2.413367861	5.466971774199999	2.9374403287	9.5331915004	3.2631977764999998	3.1677662431	5.4600783829	3.3658912126	9.4499467711	3.1071598498000004	6.421993474400001	1.0711469432	1.8541050902	3.1913549763	6.421993474400001	2.8535872626999996	1.0429983023	0.0284025247	4.036613163999999	6.6425590554	1.9355733565	2.1465386521000003	3.2321695192	9.6096974166	2.3532942334	2.7599969523000003	1.6570732175	2.7882948251	9.5710228948	2.5340492301	4.1073481119999995	4.3046791623	0.8527577778000001	2.1435841364	5.3343768831	9.7273900876	2.5694833016	2.6693881273	0.6497482699	3.7407680645999997	2.8243334551	9.7457875207	2.7091420836	9.547188240499999	5.6723971866	6.1990171535	4.317731069	9.8458989001	0.7794188125	3.6921022635000003	9.4113365134	2.6143223769999997	5.4390470735	9.6280889597	2.4113333091999998	9.4995719968	9.3585858442	1.0587262241	1.6293154437000001	0.7345462633	4.0662960212	1.4965366950999999	1.1053272523	6.2463302625	2.1641533968	0.37513060530000003	0.7414265009000001	3.5273198843999998	9.6227464993	2.7752818162	2.1882414592	9.5480639308	3.6937576426	2.261833997	3.9264433113	1.4285885062	3.8878817530000003	4.5848970548	7.990507356599999	9.539006648400001	6.3273612899	0.705361405	5.5646727399	5.7905653376999995	9.6904806487	9.6380346363	1.4400267715000001	3.867929544	2.7267003537	1.4919120324000001	0.6057337106	2.0571206146	3.502379939	4.4510978966	2.3526257619	4.370505967200001	1.6666117700999998	3.8102156499	3.9368004057	1.8380653087	3.9213204764	4.5579020255	0.685114985	2.4022881489	4.9596449739	2.9779570092000003	1.3153595898000001	6.2299180131	2.8288425682	3.5680610567	4.8513105374	2.8981949968	6.2896786033000005	2.7440511061	9.8916513853	0.6571653346	4.2426699205	9.4801394149	2.3256094758000003	3.9959566379	9.7550766377	1.5296907541999998	4.9411965886	3.4076061461	0.3926810613	9.875584290199999	3.9815529212	3.8948087538	0.7917985053000001	9.4591112279	1.9492042882	2.6462791571	10.0987317174	0.6825473648999999	3.7530278670999997	4.5565745628	6.2395206373	3.5711973754	10.056290255499999	1.1650518718	2.4034729931	3.08240618	1.9283056436000001	5.4988768013	0.3354830784	3.2438312564999996	4.2575825816	8.6665520386	3.0909802342000003	9.955296843400001	3.8863191638	3.0021386654000004	5.6616833539	1.1630817437	6.0989638418	4.9574125459	4.4120552349	4.3689329029	3.0502348594999997	4.1492732944	5.6511803913	2.5853951816	1.6543839280000001	1.129125233	3.1244676163	3.2928498289999997	2.1103578569	5.6910873189	2.5500506	6.1976094546	4.9122884664	9.1651655639	3.2289205469	2.3809753994	3.7477951479000002	1.7501198123	2.8053961850999998	5.9011737473000005	2.5430833194	7.931143916799999	9.7746320608	3.4447954935	3.7023133592	5.5377840101	9.5315149347	5.7762945251	3.625287742	3.0454778107	6.2844037534	9.506595191499999	9.4599898828	3.8277939902	8.8777512542	2.0816951925	2.9732463976	1.275511371	1.9614339706000001	9.5521554262	9.6156709668	3.2728332374	6.089480279400001	9.7349862414	8.3838186934	0.4782361193	9.3542539084	9.6177437702	9.8173621835	1.9860993694	2.2359584777	0.8041663762000001	3.3278421776	2.8530612725999998	3.3000102379	9.786314676	9.117853248200001	4.5086758679	9.879713855599999	1.0325839079999999	9.8469810388	6.421993474400001	4.178809031	0.9249523348	1.8730409436000002	3.5952827466	9.613678739700001	1.7402353909000001	2.9684002348000003	4.2087209282	4.3580015365	5.599468209099999	1.807955042	9.0844575183	7.508574751399999	2.4176559617	3.0224665800999997	1.6512977094999999	4.0241417548000005	5.589221734	5.2308607133	1.3341767625	9.69090546	8.6886220602	9.876402399	2.3854966784	0.4694351122	4.1032447043	3.7884288777	4.4850196383	9.9309779837	9.3510240739	3.8851500618	1.6349951275999999	4.371571903	5.6569826904	6.421993474400001	1.2191929987	1.5148221906000001	9.522504506499999	1.4985232809	0.7807047074	9.8302836236	9.3018251838	10.074982477699999	4.216690804700001	3.8751234113999997	4.0492689765	3.1057001705	9.7833917714	0.942144187	2.4559639446	9.6943493635	1.1615329268999999	2.8590155670999997	4.5167770643	2.9006675605	2.3697084038	3.8524971463999997	1.6543836086	9.8546786077	4.6394659194	5.912015246599999	5.9321773189	2.5554106617	4.2638293352	3.8450212783	1.2098142571	1.8454292221000002	2.5322868795	2.8611660345	3.3811722451999997	1.1712694062	3.1918559230000003	8.9042159795	5.2717279557	3.0488382675	0.9325596155	3.9918332875	4.9776599469	4.8672710402999995	3.835430881	3.3202230137999997	1.6916657465	3.8459143007	10.1978561685	2.9895166192000002	4.3580654852	0.3867483436	9.8024814601	4.8342321079	3.0305649057	1.1039166955	3.2976103494999998	0.9277749037999999	1.8440890428999999	2.2226507874	4.6638652262999996	3.5722286493	1.9538240748	9.4186596138	4.9472090012	2.0998117491999997	5.4682768701999995	2.0800473374	1.1492307146	2.910850071	2.471099337	9.8019378014	1.8497580847	9.7662329625	0.9907481312	0.48949843579999996	9.763190449	3.8856548171	3.1404975870999996	6.0055915574	2.1973570318	4.7244554177	0.3461699292	2.5721553651	1.3899125763999998	3.3821495733999996	2.1220969084	9.4677786558	5.0690503043	9.4207288312	0.41086222270000006	4.131772793500001	6.5080636608	6.7160399942	2.5783922166	6.0654810749	6.6937732213	1.5425837031999998	1.9257929815000001	6.0130926922	4.756017834800001	6.421993474400001	5.8552630594	9.8990505682	1.1501467679000001	1.3727120369999999	3.3295715875	0.9471339013	0.7824839215999999	0.0313889386	1.4183283184	1.6003176834000001	9.544303314	5.3266885271	9.3364574949	2.1087687694	2.6832770548	9.7654018878	3.0300228851999997	3.7751360317000002	9.4194215623	2.9699325134	5.2512688129	5.9153509623	6.0283159561	4.5645709844	2.3500630043	2.4327597116999997	4.1734013893	0.1553219724	3.1137955358	6.421993474400001	9.7555591554	4.1664320937	4.359181961	4.6894164834	0.926338106	9.3093740191	4.5100937769	0.3633566446	1.9793286709	5.1044715156	2.5519806388	5.918796917100001	8.6123750259	4.7224030505000005	2.1016936098	3.831756415	1.9592067806	2.2531761937	0.8047637553	3.7148394581	2.7451050012000002	0.8844015406999999	6.421993474400001	3.4072143835000004	3.7993770732999996	2.7003295022000002	3.5473681298	9.7058050485	9.1670082666	3.0283628472000004	3.5016917345999996	3.7874136575999997	4.9264305715	1.1845583112	1.6700039033	4.341605858	6.528594252	1.7088487122	1.3491463149	0.22650645940000003	0.0106780324	0.8830835844	0.716378263	3.0137814388999997	1.7707001869	4.3207017627	0.7720757514	2.1928371155	3.7454983321	3.1659201408	3.8397275897000003	9.3554191073	3.1339174135000003	1.7003253948	2.7145336865	9.7698049611	5.0473155934	4.5226024881999995	3.8021765249	4.3415506092000005	5.0090063538	3.057237883	0.8134042891	1.3348423719	9.3614337025	5.1681898782	2.4752114933000002	0.2675311883	5.1466785282	6.1849551607	5.1616958076	9.8043461299	2.7110481425999997	4.4637709858	0.6622993759	5.423584809099999	0.5938684828999999	9.904170625299999	2.2732176965	2.1836322147	1.4056597512	9.9073058773	1.0604387618	4.815219721	3.0162281736	3.0180383112	9.4236167826	9.5111773683	0.7598554705	2.7337309982	9.856515165800001	9.4536650114	3.2891868186	1.2597925536	1.0808614441	3.0235789813	3.4978511458	6.3904379144000005	2.6415052152	9.5182471377	1.0270686662000001	3.1378953914	9.1617611322	9.865262492000001	3.8503171152999998	1.5424608462	3.2969796583999997	3.2868007725	6.5327632198000005	4.4850872583	3.2599620992	1.3610807263	1.6856705527000002	2.1797031941	9.7670641394	4.4969201722	2.0494017926	1.4935754018	9.5821887654	3.6712351045999996	9.6300496695	3.7500676758	3.9523150842000003	9.6314521531	4.2875693131	4.277617766700001	3.1152441263	4.6159972651	0.5939087427	2.1115727896000003	2.4512155462000003	9.638570048	9.2311682424	9.288799989700001	9.8400791513	5.1715626504	0.06229137690000001	4.7482961606	0.9331818489	9.7954650826	1.6763069838	3.2206887102999997	1.5241267724	9.0782770045	4.1134652162	4.8069597621	3.9557496238	5.3256640581	5.5338515447	2.2745713571	1.0063671786	1.6947565795	1.8163668743999999	2.2571352337	5.5965393452	5.5692655043	0.2637947511	9.6505794821	9.610702699800001	3.7609070925	9.9692849853	3.9000000356999998	3.1911503903	0.6944477506	1.0231667568	9.0013119129	0.35074303310000005	5.947676328099999	0.5797757507	9.889999916499999	2.1250386253999998	3.6833461563	9.833832154400001	5.5697902061	1.9558633934	4.5060712717	1.8253862319999998	3.1495679482	6.421993474400001	9.8870727855	6.2267826506	5.9083628076	5.4129287203	4.9832105518	9.6848532697	9.7117684336	3.5074198604	9.7133791655	9.658875092999999	2.2734440004	2.8078064489999996	8.9934623135	0.94046489	2.6871882146	9.6141746329	0.0817869308	3.2968771089	6.1377524108	9.4409397972	3.5761091936000002	4.6742598407	6.701655279700001	3.6144292858	6.2161817329	2.98682653	2.058563081	6.194224955599999	5.2327214839	1.8285196298	2.5403715515000003	3.8826423905	3.329204018	3.6973747802999997	4.6059185093	2.7519041942	4.7414026679	0.5380239106	1.1353083914	9.6550342182	9.8056476737	4.7335200183	1.5778527897999999	9.6924902989	1.8511965972	1.6018574953	9.3599170678	9.7191444893	4.6960709947	9.3576696594	4.8933582047	4.3228427418	2.1778032813	9.861978181900001	1.9802560471000001	1.9844900644999999	9.531722111599999	9.119767105900001	9.4894225826	1.9713106047	9.2442337779	3.3189256999000003	3.7826132116	4.887880222	6.421993474400001	4.2156039997	9.2528579087	4.5330221604	4.8605743198	0.6323788920000001	2.3252377248	9.3112634736	9.6743530099	1.3189782020999998	2.5192504488	9.573320949400001	4.24430124	0.7241060946	1.9058490958	9.2765804471	5.024806252	6.5178878086	3.7485026958999996	5.109427141	9.623189783099999	1.2966396867	9.337060444299999	4.9428150267	1.64241014	9.5254091173	0.7391902005	2.2906650406	2.1762237121	2.8076486019	3.1584380306999997	1.1723780892	4.1770800791000005	0.9451849640000001	2.0462178857	3.8075618762	0.2106130766	2.3940022394	3.7200562763	2.7482584876	0.45439645479999996	0.7565227103	0.4406915572	1.2291537916	2.4210142303	9.6650878655	3.4171222551	4.0911702998	9.8334092871	5.509280897000001	4.4188215917	5.5402816115	5.1789877189	3.6765515322000004	2.321596951	3.6214586633	3.7083490482	3.6173777195	0.8186590456	4.9614815431	1.6231045537	5.582841108999999	3.7421964411	2.7832600498	4.984617496	4.2289741157	0.7107583990999999	9.8841130887	5.0927441447	2.7695007557999998	3.0722642568	3.2433786157999998	3.36673418	9.6008421546	9.2769872253	3.5088019213	5.7127013301	3.2365163033999997	2.6328030957	9.7497493095	4.1729036193	1.7525831888999999	4.3717565169	3.904689339	2.40814547	3.7811554468	1.7789343316	9.5731758214	1.5534050345	9.690705128200001	6.4005086801	6.074020245	3.9369144119999997	4.936347454	0.71091728	4.6420481458	5.8422167149	3.4158188697000003	6.2943693271	2.2407927529	3.1166574008	1.2645166941	0.81226495	1.1128550959999999	5.6007102224	9.3100407662	3.7685050351	3.6109586611	4.8256337849	3.7226705802999995	2.2805751146	6.421993474400001	3.5070729041	3.4756776573000003	4.865727587	2.6309750421	3.1668337057	1.6881110680000002	2.243310894	3.8889187344	2.1016201412	2.6833937175	5.012455287	3.1014608981	2.0310522691	4.5490511196	2.0887233152	5.7060040463999995	1.2044513003	9.4299104396	4.181408437	6.421993474400001	2.5263102123	9.7616956125	0.8139918667	3.7235275836	5.7319932394	4.2634577872	10.1611930601	9.6611552564	4.1745622761000005	0.4642971814	3.6513908616000004	2.1427139594	9.9537772944	5.0049520097	9.950294121	3.8183378058999997	0.3475531571	2.7558911672	2.5174507272	5.0401458325999995	0.6508888252	9.4678301116	3.6548458836	1.2488193363	1.6233501853999999	2.5883504985	5.0396834433999995	5.2419946181	9.4684612575	4.1409026402	1.151732168	9.565194678400001	4.5181232719	4.0075574631999995	3.6909706216000004	6.421993474400001	0.7399499095000001	4.6381474742	0.5014180487	3.7686972991000003	4.1522957282	0.44459520979999995	5.4653799675	0.8992897472	1.4896768188	9.777193263	3.1628888242	3.5819061894	0.3187219343	1.0098175925	9.3943716758	6.1710452459	2.4810418965	4.977251377	1.5687221129	2.0857255277	9.2981774185	5.2423808046	9.199782772	3.9380865912000003	6.4524131929	8.6108817738	2.366106233	3.7233352375	1.3349161371	1.8227278759	9.2519639142	2.2121334314	0.8469440923	1.2986828423999999	9.5503400349	1.0448989942	1.3081609028	8.1019765102	8.9084486655	5.9475917558	5.5144617569	3.1408801699	4.2118718383	1.5956384362	4.7399155693	6.0634884649	3.3789215166	4.620749511600001	3.6583305094	0.5994789156	5.067284183	6.638677508300001	9.3109468082	3.8765778476	1.9187603501	5.0752008102	4.3258365584	2.122365876	9.625757996399999	0.48210384770000003	2.1160163713999998	3.1812289305	9.7978064178	5.4218353205	9.2261464708	9.5723438915	5.5486878921	9.8218266478	9.4006389841	7.327307966699999	0.6298326016	4.3471154897	4.4586324656	5.5726510182	1.8008735727	2.421566868	5.617376276900001	4.1907310000999995	9.4270908272	5.5118432439	9.6095617163	9.1340704174	3.5751992966	2.4159978626	0.47345511240000004	4.0070948043	3.6419124066000004	9.4540119637	1.5749487684	2.8760534746	5.241656652900001	9.8812423711	9.5617826664	6.4596541099	2.614486684	2.5346895807	1.5058824202	2.6433873533	4.6538461559	4.4171820000999995	1.9590661062999999	4.5824060452	9.6712917946	2.9358973725	0.9502009076000001	2.4518115834	9.5844158213	2.7742919437999998	2.8676879189999998	1.7173203533	2.0832025646	2.7055492112	3.287292673	3.663598657	3.2378532692000004	9.2488304064	6.1374251974	5.3032306302	5.1840289569	1.4104135866	1.2621776676	1.8604853397999999	6.2469874910000005	1.7299028616999998	5.7824864683	3.7540642141000005	9.5813535032	5.4382736868	5.5735531114	2.5192551379	9.306117844700001	4.8399456031	9.8987638954	0.928488573	3.1620106801	10.180406906	4.2931043281	5.256234693500001	9.4963804349	5.7608279453	0.7781311248999999	4.0567935627	1.9026942823	3.8891559966000004	5.0762886459	1.5417455266	1.7191668532	6.5175573675	2.6046088521	3.9584423275	2.3551115659	3.663639683	7.4892045821	2.4976728622	4.5221269602	9.423679806100001	6.235045016900001	9.8735574259	4.1679068719	5.9088262019	7.0475059392	5.7830790652	2.5220022687	3.7151169232	3.2461197568999998	3.5180047408	0.10100394900000001	6.332692675	3.9408505765	0.316823295	2.1691819804	7.2511147691	0.2817133842	4.8115832511	7.0471378138	3.1553053047	6.421993474400001	5.4999368411	1.5539123175999998	0.7321513989	9.693748336799999	2.2843507419	9.2433597706	3.8084852554000004	0.18133477850000002	5.8931031632	4.7096635516	1.909971158	0.4337821097	5.6745377468	6.2595200733	3.0317962751999996	3.8148010798	2.6004242315	1.9989091155	4.2626652236	2.6437816685	1.4841990219999999	4.095627171	5.5936435438	3.4459748438999998	3.9336165712	1.4381178372	2.36783559	3.9009147894	2.2868084141	4.4895410087	9.6415232249	3.6588778764	4.5518862876999995	0.6797566143000001	9.6025120125	1.2901361336	1.9225807013	3.7274695348	0.4948609716	9.452484469	3.0275104921	2.3151183847	4.7847727425999995	5.382568797899999	2.304157751	2.8617172664	3.5080625925	1.5603903183	0.025261984100000003	2.7003823174	10.097543809600001	1.7993643992	4.3913516332	2.887647641	3.8563896086000002	3.8458019289	9.2883916672	9.4711577208	1.7573397288	4.3212033803	2.9821555624	9.2206546812	2.8493358207	4.4246987636	8.4750281426	4.8226620756	1.5117299949	2.4000304738	3.8213977943	1.7265217361	9.543833026	3.6466628502	6.421993474400001	2.3396645757	0.5434770114	9.7909163982	9.5355791238	4.1386427213	0.4517556193	4.2780705479000005	9.6286541206	5.8972118205	4.9400245833	9.7242181599	3.9940394516000004	10.095696915700001	4.1705477023	5.8553070297000005	1.8827271643	4.2640739453	6.4381689449	4.0297206375	5.3320945679000005	2.5843161553
CTNNB1	10.755200654500001	10.6740284865	1.5690127733	8.1400835326	1.5599182092	10.5735039399	3.5775780695	10.3676775722	10.3793079379	10.7306082826	2.4218295407	10.1645706074	1.4270755622	4.4810267002	10.7597453018	10.5014329863	9.0329683072	6.4811711571	0.2244247129	10.1120179263	2.3627225451	6.9067215052	3.6328803146	2.1841901659	10.2989404227	5.0286606331	10.174404965499999	2.3434296262	10.5177931803	10.7149319028	3.1714571026	4.5229682357	2.6206952472	4.5691528452	2.6461888331	3.6488896784	0.7097012877	5.2156550845	3.2464227659	1.0132869672	9.1362758282	4.2760515841	10.456286767	1.2842164061	4.2279114714	10.77819351	10.624409966	1.5990683177	9.9955265331	10.4867124238	2.5821990304	3.3625117559	10.2396294336	2.3476134762	10.6053658929	0.5242765511999999	10.3714437252	10.4442503402	3.7490414923000004	3.6942869329000003	3.5372204100999998	4.4112532157999995	1.2034801845	10.4134354397	2.4040316781	0.8801123152	10.466134826000001	10.7172624025	10.504877672100001	10.5559293948	0.9361307083	10.7118118461	10.6041970952	2.8705205157	1.7084738424	3.5975362992	4.6944072041	10.6310299513	10.3331319308	3.9583589193	6.421993474400001	10.6244469173	9.999314254	9.571518641399999	10.2205114016	10.026290661100001	2.3788334169	0.0767285282	10.3455572652	7.4110473517	0.9157266006999999	4.6808210247	2.1245304215000003	10.1868187338	3.9997671338	1.7961042266	5.2838725236	10.669924786900001	10.459908308	2.0700289204	10.436936046900001	1.3741975668000002	9.9802265755	10.7829406626	10.3968123371	4.7060745901	10.2828074117	4.370099178	2.8941804432	3.9050999918000002	9.9989082387	10.857999938699999	7.888744184	10.4061770662	1.124584058	7.8612774743	6.8205669762	1.7231377357	10.4525689476	10.0778104787	10.2151769134	10.2873819713	0.7931619039	4.0120035755000005	1.6178519672999998	10.5767355102	10.3014600162	10.2256140486	4.3841665433	1.3543482526	2.3099414036000003	1.6838486234999999	1.3251828270000001	10.3664019163	7.2362201915	5.9559432965	10.341482546	10.5561632322	10.2832186761	10.6435682377	10.9188884394	5.0669635956	10.771813071199999	2.0468400282	1.8606908863999998	10.362623770599999	0.6543704985000001	3.5378900664999997	3.2242174051999997	3.8349068166	10.2361110132	3.2805785677999997	5.0033911688999995	2.7246181446	10.1333396258	5.958827423	8.5395955915	4.9905941247	10.3460156576	8.0177793577	4.3171470818	7.0411866737999995	1.6301310061	10.3349094935	2.5617132407	4.1906008418	1.7450952255	10.2741245102	0.5047336532	10.5650265763	3.1917354888	2.6820262882	5.0121702545	3.1672768012	10.3714516487	3.425472025	4.7120469977	10.4958685339	4.5569478556	4.7154269243	1.89027226	1.5338009922	10.5997176667	10.2771513927	7.183138690800001	10.8335362628	10.2932492422	10.859867198800002	6.095533857	10.6366321704	10.5788774273	10.8012355345	1.66289223	10.6463039404	8.1985192838	5.4363487872	4.4142765246	0.141253975	6.421993474400001	3.1054131827999996	2.1053932925	1.7030314284999999	10.5904550637	10.5792744496	0.8766432542	10.4342209006	0.2156919299	0.6130176647	2.5111757772	1.5319366846	4.943008842099999	10.6293804762	4.1047864585000005	1.4551843937	10.4120504588	10.5523277028	3.4856353116000003	10.7022142845	10.4168618831	9.7704617686	4.3256303197	4.8812789481	7.1076162175	4.8340740963	10.306682521299999	10.4812079129	10.866958657	9.9224621379	3.8945252781	5.6579177675	9.7454404504	10.0266396449	7.5136004926	4.9372530987	10.3433052148	2.1096481444	1.9042748991999998	6.421993474400001	10.1617109509	10.6018793636	4.5113546951	1.7621222128	10.453462507000001	1.5566538944	8.4687569076	2.504188094	10.7505990122	10.7589528171	10.6201160351	2.1746797378	10.5417570725	10.354114797000001	10.4691205119	9.9630975667	5.1732784914	1.5463663871000002	4.2722155293	1.4310417538	2.3451672338	3.5432552433	1.37743454	10.3537250964	0.7508678065000001	5.0394852258	0.8092011521	8.7665897383	8.9435402152	10.6276679873	4.6553786677	10.261578259	10.2292366013	1.6408616724	6.3196241847	3.4769330110000003	10.4258674527	10.6807470388	3.5407882273	2.5647561976	2.0407382628	1.1273942928	2.7751602382	10.2355083699	10.7172864521	4.6478306179	5.438625910700001	10.8369339882	10.2108037505	2.7681414575	10.5544888308	9.3761698812	3.2193334427	10.2613303968	4.9928951945	3.2507815394	10.1571458473	1.2056580279	10.7691344442	1.8077525584	3.4834415618	4.5925558803	9.3323919467	7.712603090700001	3.2746575670999998	2.2596146761	2.1789639556	10.2125710073	5.5546932197	3.0107040422000004	10.4691076083	1.365194663	10.318839132	10.3859832947	10.4481589477	2.7250726144	10.2622224996	3.6390045872	0.9407446912999999	1.2138231708	10.4378731384	3.3747947060000003	3.7340426876999997	10.507108407999999	10.4290413287	3.0395037088	6.3543694241	3.9858484193	1.3958513974000002	2.5903822238	2.1780650459	5.4100917687	10.277820972999999	9.6335850893	8.2474718515	10.2779541337	8.3052223417	1.004555922	3.5983400718	10.245244011799999	10.4537128378	3.2741332761	10.9166849044	3.0746985782	9.8988725702	10.750671757300001	1.7562278712000001	10.5414705268	1.8802033105000002	10.3524772993	10.3432340644	3.5891636981	3.6834545154000002	10.319163274800001	6.421993474400001	10.4763022319	10.1571770547	10.527966464299999	2.4399939069	10.8929858226	10.6695691515	3.3145351902	9.220211879299999	9.0285003954	9.7930157497	10.5922302282	10.1912532235	10.2385391285	0.8800196098	9.864934080800001	0.8647567195	2.0646681766999997	5.0205814975	10.1956206143	10.4898898264	2.9051502593	10.5975157612	4.221404747699999	10.149831567	10.1326702018	10.7056177576	4.2667480479	9.729814129600001	2.4862126004	2.1408564436	10.691579238200001	10.5861078054	0.8406714340000001	5.753736455299999	10.284372081399999	2.1355365392	7.5930735974	10.0807953438	10.0311170714	4.2229493839	1.9129885354	10.2036223439	5.5393295481	9.9171435709	7.9026236019	10.0598773224	10.0528625672	2.4604820041999997	9.749551820499999	1.2083027735	10.9222041264	3.4325500020999997	7.1403209513	9.231696993	3.4738249211000003	5.0127091392	10.0661947064	10.4666638686	4.1693945275	10.3543110925	10.2018139691	10.421949876000001	10.5706060998	10.577688565599999	1.0567012375	4.1846232274	9.9695578145	10.1674366193	2.048270611	10.4724533723	1.9851156276	10.8979647209	0.7708581066	0.8103750398999999	1.6657502056	9.905464529400001	10.6226449758	5.851427048400001	5.305784694	10.304807246000001	10.0899924016	4.6822934531	3.1506208439999996	10.1473577437	10.569033978	10.5610298862	10.4224384091	5.7082391043	1.3555489311000002	0.4533332078	3.7931510252	1.5722718473	3.1906347822	3.5895783613999996	4.7257224154	2.9296647412	2.3739657485	10.190750731	4.4077282265	10.5905594318	2.757566186	9.2382571195	9.9717708226	10.3282115494	10.6226649578	10.427182224400001	2.8726536716	2.7008155587	4.1862688681	0.1506541472	4.1807881729	3.8980854324000003	10.4568495498	3.2623747962	10.5323134291	1.7473276908000002	1.7916015571000001	9.8493072364	10.4770947505	10.343372374500001	10.2468402079	10.5739899514	4.3718025669	10.7452194548	1.4793180571000002	10.3712653409	5.4742685415	5.724693155900001	3.5738768602999995	0.8777299806000001	4.5045291261000004	5.4865765493	1.6089829417	10.2904916108	6.421993474400001	4.4495401422	2.6311294740999998	10.3464446659	10.8640938501	1.7962004708000001	9.182018904	4.1187808607	9.8693589622	1.7733793876	6.6201350113	10.5985042782	10.5563257819	3.8125411962999998	10.502310182999999	2.5487298885	10.5059906417	0.8452335411	2.2806576516	9.1564479296	1.1073659326	3.1212371175999998	9.9632770806	3.4248127114	10.7926919554	4.6084729652	1.3264346138	10.5048770888	9.2888185975	6.1699454527999995	9.7931725101	10.8702921972	10.4417996971	4.0122720189	8.2831306477	3.5780454919999998	2.4501356996	3.7374357024	1.533492775	10.4484646664	10.4907160992	4.3849578606	3.6360373331	10.365388569	10.858716075699999	1.8727840958000002	10.164702050599999	0.22726145690000002	6.1833113284	2.9089638780000002	10.4849433133	10.366326005800001	3.1152332616000002	10.4805230864	6.421993474400001	1.8734026619	6.1487044599	5.7819926862	6.421993474400001	4.4564226471	10.7571209403	10.6878412873	10.083745512	7.8317711163	10.0303439604	0.9889138998999999	10.1625728157	0.334741987	10.544262725	6.7299472449	10.436914226699999	10.2441964934	0.4205372417	9.2988021234	10.8414408372	10.3080960337	9.3206862716	5.0967214504000005	1.6850962697	0.8647143165000001	5.172866787799999	10.6237739653	8.4665811686	4.5884307115	3.6563565401	4.5458124391000005	10.3158556291	3.240725266	2.8834411227	2.2290421673	3.0271513122000004	2.5586965639	10.291944752300001	10.7408636701	4.0005661042	4.0686543122000005	10.471055169	1.4851848424	2.8202309586000003	3.6576812646	0.39565341979999996	5.6794028175	10.3401565692	9.9116834912	1.4934498491	10.5271272541	10.9037512761	1.309704177	10.3559167442	6.586376957000001	8.938260488400001	10.4340245067	2.5732468946	5.0980799368000005	3.6653169857999996	2.2117598816	10.5139335142	6.8664900147	10.6925128471	10.7311446941	10.2866030032	6.0215605908	0.13960467710000002	0.7595394568000001	2.9618523168	10.7812458663	8.538221322	10.2875622747	1.4892439603999998	2.6913501517	10.4676673298	10.348223580900001	9.147512026	10.4476684787	10.4100649231	10.302791474	10.4978146204	10.337960212999999	7.0281532672	8.6374947427	10.1500391793	1.1284024364	10.413819308899999	10.3007769232	10.7778764898	10.3930354941	10.5915089439	10.3875796281	5.897490668400001	10.301895934400001	10.604058204	9.8752052173	7.153616517000001	10.3826387821	10.1969763925	6.619846507899999	10.4214965912	10.534610515299999	3.6584853510000004	10.3750900646	10.1587705073	2.7105656354	10.2902686764	10.6009335297	2.3791542055000003	10.5321066134	5.1125382799	10.2746379362	5.274893791	1.8815849591999998	10.905813050499999	6.613088257699999	10.6900378501	1.8068175988	10.310201729	10.1858661299	3.3408146474000002	10.2656522799	5.5025004189999995	6.0140858533	9.4423661472	10.447919442	4.1485571561	10.4438403614	2.0950860971000003	5.7397677454	1.2078005161	10.238079169	2.7251091641000005	4.0796301038	8.1949821225	1.4668369096	10.2683882099	3.3954099647000002	7.5261243663	5.943796095900001	10.5696150446	10.5559886541	1.3032403282	10.5101547904	4.3848573739	10.2707920435	9.1847297365	10.153921693400001	10.465186023400001	1.538993263	9.4391169446	10.4756093569	8.9866849264	9.9339342029	7.8888093164	10.5407524491	3.4910621571	0.4826969348	10.6127168085	5.2989346204	10.1967605935	3.1354013148	3.3685537797000005	5.2679295089	10.1599826293	3.4192694273	10.6483806539	5.7395627036	4.645276925899999	1.3071628294	10.1835215103	4.1940623224	1.6674828761000002	4.9292043729	10.6085290252	10.2907955651	10.3333099902	2.2215507690000003	1.130191749	10.10528586	4.2102143688	4.4264264041	0.42878010060000005	10.6932764306	0.1834031871	0.6909649307	1.9738345330000002	10.147574584500001	6.5164214419	2.5708664494	3.1011384795	4.315037901499999	3.9655744405	4.1216940446	0.6961599708	7.1329793516999995	10.3941109273	10.5779395548	6.2503031174	10.5784494162	10.3138548705	4.3887612265	2.1600767443	10.421832223500001	3.1744654375	9.3993431301	2.3704128427	6.421993474400001	10.449205404	10.5020012238	3.4775034536000002	2.3686747568	2.1042275101	4.1286907665	10.2759606262	9.9201074835	6.0836552069000005	10.5543102827	10.4193825005	3.1797378247	2.4113913839	1.0252607129	4.1908992268	0.2211560143	9.2052193138	4.012225115	10.695852289400001	10.150903616599999	3.6938671702	1.5139192116	4.4659136679	10.7507272161	10.5454733133	3.7615397228	10.6541405822	10.9316743432	2.5311045977	1.2183224402	10.3233396133	4.5922220703	1.2651630682	3.0453100001999998	6.421993474400001	10.3139934146	10.509413864299999	2.4484732453999998	10.6392728594	0.551194221	4.5285139567	3.738294036	4.1987683955	3.3559343882	0.34543954950000005	10.6091860461	10.0428293267	1.1490663481	10.7376418127	5.0158083251	3.3371263752999996	10.5304009891	10.6505227274	10.2550341227	4.6014426015	10.6788780734	10.518895844600001	10.6985422178	1.6416854106999998	10.1747221047	10.4340072151	10.6114981779	10.489771637	9.9180451738	10.6467412386	5.0276371869	10.6619924047	10.2879414245	10.3574717274	10.6173402921	10.3294565398	4.150253196	1.9168078309999999	10.6872789349	6.0622310848000005	10.283803946399999	10.6382227354	10.651629291799999	2.9802462110000003	5.0147822474	5.1240757645	4.4772982733	9.904302043300001	4.3571337405	8.255684931900001	10.458046877200001	6.4108592123	2.6316847193	10.6536300702	10.294520112	10.6869707251	1.3884653155000002	9.6714855253	10.3489570157	10.5571921746	10.4204963834	10.1506257569	10.3633607313	1.7318717356	10.407177379	10.325630438500001	0.6768059775	10.4484349792	9.397005802799999	8.8331891186	1.6489397464	2.4535946615	10.7139118566	2.4513377063	3.8220339724000003	10.3008762459	3.1579637518	10.7588031905	4.6534770483	10.7503583083	2.9139539007999997	10.5238317701	9.4724706005	10.399766925	4.5918828581	10.650969457999999	10.0791375737	4.2655754482	4.1967461078	5.6791521476	10.4829629697	10.3968832637	3.5346586687	3.9551740435000005	10.8192727459	3.9938817012	4.625996233	2.6834840896000003	6.4917767995	1.1284624199	10.6804327344	6.421993474400001	1.3756926712	3.3802333410000003	10.671841520800001	10.6280299492	9.8297734291	1.0978145958	10.2117181904	10.5848310347	2.9070009804000003	9.7291042063	2.8137580913	10.5553494737	2.2048132598	10.2060050213	10.6187580275	0.7586532676000001	9.8480697901	3.9381944549	2.0865349369999997	10.557406588600001	5.0821414305	10.5970259738	10.1355475915	10.6158715983	9.4951331797	3.8236563518	3.7699395507999998	2.5572129762999998	10.284920401299999	6.421993474400001	2.350381703	10.3742266063	10.2029333598	6.2921103208	3.357546037	1.9192735231	9.7937517284	5.1910505877999995	7.9168544757	10.295956460700001	4.841691761	10.1639785635	1.48366339	10.537250103	3.7903118138	10.47901933	9.867329313099999	3.6299242031	10.5389566505	10.4576744672	10.3053613575	10.186061633200001	6.421993474400001	6.796888871699999	10.2884218328	3.7818403049000002	7.3770974552999995	0.3026539907	1.2976651426999999	8.9102801176	4.5326119643	5.1343587223	6.3626684824	4.1102056109	9.579742969	10.6465083947	7.2649399441	9.0324457091	10.4132681507	6.8479579001	4.7558280921	10.8999368793	10.5717732127	3.5004825863	1.5650625624	10.682022607	8.4089796741	10.4596863455	0.5884129379999999	9.4501768484	10.1892393663	1.0529871867	6.0745548877	4.0286683334	10.5157150861	3.4557792258999998	5.3400827103	10.4067224977	0.4949111067	10.2058239775	10.5853499224	3.4414576516000004	10.4654188628	10.502980323	0.053549819000000005	10.7210350916	10.246608752	9.5202349899	10.1010531916	3.9019436231999998	4.6380231268	2.4466932191	10.0949786507	0.0019574172	10.358080898899999	10.3552952978	10.597599365299999	0.9269101864	10.5575949213	6.778134605499999	10.3995235579	1.7591469200999998	2.9133599618	10.055193107300001	1.9270958151	10.5136161192	2.3539340747999997	3.2939053487	4.3901845957	4.8344004579	0.1910362624	5.1851488917	10.420951225	7.1232707074	10.2624520215	2.7634820163	10.416409955399999	3.5673158208999998	10.3494752882	3.0785226785	6.2213006368	2.6505228863	2.5985397538	3.7350572392	0.7308309953000001	10.453582964099999	10.5245077542	8.968436350700001	9.1683295024	3.1891681430000003	6.1088041391	10.2180116651	10.318312153099999	4.1843853507999995	4.6042645159	10.159052585	10.2975982095	3.0754909563	0.0071349052000000005	10.712949828200001	0.7369939105	10.8379415405	10.6742562133	4.0116755057999995	10.439696573500001	4.4984351172000006	10.1811666378	10.4778138	10.2826599982	10.397212314199999	10.3126176916	1.5821965399000002	1.5862982181	2.2464604786	3.1199543099000002	10.6124751776	5.2317156354000005	0.0609894318	9.951338188300001	3.8397600954000004	10.1006585191	10.850972981300002	0.6301623048	0.7334806925	10.7110680311	2.511206093	5.0755950824000005	10.295166977400001	10.9201587148	4.734112576	6.9908576227	10.4704523064	5.6011381436	9.968598756	10.3125621115	4.7792719658	0.8738609519	1.143819921	3.1380748389999997	5.8156052884000005	0.494338493	9.991196026399999	10.6005787474	10.2726607293	10.165983226	2.0751471702	10.282540784	3.8554124901	5.7179548706	5.7473487436	2.1136214937	4.5306482249	1.0884334485	10.1269769598	10.386110731799999	1.9891613558	3.8934641949	10.311819865599999	6.421993474400001	3.539068925	0.0156281172	10.6412141553	10.3883455872	10.3295774963	1.7994461197	4.3379818416	10.7814626255	5.1444060256	1.4003947145	10.2912864402	2.4300513051	4.2744197893	7.980891274099999	10.3308790023	0.5364440719	5.1696699317000006	10.8562193374	5.3350748801	1.0503513798000002	9.653148681000001	3.6785683642	10.147739571699999	10.755712501	1.7640944790000002	10.4946540956	10.184686475	10.3475224278	10.510029747599999	5.3168959818	7.1904915622	4.222921015	3.9434778269	10.738295193199999	10.498146626699999	8.363480708700001	10.708918003500001	8.9836136791	7.5325916412	4.0514004524	2.5155313700999997	8.6143955617	9.9509695269	4.7645833152999995	5.8437251798	10.5146593267	3.5780073862	2.9817913858	3.2949468937	2.6655940689	10.0974045445	3.7606096607999997	10.4508502751	1.5942937811000002	6.1059935435	9.5115401966	3.2920766698	2.0600393813999998	3.7465220826	10.2217791284	6.2976619204999995	4.8728152604	10.7061035386	10.2166185779	6.421993474400001	10.548817362000001	4.663701693999999	10.1626135327	10.6072340944	2.2258048056999997	3.8852932081000002	2.7421804483999996	3.2527146918	10.563272896900001	2.8812143345	0.687336075	9.8005646085	10.3972112182	10.2467873256	0.43711360130000004	8.6568358253	3.0809385732999996	3.8287946864999998	3.7079367876	0.1539181687	10.4052019467	0.14518545929999999	10.5986839589	3.2992053410000004	1.7365412115999999	10.767641126900001	1.6464334817	10.4882956796	5.553254226900001	10.445723453200001	6.3109510246000005	10.6922678586	10.7423149624	10.4999776293	10.1899419563	10.1927215476	5.2469253693	10.5501633135	10.319057271	3.5106119124	6.026511706799999	7.6305730023	2.0878625687	10.5388462039	4.380918385	10.1018012276	9.476770426	2.4628505374	10.0726444389	10.1940525309	6.9198291906	10.5135355852	1.8641187844	10.900681295999998	9.9679486235	10.5280574715	10.527852933	9.8252363212	7.1745433039	10.6203450147	2.2486598677000003	10.2564653408	10.433752782000001	10.6121688951	10.908381007100001	10.2946551224	1.7138410091999998	10.2421404226	8.759568061900001	0.5649084371	2.4171360524	10.391991453400001	2.4387884482	6.9863483018	10.0012607961	5.8120306103	9.9274662739	10.7468244754	3.4283107926999996	5.3404371603	10.5994320113	7.2422083104	2.5665129096	9.345459545599999	10.3943130599	10.5466043801	4.4218959602	10.3341161977	3.0730232936	0.9082982545	5.9000804098	10.6045822224	1.8888617065	3.3520991821	10.266842672300001	10.4792941077	6.341541213999999	9.364055022	10.0467214253	10.5730208294	10.5513583091	7.6763451698	10.3922251091	6.2452305743	4.9925138407	0.3584843591	10.372601106900001	3.6987029094	10.6817254524	4.7810600918	6.421993474400001	5.3418793736	10.4537231349	10.2625972341	10.943518388900001	10.7646069607	2.5654673243	10.3720296296	10.355353318999999	8.4467695306	0.7015258814	2.0965493904	0.846408863	10.6119071069	10.6208488012	10.2512101012	10.8054976438	7.0262411573	4.7794365791	10.5541226629	6.421993474400001	10.5085051356	1.2707059481	10.158792184600001	6.120654664500001	2.9251931155	9.1055649328	3.4875250712	0.106039726	8.4492923412	10.7577351657	3.6054624922000005	2.5146536475	0.34608046950000004	10.5453207417	0.9105653358	3.1143631581	7.9730987084	8.8046566764	3.4733176636	0.43012708369999997	10.885861271	1.9687817957	3.5634630292000002	7.9245794017	1.6716283316	10.5021750531	10.211980053200001	10.425651113899999	3.1079264024	9.5055202748	6.038268616799999	0.457338244	8.6505973613	10.2609822354	4.1730086935	6.421993474400001	10.0249903399	10.1079553631	4.113252253	10.341379441	9.373629680399999	5.299585208	9.8725365073	9.600477310499999	10.361846996699999	2.9943328443	4.187953353999999	10.4180654924	10.571980273300001	9.5551428829	0.46553845130000004	2.1587866086000003	10.844940246099998	10.6238386524	10.122780366799999	10.5674583157	1.4747331818	2.4817097972999997	1.2967108668	10.459063049	10.0565065291	5.8769565059	4.7613047251	10.4974573358	10.4729008492	4.4936572575	5.373895879500001	3.2775027923000004	1.8881669537999999	9.0255637763	2.7739341804000004	10.250270105	1.7284424591	1.2321051502	1.9744054996	10.9020969499	6.5123787681	7.7230812184	10.288918820900001	10.3873002591	2.0067370178	10.6049947273	3.4896316819999997	0.8617690912	10.3179192966	10.1623752043	5.6960339193	10.1484484495	0.8465594851	10.3720266614	5.6642001374	3.8272757708	10.544132943400001	2.7803032435	0.5690155277000001	10.4578263833	2.8710414002999998	10.4655980926	3.4291033506	5.7307764955	3.2599595797000003	3.8325100126	10.4021518179	3.1384485135	4.0789034449	3.4387211688	8.6469907903	9.3602719148	10.3786373052	4.2343329711	10.507802205299999	2.6335388484999998	3.9743606233	10.2106487186	1.8720806991999999	4.0516777813	4.6248679663	3.6687442082999997	3.9285011266	10.492079111699999	5.8478125968	10.8638132655	2.4998646030000002	2.7705459123000002	4.1139573773	5.7920212148	0.9276694029000001	3.5377898882	2.7189092697	9.9736407947	10.7790935067	6.034983266799999	4.1070384255	3.1209950782	1.3798296980000002	10.2473175879	0.3237591025	9.7510030601	2.6817351603999997	10.5371669295	10.3614400908	9.9142838277	3.2463337948000004	2.6470346798	10.2447768012	10.5677743989	10.4464529	4.3273960316	10.640450155	9.867228851	9.9660322387	2.650391583	1.3031244645	4.6285016075	10.3403803963	4.6190564042	1.7910532841	3.9445840843	10.5771452077	10.4182091494	3.1904842663	4.1505862068	3.752208708	9.8071605114	10.5499628861	10.5198590452	0.9301040285	10.4745677275	5.4565082451	2.3370151005	9.5517876353	3.8315678201	10.5823849171	5.5112583936	4.6917414118	10.5059247323	10.004818785	4.3502682184	5.547702448300001	10.5171657307	10.4911694464	10.0984031044	9.9870259149	1.8303406305	10.8257920925	7.5640699461	4.9038188938	6.9124084002999995	6.3094617221	10.456417654600001	4.0509369177	5.4261846691999995	10.2080028564	3.823309684	5.6331765344	9.3878735957	10.6152872505	10.5088609353	5.8824099605999995	4.0392245257	10.2479764299	9.6525227574	2.8415841797000003	5.8629897964	6.643371602799999	3.1874231906	1.9593270367	4.4800602793	2.4139627628	10.743854900699999	0.6716084588	10.586935321	6.421993474400001	10.225301768200001	5.8416462039	9.9592473319	2.4861798692	6.9058211583	1.1898374183	4.4271184823	10.24157065	10.1400248823	10.499792745599999	5.1689183895	7.9232687215999995	3.0733923999	10.6093421338	2.205929815	10.3739110672	2.2440676374	10.4076832348	7.237250235	9.8789528306	10.217781588400001	10.4261798186	10.2820105811	2.9673872581	6.2641303932	10.2717476332	10.4180379509	10.6687948691	2.5537185105	10.2794260736	2.5637593103	10.573501909500001	4.9629230331	0.9872017668999999	4.0204740443	10.786632344600001	10.5929553454	5.768896849	7.0646753512	3.5287503307	9.2456141493	10.3859090172	10.866014720399999	3.5885546182	10.919495394	10.3915502551	6.8116630099	10.1847201254	10.1401959219	10.5591047274	1.8490667766	10.0936632313	10.4982858023	9.949414975	4.5345517228	5.811592188400001	3.6907225099	0.8539424395	10.5348732544	10.642055988200001	10.1608767537	1.5111493491999999	10.5679828344	10.325268445399999	4.4478879194	4.2495675808	6.7003064952999996	9.8632484945	10.5909446023	4.045357933	2.9156628064	10.2766616501	6.421993474400001	10.6895264844	4.247977618	2.5800135835	1.3629094646000002	5.624748449299999	10.4083160808	0.5028002932	2.5036449828	4.5884433502999995	7.1184546953	0.8883700438	10.253901815199999	1.4480962963	10.316996205299999	10.3532000468	10.3979942249	5.8166424140999995	0.3366993111	10.4493967707	6.9442324731	3.9062238292
PGD2	2.5989992134	3.3948272157	9.818772227	2.6162835348	9.9696879995	2.0169621553	3.6215007907	3.6057905801	5.2351290697	0.6358309548	9.6596593685	5.2829757519	0.5743427111	3.8355164411000002	2.5953119998	0.2404926601	3.0945712483	4.0259820706000005	0.0307334229	1.4745536082	9.6268291553	4.2991541002	9.0957441994	9.5622018853	4.3751966838	1.8846270205000002	1.2115196224	9.6839684213	2.9895770218	2.3013212043	2.4952980685	2.9031986073000002	9.880568290800001	0.7559262816	1.6143220890999999	0.5156370542000001	4.8790924667	2.5804998726	9.7203742361	9.6902871295	1.8283739165000001	3.5069891557	4.9511492372	7.2906831161	4.1275347824	0.8100995619	4.7050377966	2.0827775149	5.0952284445	2.3463310837	9.1462132053	5.2880308877	4.0478727461	9.4765058234	1.3524604012	3.3681882258999996	1.2438000242	0.5828398881	2.5539771098	2.3665372382	9.9531318457	3.9458876110000003	10.0263240612	1.3795418569	4.8061149855	3.9729352373	3.0919607832	3.0170426702999995	2.4038158979	5.3056709959	9.7580707297	0.7768560689	3.6191136991	5.9224196399	4.5159340951999996	9.5250949534	9.295391174199999	3.6820567911	2.1140867278999997	3.1250224972000002	6.421993474400001	3.6731675933999997	2.5093605880000003	3.3551065436000003	3.7501462717000003	3.9264707235	3.6503441412999997	9.874316947999999	1.60279611	0.7529795654000001	0.6950432801	9.6546558199	1.5935930778999998	2.573133599	1.8136024611000001	3.9172571838	4.3053595824	3.3993981208	1.6731574591	4.1715356346	4.5207336632	9.728062445700001	5.5718801274	0.1550063045	0.5161310087	9.559554587300001	3.4744528867	1.8341127584	9.5804047946	0.6066723065999999	1.7755266145	4.502370245	1.9472811884999999	1.8677633221	3.0131473159	2.6847735263	2.0723858295	7.5515932377	2.3441331652	4.6577265582	1.4832746174	4.2612662961000005	9.4717374836	9.4984740323	5.1701301729	3.5841527049	3.5331178076999996	2.0588028835	9.2003829958	1.8447072773	1.9739883591999998	4.1575832555000005	9.8097058185	5.9037556527	4.642684185799999	4.1968571694	4.2388207820999995	2.1542853131	4.6688491825	3.7144945298	4.5230942941	9.6112038756	6.3848086963999995	9.5487609104	2.7971412746	1.6562055698	4.3275151184	9.5748793539	3.9682474956	6.4882972263	2.0318835799	9.9844753711	0.3956654751	8.847742266000001	1.1931208089	9.5671420669	5.5964595345	3.1480807274	0.8192341138	1.4610296755	9.7247716728	0.3092106973	2.6128211104	4.2195065534	1.8120299369	3.4589225535000003	9.9278553867	3.4727632672000004	9.964937517200001	2.283059092	7.5617367133	7.5148370602	5.676373267000001	9.5529498612	0.9835773045	2.7397808756999997	1.924459055	3.3257531447	5.6658206375	9.9492753824	3.3858657878	9.53892994	3.8021113777999997	2.4369762096	2.011934796	4.0207712327	5.506170064	3.1326964486	3.0760431985000003	3.2341642412000002	4.545754883	4.9057277581	9.9468498594	1.0994514457	4.3144044026	6.1575526152	4.8375255413	3.7216538076	6.421993474400001	10.1213524072	4.235925831	4.9410602988	2.5707074505	3.8647884751999997	1.3008857218	3.8943266655	9.723295766	9.3341884261	0.9207677593000001	9.625517178700001	9.9927389144	4.0435240399	9.5682799965	9.292400515299999	2.5633938875	1.1403679059	3.260315293	4.436384314700001	3.7138587495	3.7469258512	1.6611897387	0.9967133478	2.0989167285	2.4825537792	1.2401516795	4.9554404253	2.9617310352999997	4.0469191448	0.2369663486	3.7506774624	0.34298830420000004	2.2355812217	4.587324950899999	5.6412529283	4.6820395562	9.3549343561	4.0282072888	6.421993474400001	3.4514658053	0.2636091018	9.9050357468	2.2039357484	6.2223037589	9.7699171212	2.9505969369	7.9917171464	4.764554376	2.2871009227	3.2929755709	1.9332464902000002	2.160189259	2.6720676919999997	1.5307052729	1.9916967012	5.3006856904	2.195755354	5.6311308621	9.352386942	9.497436823500001	9.7059811576	9.9880936352	2.6877877910000003	9.4353508372	2.650495566	2.6538864653	0.40418552869999996	2.7326318754	3.4443260658	1.9513938947999998	2.6528896742	3.376076868	9.6607072667	5.884012814400001	5.3065757488	1.7502992918	3.6034083354	9.535700679400001	3.8434581306999998	9.8968621289	3.933609078	9.7980318682	5.1006188608	1.4723159171	9.3780031977	2.3419382096	6.1896835645	0.6312082743	0.2536564126	6.5139179702	4.3788445775	9.5572713021	2.0771851216	3.1273692324	4.4890961861	2.6976365245	2.5717961569	0.5863376579999999	9.6580154022	9.4021014982	5.2713173839	3.9431726035000003	3.304658055	9.3207614325	9.609843014500001	1.7542544938	2.0483196554	1.5640453136	2.4394635811	0.9577349136	1.1986678656999998	5.0178304158	4.4333488973	2.518266981	9.561466294	2.7254366768000002	9.6721946451	2.1800420618	9.774939316000001	4.6251213693	4.3461291527	3.2104351957999997	2.9921176391000004	0.2624188261	1.2035518386	5.3999838361000005	9.4764920977	9.9923237141	3.9001797267000002	7.3246104201	5.630708182	3.7541290127	3.4938854042000003	2.5434475017	2.5404772731	0.5150715161	0.9054329073999999	7.827137028099999	4.0101678149	4.2645234575	2.5498365826	2.7985004076999997	9.585622869	4.9222292739	0.8272420120999999	9.8034029009	0.34930928060000005	3.9252937369	3.9525186552999996	2.4825481597	9.8852654008	9.5459188857	3.754140944	6.421993474400001	3.9670429337	3.9336210113999996	4.4783101138	9.6096796736	2.6854639738999997	1.5491958536000001	2.5183574634	5.0177334974	1.3197361503	2.3762707071	3.1035648405000003	2.0422097708	2.8664463492000003	2.8911066907	2.1811138571	5.2585018424	6.9818281231	2.5591402185	4.6080413328	2.0463454336	9.281231998300001	3.8598118451	5.012338994599999	2.7606499486000002	0.9641855643	1.0903711359000001	1.9942784063999999	2.9586882305	6.783725275	9.3773847674	1.8598460108000001	4.4409994875	6.1898741098	3.3270550056	3.9291059122000003	9.141710672	3.7879960839999995	2.5757795749000003	2.1488771433	6.1975815646	0.8142703820999999	5.0215007249	2.5164891572	3.6325798147	1.9985460512	1.8225084907	2.4415653563	4.0635328594	4.495489915199999	2.5185856987	5.002985523	9.7303565953	1.2083819570999998	3.9286274648000004	2.7109293932	0.0573448683	5.0837440067	4.5135956593	1.2774907389	3.6282397746	2.3966376787	3.8412647122	6.4399885151	3.977390676	4.2607863423	1.2160337574	3.9607401744999997	2.0379778175	10.0771279688	0.7986628658	10.1188015443	4.6679834001	1.4352692481	9.6857125737	0.4630867256	1.2246774152	0.5970230554	9.889686986100001	4.9456942847	1.1563258264	4.238482347300001	4.6017197199	9.1438368167	3.3994032685000004	1.4434934	0.4603962068	3.1450275520999997	6.268249224400001	9.5700551388	3.6857757868000003	4.7567593391	9.932370709199999	9.5875724848	1.8499993500999998	1.5104975980000002	4.0094461241	9.8919530935	0.21770481149999998	9.9343319626	2.1976178266	4.8902228398	5.3836945453	5.159725540299999	5.097316895	5.080845416	4.5677062675	3.3858915402	3.9890611962	1.4502419365	9.6079986183	1.8242456668	9.7405566846	3.5978372263	3.6335080448	2.0222516083	9.9870111247	9.8085036952	4.3318937849	2.8963885702999996	4.3115774257	2.6836514358000003	0.269574137	1.4499257149	4.0459321733	9.4849677271	3.5068066743	3.3165501561	6.5932061829999995	9.4380669909	4.9470753888	4.9828376789	5.5632604712000004	1.7392640284999998	5.1344468627	6.421993474400001	4.617683900299999	1.0159671114	3.151669748	1.6797089921000001	2.3695264688999997	0.5834008984000001	5.3203504069	0.2145884752	0.3779703232	2.5742431616999997	1.7604559377000002	2.4289837849	3.3096201577999995	4.6842293666	6.2713479676	4.136649813	3.8143069351	0.1830125563	0.13929732539999998	3.7366421254000004	4.9330255191	2.6535188754	9.744183295800001	1.5956196031	8.0863458246	4.0400326468	2.7531585637	1.142677872	0.45228266729999994	3.4538054564999996	2.9021499292	5.315557281	9.6240220669	2.8918127526	3.6788935664999998	9.6376256609	6.9058881511	7.8115496314	4.1868288795	5.663980679400001	5.6563020849	0.8914362926999999	3.5745673627	2.3591062208	0.7107331195000001	3.9522512549	9.853658187	3.8174400069	1.2574357577	1.5769485587999998	3.835649512	9.5299383214	4.6750976305	6.421993474400001	4.1987525692	6.5460706727	5.2446233896	6.421993474400001	1.3970436844999998	3.6927926186	4.5019254457999995	1.9700162124	2.6031413795	1.2025602399	3.4329434087	0.3287173818	9.451289905700001	0.7097558365000001	3.0570618628	2.3271438629	3.8414693680000003	9.9648353528	4.3569081424	2.8183503164999997	2.9933981118	1.6666896036	3.5611008063	4.5553278584	9.669063468200001	0.8328176713	2.7660664541	1.3474420003999998	1.9075770944	5.2577091288	9.3721833921	4.2072506726	9.8803698118	2.0805033513	6.4368796892999995	6.125436254299999	9.9531888506	1.5832663222	2.0186178388	9.7219293417	5.7021126213999995	2.8123085825	9.6868352532	6.0832129649	9.923669414299999	9.9196453795	3.3222749712	1.9824954956999998	5.6005521149	2.9218553904	4.9258362886	1.6449244894	0.43953457310000005	2.7451134588999997	0.5734661566	4.3428116058	4.4275668464999995	9.5124003351	1.8212331825	2.9389159644	9.945830216100001	1.8118908758	3.1818012419999997	4.1910082625	3.3128601730000002	4.4184525519	3.4140649783	7.9485768966	9.8082372419	5.2197780202	4.3909080404	1.4539333605000002	5.253120646499999	9.3618229791	9.385387448300001	2.8028209081999997	1.6443748451	0.898207262	2.8460485183	2.1729045704	3.9308053337	1.5286003158	3.2851017892	4.6012605852999995	5.980806542000001	2.3294205034	4.4500720613	3.5403290102	6.5123184171	3.5023842675	4.2983863474	3.3205717173	2.4533221781	1.4042129143000002	2.0984131346	4.0163219269	1.4691905844	1.7949669933	3.4781723831	3.3446186657999997	4.3990098481	3.923930861	3.2120070022000005	9.4558366947	2.2722276535	6.2154873125	9.3221787394	1.2735113372	4.4017754387	9.4056318879	4.0810925921	2.5086375426	2.8854284588	4.2606254253	9.7153525257	2.9806792471	2.1569974663	3.9107230258	9.650895697100001	2.9695583381	4.4804675896	10.0021532303	4.3927893737	2.5067899074	1.2225474295999998	3.2328663754000004	4.6703194382	9.339766230499999	3.4807124444	4.9640862727999995	3.8515670194	2.6660598721	1.9520334209999999	4.9049779145	2.9123344733999996	2.6455763205	9.0993926726	3.5492340434	9.3935217929	2.6632371024	1.8586225014	4.2578295368	3.5152822281000002	2.2968315626	4.4433902264	3.9893076958999996	0.4507427611	2.8906510788	1.3685381938999999	1.8616869527000002	3.5137426264999996	4.830137121	3.2118478905	3.5863592096	3.8641299432	3.6521704021	5.3884843461	4.7218442256	3.4825789127999998	5.0906362165	9.9423415914	5.2733926179	2.7590269683999997	3.5406059543	3.7490218552999997	3.0583805836	1.0086411483	5.9926495251	8.0132730393	9.3426875224	1.9023660481	2.0483573499000003	3.1662587393	9.5027175483	3.6926087559	1.1623469231999999	1.444013765	2.7168129496	9.5851860187	9.7353538913	4.445010718	8.3463964871	4.6342273812	4.001788517900001	1.6143612025	2.6680218584	9.5784732105	9.541324309	5.7574282331	2.8821716318	9.807276526	7.9274540799	3.6403259092	9.5424590075	9.7599512803	9.8064867759	5.3559768569	5.681607044500001	4.8074017813	4.4609915069	3.8092340185	1.1344410713	9.5741260826	7.9397798224	4.7155580293	9.6864460691	1.1255608534000001	9.6830331772	6.421993474400001	1.4838046247999999	3.1097593596	4.711923344800001	3.4259449878	9.6661044815	5.466838120199999	1.1969215608	5.9309708065999995	3.711375817	1.8985602079	4.5906525335	9.0532296239	6.1246193999	2.3740772361	4.6590986117	4.6565539329000005	3.9395656568	5.7320280225	3.4586264051	5.9099227086	9.7426592293	9.0791296252	9.7144926919	4.7423333165	4.2084393274	3.9222666335	1.9951037266999998	1.1166558295	10.008776190599999	9.6051126328	0.19917332989999997	3.5300487999000003	0.2613770649	5.3394799773	6.421993474400001	3.68454322	3.5778698051999998	9.577874198	5.931699422	1.0847821606	9.6372249894	9.8056941985	9.6379752277	3.1375413075	4.4085181281	4.6411338597	4.373754985400001	9.39807676	4.8090224179000005	2.7895662027999997	9.4363157225	2.7018117991	1.6327484803999999	4.6719384165	1.5372111648	2.4261855066	3.3761248832	1.3720246905000002	9.9582025591	2.1356926438	1.1182304679000001	0.9990153665000001	2.641626766	2.9343478748000003	2.7270095528	2.9145783323	1.9736570430000002	0.7519730837	3.528025302	4.6735886049	5.1444318682	0.44350062520000005	8.5307605204	0.0002061585	4.3631581077999995	4.8967949319	1.4426991836	5.390924141499999	4.5329744874	0.575884166	0.7722113297	3.1559856735	5.9727553177	9.532255508099999	4.2423021911	1.2940865834	0.011108286399999999	9.7911257837	2.4967609696	2.4629112624	1.345371034	3.1574721194	3.5141495514999996	4.912909930400001	1.2646665033	3.0124532183999997	3.0353089977999996	1.2102404316	9.9156166193	2.343699209	1.2422738381	0.0501284583	5.962967422999999	4.1968993925	2.6676020165	0.3070852187	9.7683595619	3.6495371752	9.629924419	3.5042690977	2.6091504716	9.5793665906	1.7235363016999998	1.5884431316	5.9286878371	1.7913990338999999	1.3729478137	2.3695877639	5.2326069352	4.5834259607	0.35737209329999997	5.3086459925	9.7881331718	2.6518744602	9.4883131339	1.6507864959	0.3752035001	3.1004241694	2.6373569843	3.6690766924	4.2767033077	5.433962001	3.8550939425	0.35589917109999997	1.419664474	2.6744156603	6.421993474400001	3.8929891423000003	9.394383550399999	5.2561803384	2.7154997641	4.8424536992	4.922330769599999	2.6423686354	1.5512788687	3.1370479485000002	0.3421016322	9.7753694118	3.5765062719	9.3423318448	2.8580382366	2.6584362239	10.0472416888	1.2031414742	2.927166433	10.0164525973	4.0313524034	3.0822607897000003	3.1404283457999997	4.231652969100001	1.0784800668999999	5.6265009564	0.4681645649	1.3376757262999999	2.4222299981	3.8385074505000003	6.421993474400001	9.9340753173	4.0190787608	3.4283666451999997	4.6634738457	3.1255350668	9.5330792923	3.3984445645999997	3.2542479441000003	3.5565779968999998	3.6697792323000002	3.6597160697000004	2.0442177929	8.8141715915	1.4890116796000001	1.4661922044	3.4477526267000003	3.8220912981	2.4138936401	4.0767742765	2.7259453982	1.8780598888	7.0911433974	6.421993474400001	2.4701190874	4.5853804296	4.9604262368	3.4301499981	9.6010128003	9.848687675399999	4.9148785234	6.744974224	5.2768123754000005	4.8927728529	3.0321215029000004	5.4190185311	4.5396579733	5.8591765739	2.8976376532	4.9612949422	3.8143802976	4.2551594811	2.2498339523	1.5751707065	5.2218548255	0.9848928998	2.5546745961000004	3.8027413217	3.4587657018	1.8838560534	0.8931154962000001	2.3269872053	9.645168236	4.1536696555	0.7354719387	1.5785835506	9.590258346799999	5.216646858	2.0520012242	3.3092724048	2.8294592169	1.6673904869999998	2.5456533145	3.7723230855	3.4505662696	9.2774617265	2.6593897943	0.8264811363	0.3979614123	4.0465786319	6.0896794754	2.339013758	9.801459459	0.5589674573	2.1849507455	4.1184777818	3.2078774928	1.2568678651	9.576705909600001	3.3954255832999998	3.066349035	0.20082564149999999	9.3751715158	2.2413368943000003	2.787648583	1.2915951081000001	1.7187871565000001	9.5183172867	9.8093831686	1.2419539148999998	6.8223799251	9.4095791713	9.724170360499999	1.5106702414	2.5259677133	1.2125395285	0.2252171915	5.0976818617	4.0006002871	0.0743210013	9.5798282678	3.094067559	4.7226528057	10.0686618911	9.7118349908	6.9674090777	2.6543851811000003	1.4221180071000001	2.0072717438	0.6262473129	1.2390394077	4.1664917613	0.783910342	2.1511798115	4.05652996	9.5241654129	3.2138237385000004	1.9404377259	7.331612360399999	9.8630788728	4.8401389062	9.2993596616	1.4497852003999998	1.7407040395	10.1065483874	5.5045283065	2.7363655464999996	4.4477437331	3.9068168542	1.7396784734	2.9368936927	4.9397328054	9.7132400528	9.5247269311	9.6064949415	9.3390987792	3.0359183878	5.492655480800001	3.1124084045	0.1597473467	9.447116168500001	3.191628707	2.0073638277000003	7.0985530741	9.8076084812	4.1744665772000005	1.8169019298	5.340658041	2.1848550437	4.2056500074	2.9234265252999996	2.6332096522999997	0.4570872843	5.7399424654999995	4.4999713728	1.1735277251	3.8396557699000002	3.4337761054000002	9.6589585987	9.6410204258	3.8049518017	9.7275946195	3.6423132608	2.7766622244	5.0130604369	2.5497478513	9.327340401599999	2.0201018283	4.8413053462	2.6672484222999997	9.2418237053	2.1391746718	3.3169606313999997	9.683584448	4.2489709073	1.3122844047	5.397151245700001	2.5426187315	0.9871035604	6.421993474400001	9.924121879500001	5.3965219608	4.2587576905	5.3363999693	6.249905333099999	9.678590079400001	9.581418325700001	4.433391637300001	9.6327780605	9.7262201315	5.4258546309	4.2385003389	9.5888097763	1.7887282646	0.43619605359999997	9.577772379299999	3.2954996484	0.602941107	2.6963925897000003	9.7532917531	5.5651324916	4.7982234869	4.2928017927	1.5451106611	5.8657901737	2.4946961874	1.6724897618999999	5.4154523902	2.3539168316	1.898941339	0.7828320231999999	5.6646710233	2.9832947829000003	3.7630683751	3.2447086164999996	2.6702016424	3.4893136699	1.7258149646	2.5634487188999997	9.9599880027	9.4257548482	1.3793284001	3.3842803318	9.2093161741	2.0283825014	3.7201003060000004	9.9538802704	9.4716651921	2.6263067888	9.7121299198	3.2293925421	3.4740779244	2.5250443037	9.7004953397	1.9118388899	4.1910884697	9.6265759911	9.3269178617	9.425442408099999	2.6650798568000003	9.0812296571	4.1762125872	2.9042112066000003	1.5673105487999999	6.421993474400001	4.0931241476	9.5885902387	5.4124340906	2.4366066279	2.6350862423	3.1333672897000002	9.721798227899999	9.7338461521	1.1725823064	5.2437993398	9.5310185128	1.4794753769	0.9799147089	0.2165465057	9.8136730688	2.2791913583000003	4.2133155	3.0269054986	4.4769141354	9.0787177553	1.7413400567	9.2023109244	1.1879745185	3.3340443442	9.6655501354	3.9256113089999998	1.4939627816	3.7505298407	5.2396072943	2.5457868419	5.563716895700001	1.7396930200999998	1.1777581370999999	0.6660865249	3.2931513479000003	0.9638126236	7.4684421451	0.5492358254	2.5050348164	1.5495857736	0.8432831198	3.8843157515	1.2605975452	4.8745065344	9.849660134199999	1.3564503947	1.2016871301	9.832443872999999	0.601307401	1.8406972663999999	5.6405156015	2.4537144227	3.7259571055	1.1029061861	4.5579717936	0.9539825003	2.869321583	2.9200613860000004	3.5955820223000003	1.2724096616	7.0198904218	3.1639270001999997	1.3183957387	4.4154544038	1.2437754565	2.576515916	9.6901399262	6.4558291504	4.1573366861	3.2700843392000003	1.5967417600999998	1.7420762511	9.5522585535	9.0080176971	3.5800689727	4.1318147612	2.7188115289	4.0860558958999995	10.028557234400001	4.0627891936000005	2.7742112273000004	6.5449199836	0.1951044447	0.7579858604999999	6.845953256900001	3.9830377666000003	9.811076506900001	2.3145600623	9.931802307	0.8241044209	1.6830730221999999	6.8361111813	3.2675025691000004	2.6628933719	3.5392083069	6.2743297877	1.6973391672	3.3136821391000004	0.6018826957	2.8569443611	2.769382904	4.2918544053	2.1471611764	2.1367070002	9.8521443301	3.5094048102	1.8051888716	2.4566172713	4.1247902792	3.1101783225	6.421993474400001	2.9291313203	3.5763207560000003	3.229352862	3.4800268966	5.7170478951	1.5098494163999998	2.9231652477999996	0.5066342112	0.8668244331999999	1.9826294249	3.6798513246	5.899045097899999	1.221851205	1.5312182287	4.6025767936	3.7818952089	0.8218892121	9.7361451237	2.4931051213999997	6.421993474400001	4.1513580929	9.5565391203	3.8436952077999997	3.2165153828	4.340891909	2.8563618441000003	9.5512518151	10.2144517694	3.6673864113	3.6676991828	1.9039906725	5.087462756	9.3727650736	4.399627890400001	9.3440523334	4.2324681738	4.3404809772	2.738687005	3.7823486827	3.0950678835	0.44502949229999994	9.9971723338	4.2571227036	3.0376333666	5.0540705615	2.5960897804	3.6340438559	2.4170472751	9.392185773200001	4.2102959663	3.33548763	9.665030013300001	4.087436963	3.7668615130000003	4.2239888777	6.421993474400001	2.8002772208999995	2.9222612617	3.7635494545999997	0.8951750731999999	1.9165670118	1.6751918322	4.1616522598	3.7904609449	4.4986925818	9.8114154132	5.5296134515999995	4.4751139693	5.2276994908	4.0106615889	9.9581295398	4.8988840087	3.0547682882	3.2954245568	2.6756610925	3.9454822245999996	9.6132542274	6.0703711707000005	9.3600635563	2.4385147234	4.473914054100001	8.665738766799999	6.3805270929999995	2.2366682779	1.7362378768	3.1742418294999997	9.9477524764	1.3792185831000001	3.6660024445999997	3.4025561561	9.8285584079	3.3989881713	5.577902439500001	7.3836677526	10.1229688746	1.6426678331	2.952154333	4.7656261439	3.5695208654000004	1.6969505907	2.7569543893	4.4342303544	5.5503171776	5.69415961	1.8825322216	5.1338371191	3.2571395686	2.7032233405	9.2575815754	4.6114008928	1.8750487748	3.2611240247000004	2.5308456832	6.409748761	9.9043105528	0.4184834683	3.7516802134	1.5647088749	9.6345189133	4.3242936656	9.3840359505	9.5984525967	3.0286612284	9.2745633702	9.8193106929	1.8286191284	4.9062477458	4.1042426867	3.8653497872000004	4.4100718938	3.4963968079	1.0791987044	5.9146976096	1.4655974982	9.210721856000001	5.6228607847	9.8032612897	9.998907647200001	4.7504176073	4.2259998870999995	5.2132866746	0.8294772106999999	3.9546356373	9.9512592252	4.6135046763	0.8136536968000001	2.4701734527	9.8400317511	10.0011063263	4.8250224231	0.3247594229	1.4305044073	2.6023147268	5.021599163	3.9634406553	3.5447772153	0.050902120499999995	2.7789375705	9.7690442052	4.7834402312	2.4757789382	3.7284655194	9.5013475624	0.7328655661	3.8990972287	3.6695782426	4.3323816003	2.6849469504	0.0861082034	1.6196694666	5.5585958075	9.8053271865	4.7945487401	2.6561198427	0.3813189258	1.5921627699	3.0081502629	0.9543172390000001	3.2793804421	1.7296674823	2.0593306763999997	2.8264448705	9.8011504338	3.6943770608	2.5194509797	3.352445982	9.109578170399999	3.8127245696	10.1116458781	4.6430100062	3.2859196132	9.1564944166	2.502152863	0.6511634259	9.8920363523	2.3511281621	3.8171565827999996	0.2313252932	3.5594939281	1.1380762528	3.7927147716000005	4.2433204748	0.4865782161	5.1479510837	3.1406547252999997	3.5823578831	4.3063192214	4.556423076600001	4.7574500926	5.3748557686	2.3238034983	9.6529876852	4.6230203503	9.8676591075	0.5335322159	1.8919646413999998	4.7603548631	0.4121235812	5.5139825093	4.3790144573	1.498093156	2.4817835618	2.5320724833000003	5.933002482999999	1.2647768132	4.6202572849	1.7424729240999999	0.9541628671	2.1220974736000002	0.7294535351000001	6.467810535	4.5000246742000005	6.421993474400001	1.6046068375	3.9828272504	4.1557320578	9.8394911272	3.7434587123000003	9.4030545661	1.7866160572	1.4281104491999999	5.1449670878	3.4283420489	4.9708109521	1.3700017403	0.7579778573999999	1.438383389	5.4982986152999995	3.1015704819	5.492954596000001	2.5829424159	2.5961401297999998	4.182773601	1.020313704	0.5221376252000001	3.9205799318	1.5658356955000001	3.3892726336	2.0600144496	3.5361321980000002	2.4498318501	2.6926023291	1.1148475523999999	9.497424354	2.431948361	3.0956582798000003	4.9387204896	9.667362735700001	2.1048532862	2.3214650137	2.5936424655000003	0.614058644	9.4640434737	0.7223204931	3.5603992866	2.1115032583	4.2239886224	1.1757036718	1.44568477	2.9004603712	0.48637151149999996	1.9898184914	3.7398028782	9.630225298600001	3.905608953	0.1618791064	4.6546557483	4.879247318	3.7745827042	9.6686900344	9.6515485191	5.6101968385	4.8788031977	0.8393421792	9.7770151549	3.2935486773	5.4812420684	8.7260261812	3.7777994122000003	2.7190841177	1.3142367453000001	2.5682417023	3.9390561294	9.731234835499999	2.3016459181999998	6.421993474400001	5.2769185452	0.7501249648999999	9.9895088463	9.637604899600001	1.8138213784000001	3.5944250624	3.2049668394	9.9275134793	2.0999316263	4.3322926347	9.2439468816	1.7634199900999998	9.3256800984	3.1919495632	4.104208803500001	1.803453101	4.419216865	1.3876856462	1.6271593435	3.1897978169	0.09434182990000001
WT1mKTS	10.415975335599999	10.0294757118	9.728475984600001	9.8207205022	9.7119780578	10.803746334000001	10.1152362138	10.7726859615	10.1472272359	10.4002959339	9.6881231689	10.4937724289	10.9526673833	10.228464073200001	10.4716849123	10.6285041755	10.1077186844	10.20531442	10.5063745491	10.2968701203	9.7719352235	10.3953546267	9.6148074128	10.0228242213	10.4781305079	10.5256812707	10.4195359361	9.6138636123	10.6214359429	10.0996771518	10.4062060349	10.220409878	9.6742034717	10.8053654033	9.777898669099999	10.301955018300001	10.535712519199999	10.6518737784	9.7663304823	9.5601510359	9.9688434388	10.5555999762	10.4356810636	9.941339130900001	10.570785282000001	10.010374322799999	10.1805018642	10.856530019800001	10.6634346982	10.4286284231	9.5358116092	10.2645659515	10.3260313221	10.0774880433	10.1283734876	10.5431342781	10.4273706426	10.178422256900001	10.3960990252	10.503374864500001	9.886075899	10.247264205599999	9.9974129637	10.306196531900001	10.6668402394	10.3845047993	10.351532820900001	10.398606339199999	10.2094948456	10.3995037575	9.8228344733	10.2843587625	10.228719593	10.084114274	10.370135208099999	10.0212144267	9.8395641394	10.1936541228	10.5986486426	10.44865729	6.421993474400001	10.6556948519	10.294538963099999	10.5526001072	10.6461971355	10.1053548245	10.8351797902	9.3340101987	10.5389718613	10.0853415925	10.3538695779	9.398411448	10.2810482686	10.822447779900001	10.379221799	10.3424666153	10.836508067	10.1432494559	10.5567315437	10.9610486801	10.2801818496	9.8223468925	10.5721239502	10.4356356482	10.5246312677	9.5052951865	10.2860003766	10.2464533425	9.7339921653	10.5356151359	10.3785919262	10.244857490800001	10.7089889858	10.9392231553	10.733596203	10.234610401900001	9.971077855599999	10.0619459499	10.433600865399999	10.2577057131	10.794212426400001	10.652750707400001	9.871188355700001	9.588222658300001	10.4090882916	10.8332975896	10.356361001	10.8336005615	9.6144106779	10.2449152333	10.735373372	9.722134269	9.589623207799999	10.6162083661	10.1377144933	10.4013385456	10.3590507663	10.544699921	10.1022642366	10.4523508469	10.3178528327	9.5659713322	10.382688562	9.5384740614	10.7850493702	10.748057810499999	11.0337479242	9.515377709900001	10.3923130257	10.8742081279	10.3085347283	9.6297443428	10.127116408600001	9.7794694141	10.488391705	9.6851431109	10.0789485727	10.5077303131	10.3977176194	10.487369624	9.3243139391	10.0103862575	10.044664126	10.2695560646	10.4680601345	10.3678503137	9.7836311114	10.7101589892	9.3060694936	10.3235328672	10.0068588256	9.9948237893	9.8532803688	9.6948045173	10.5775769864	9.9941199459	10.369047287799999	9.885156716900001	10.1127578394	9.490022635599999	10.2322941073	9.9519051037	10.6061242385	10.4923148827	10.497568835	10.3331694059	10.4215775459	10.4747259976	10.7347330993	10.342110376499999	10.6851870149	10.384836269600001	9.2687416991	10.0906365505	10.3752457072	10.179809602999999	10.0327487026	10.7084015662	6.421993474400001	9.5695963851	10.651784084700001	10.5626745581	10.2318223424	10.2305684247	10.7566192175	10.379442803	9.6658826458	9.701654551799999	10.023275735599999	9.6383485891	9.9705693463	10.6685162056	9.3894021668	9.7862564263	10.3191971811	10.4972604485	10.5885203354	9.977140674	10.2430807015	10.2352866655	10.438090060599999	10.509043586599999	10.4388083172	9.777250275	10.6368495346	10.085209902699999	10.4069516284	10.6171459985	10.3090894764	10.235286584199999	10.511094721000001	10.6300710083	10.3251167326	10.458842714	10.5027277554	9.719535282899999	10.3508604783	6.421993474400001	10.5800466808	10.3372999818	9.8952262724	10.6369494711	10.4526561351	9.63452604	10.023520973	9.940683369	9.9425054361	10.635069356599999	10.4494714981	10.4001444232	10.8150393123	10.749993783699999	10.1978718283	10.4387778291	10.6068166196	10.9341279783	10.2180615225	9.9040094025	9.6083768541	9.6744765106	9.9190367743	10.2586399807	9.930952246	11.165349309000002	10.6836896231	10.1814280862	10.162754417999999	10.3494200432	10.560675056900001	10.379172219700001	10.477612305800001	9.9728683735	10.2061030223	10.9630879431	10.7657255581	10.3557247426	10.0125163726	10.640082685800001	9.6184458217	10.549159226799999	9.7081863213	10.6544676379	9.9731501344	9.608985386599999	10.857864456	10.2516314065	10.132005276900001	9.944965419099999	10.5993457436	10.1415004608	9.296005559400001	10.5240007138	10.4876043674	10.3660383489	10.5536315835	10.5339816356	10.6418252405	9.950947684800001	9.4964910455	10.1993608702	10.0723150547	9.9736616002	9.9156757717	9.4890964044	9.9754173147	10.3983092979	10.1437550599	10.538157784500001	10.3478793744	10.3196340152	10.2571364884	10.0718526186	10.7860855582	9.9563778587	10.4695803786	9.4590517836	11.0256944721	9.8947106628	10.346369863	10.911713934100002	9.8399535033	10.3701410306	10.7128922144	10.7208105588	10.3774827812	9.6561122085	9.7779009862	10.3474097948	9.8040813384	10.7017529291	10.475712957899999	9.9577633923	10.1644983023	10.487167487899999	9.8362637862	10.281502460499999	9.9425496817	10.692880470599999	10.4348891484	10.7871022298	10.3740854529	9.6166058674	10.886727553499998	10.4624389182	9.2079345632	10.5220732905	10.7062333058	10.2613694334	10.2459473031	9.9000324101	10.0514923673	10.5625988117	6.421993474400001	10.4835332198	10.134485659600001	10.3257007015	9.7017113087	10.4686722632	10.4992503089	10.4502957075	10.023200202	10.3981418625	10.191199450800001	10.3482217883	10.189255259600001	10.3602297912	10.324611750499999	10.4945071384	9.892305282799999	10.1666314289	10.3051184754	10.6517831126	10.2576100763	9.7119427256	10.634103704	10.4522576897	10.620517539	10.3634170124	10.270478831	10.4278530651	10.3816419589	10.8731819467	9.7606773788	10.4229004305	10.5089604494	10.2754373269	10.2327978447	10.371515897	9.8542937739	9.840716572	10.2009947541	10.487892236799999	11.3639444122	10.1688315242	10.5976597107	11.0230003225	10.5281402217	10.2001701191	10.5608232019	9.7969967538	10.244139560399999	10.4231908149	10.7334298484	10.4419686104	9.4278545845	10.0200691599	9.7879660845	10.6784949066	10.7256607265	10.1314373243	10.5995021149	10.8399053539	10.4072706512	10.4309358555	10.7915412471	10.519405908	10.2182162984	10.5612344711	10.3594076737	10.251231050800001	10.7238603433	9.7319569072	10.3181800702	9.648962404199999	10.4063445745	10.6681512636	9.997111695	10.3671156981	10.351669210299999	10.349405857899999	9.158858009	10.6868050512	10.5034002251	10.6307760697	10.4252489921	9.9541553395	10.8178410229	10.7876501414	10.2804343337	10.5458228219	10.058578497200001	9.5717808559	10.2004635878	9.9747515556	9.842163277200001	10.0216406873	10.4365116968	10.0295697908	10.3173464957	9.4188400276	10.536091906000001	9.8554802808	10.129250453600001	10.4072824186	10.1519807478	10.3905241511	10.806842885999998	10.6030780451	10.5799305838	10.2402548794	10.6606198342	10.4980083949	9.4177834475	10.2785895791	9.4098577812	10.9507440223	10.5233637739	10.1258347145	9.6594960073	9.8017559185	10.3649748118	9.9439723836	10.2300131011	10.5496450427	10.4551082267	10.252688855599999	10.4793274307	10.202981792200001	10.781183609000001	10.239956318099999	10.8932791751	9.46641028	10.344013073200001	10.7764020754	10.4012154363	10.6540897016	10.0864754706	6.421993474400001	9.506989820700001	10.6160347981	10.7479578426	10.2077835376	10.5497474931	10.7275675339	10.4522498021	10.3085770199	10.769859599	10.5347919018	10.3101770599	10.0874618266	10.8030515404	10.2362168923	10.906815468900001	10.9275133391	10.0731531593	10.7958258911	9.7274073984	10.5705301735	10.0381609415	10.014886502000001	9.5233980662	10.7425377636	9.517874325800001	9.9227008031	10.5409120691	10.0816560041	9.8855148265	10.0140557015	10.3574629679	10.4869164663	9.833057740900001	10.7027123182	10.0809256728	9.4789101701	10.176068301499999	10.110149588099999	10.1291936891	10.561952635299999	10.4144089689	10.1702706286	10.103285572899999	10.3269587025	10.5252455022	10.1154839043	9.580229921399999	9.8165163452	10.9345486246	10.4269923472	10.5788086796	9.5885468725	10.7179161589	6.421993474400001	10.2736793328	10.882959268499999	10.4668139366	6.421993474400001	10.083381123099999	10.3706234235	10.3958507807	10.3553741214	10.7223808576	10.5325632932	10.7413800044	10.4372233139	9.725612674099999	10.2834587301	10.7951143576	10.3977225146	10.0955307101	9.639124434400001	10.4628924553	10.6117161951	10.4510136351	10.3107040337	9.9740289939	10.3610893038	9.8073184727	10.3970339766	10.257062122899999	10.2347415174	10.7037211475	10.4333811604	9.6702324014	10.403292603099999	9.7046040201	10.951581466099999	10.9676813526	10.133109300900001	9.9069062277	9.9966008454	10.3263852988	9.9182083525	10.043287138	9.9773158087	9.580897415499999	10.237200955499999	9.897808723099999	9.5006070111	9.8705746725	10.5468095025	10.4617238345	10.5108274854	10.127388383	10.147121859	10.7075684961	10.2521905126	9.9913108888	10.5732660246	9.973490870700001	9.462448978	9.7008760374	10.4098242322	9.8926860071	10.172535352999999	9.944072059	10.4919523022	10.5372731246	10.0963540101	10.6614821955	9.811471487999999	9.493714320399999	10.7780103888	10.4413573664	10.1781890496	10.6068278504	10.0091554656	9.5959891821	10.534166883400001	10.6636942487	10.337204444500001	10.3684938947	10.288199603099999	10.6429076708	10.0788301005	9.855987105599999	10.4199000665	10.9686330676	10.4268243026	9.8604563846	10.3437684416	10.1107809393	10.410357940199999	10.3929893721	10.446829351	10.1913188305	9.9828329411	10.363101782200001	10.337948432300001	10.015159407899999	10.4747663727	10.5723809658	10.4148295295	11.0397782667	10.4663240434	10.7299137607	9.9372069074	10.4662577707	10.3828102547	9.698749080499999	10.5462555464	10.494868329900001	9.689778454299999	10.385204806900001	10.4456594146	10.7167047521	10.0670489003	10.0470363365	10.6844340234	10.177450866000001	10.408481559	9.354414519199999	10.6801177136	10.143032355399999	9.455832287	10.2272184979	11.004558828299999	10.3463827628	9.9225866501	10.77727564	9.0786780285	10.4354459828	10.020603898200001	10.3874017448	10.228438909600001	10.4614281186	10.3286587192	10.009114780700001	10.3719491968	10.0388439177	10.4158317762	9.6319068704	10.2390058327	10.5968513881	10.5071055264	10.1336780286	9.9412039333	10.3787481971	10.7093545612	10.4656931346	10.3820246453	10.6917508246	10.9041863877	10.131149192999999	10.065893104	10.9487445617	10.2980287814	10.2656781793	10.0558017301	10.3559850831	10.1189558688	10.809088748399999	10.0298329882	9.4558067932	10.6943656995	10.4439130935	10.5412655598	10.5644583103	10.6757469908	10.134942126	10.5710944906	9.8838671027	9.275187076	10.255398616799999	10.6420477366	10.0762060201	9.7572401811	9.927411403899999	10.5794741672	10.4983929289	10.4077703878	10.0691188912	9.6577388702	10.4662976936	9.946523751900001	10.486742400299999	10.212596102100001	10.2326445081	10.5592090241	9.7482132629	9.6620927387	10.459528168	10.889273102699999	9.765240546900001	9.8117212141	9.7655939306	9.4222572774	9.9538081444	9.7305462558	10.3614525564	9.938213668300001	10.4797437171	10.2681372798	9.7799347689	10.2318571531	9.223627541699999	9.5816947037	10.5871465909	10.1080748809	10.3087910107	9.7284495813	6.421993474400001	10.5398701322	10.3153399893	10.4855734152	10.1729367703	9.3368573723	10.4098252162	10.549600763099999	10.970193172	10.7502611364	9.9649304561	10.5027451967	10.168945298099999	10.9023391849	10.1287475112	10.3992030003	10.9566529089	9.6635143251	10.0051916175	10.4976649262	10.7313884353	9.2029656155	10.2496764617	9.910105732	9.9276252947	10.4257282896	10.225285786799999	10.3401103527	10.2993572528	9.6301041842	9.6436731973	10.233879353999999	10.8551833353	10.779241608	10.410774889099999	6.421993474400001	10.826301701300002	10.5920298139	9.8130834276	10.148688674	10.3190182271	9.50683064	10.0861820833	9.7723676704	10.5893577148	10.2637338741	10.0096687401	10.5751448619	9.770829169299999	10.3394074616	10.9234730299	9.7836968281	10.4955329703	10.318786619299999	10.4737052631	10.3442340092	10.2552473186	10.8061648524	10.670651315499999	9.315420317300001	10.3689637871	10.4711974616	10.5074616061	10.5412309617	10.5572080598	10.4215938219	10.4384621087	10.4183054884	10.3352402819	10.812640996199999	10.318793164199999	10.3591318128	10.4352422188	9.7708200065	10.6918699823	10.4248249306	10.739071001500001	10.5556107626	10.4495473604	10.421516729299999	10.8498087371	10.1882935671	10.1644343684	10.0584953125	9.8269863165	10.311104078200001	10.2393876978	10.2009294913	10.0346408327	10.4505143726	10.335606803300001	10.5356420788	10.3501470896	9.7149013026	10.0670933002	10.4393362972	10.3699526314	10.6429746596	10.1112239475	9.8481077236	10.5361203406	10.3994305717	9.849990031599999	10.6568485837	10.5608450089	10.3191327979	10.719421994400001	9.6345188139	10.2261551389	9.425054403899999	10.1045543342	10.2702404459	9.4722492165	10.556355222799999	10.355157111	10.184260483	9.9168094508	10.4111812236	9.920684834400001	10.3234721549	10.839173074000001	9.9169177361	10.6186343395	9.9796666643	10.4282709542	9.8545115703	10.4060114292	10.436512202000001	10.3296965159	10.703895167899999	10.1644563031	10.814999413199999	10.960168221500002	10.2678187227	10.0121478795	10.1117890269	10.2793338675	6.421993474400001	10.5280186238	9.633754074299999	10.3922712665	10.364208146900001	10.5545805922	10.7516386208	10.0400128533	10.3096827532	10.460466498099999	10.0787203422	9.6588319128	10.6786339102	9.5065580881	10.3583548938	10.4868013467	9.6803464643	10.0215599039	10.394507150499999	9.8318191362	10.5467586036	9.956770086799999	10.1724691961	10.2560815345	10.5473964286	10.6569079364	10.2689754826	10.3758858989	10.0678711127	10.6200228539	6.421993474400001	9.9078660302	10.492735740399999	10.4678045857	10.478388648	10.4673682119	9.748808436200001	9.6257579257	10.126077452	10.5936301624	10.5096612195	10.3334424591	10.4633425157	10.084164636799999	10.798065418399998	10.2354512404	10.9125637472	10.6118320927	10.4840571287	10.3809512277	10.4932607193	10.2914486116	10.8597175871	6.421993474400001	10.5179182687	9.9861078854	10.4953348885	10.402002513300001	9.3166807395	9.5600970137	10.5273583638	10.692674972799999	9.9478225749	9.1402339141	10.4571474351	10.765000571199998	10.3069207144	10.5990688716	9.6670346409	10.5903165158	9.9415822993	9.946458355	10.2479413209	10.5016357472	10.1700471452	10.515823814800001	10.4613935054	10.4139663326	10.114732139600001	10.7080770061	10.5879312503	10.662346639099999	9.639861998099999	10.783627193900001	10.2721182769	10.6316568033	9.4417990214	10.5707304863	10.796733036600001	10.6558197353	9.8885393671	10.3873681533	10.5105107931	10.573275945	10.5655223748	9.8905821879	10.6014676865	9.968507343999999	10.1489259593	10.6544924125	10.4223363893	10.5575036435	9.743505804	9.9572174333	10.6209535374	10.4819287495	10.5929351042	9.8004789688	9.3895674389	10.852222004000001	10.741125679300001	10.3585268551	9.0307992126	10.4968601115	10.1873055061	10.4417335805	10.6724149243	9.8202633186	9.7792128912	10.3758153897	10.7530607509	9.7363270637	9.4270880527	10.271580569700001	10.0755394474	10.645967065599999	10.2880445034	10.6286876747	11.0958836644	10.412132210900001	9.3466487504	10.5931979113	10.7395538206	9.622589036599999	9.9780345115	10.0569999276	10.4924049997	10.1421183744	9.991612633899999	9.7508617053	10.9199601061	10.368313691200001	10.836318247000001	10.3487318456	10.6611138977	9.766294511	10.6915435238	10.632449169800001	10.5497209541	10.1043256836	10.3410586342	9.600263932799999	9.922270102	10.412193156499999	9.1420829364	10.5012189043	10.5899313142	10.5219717688	10.1805140652	10.678796542	10.5685901078	10.4882169275	9.3685956799	9.6635125181	9.3658320415	10.0142298036	9.803655681	10.1626354238	10.4214978478	10.3799212237	10.027911217	10.3828767498	10.5571154327	10.0324143308	9.7804423073	10.2863500882	10.5346530375	9.8665070974	10.6803786487	10.304829265499999	10.6428990065	10.558044405599999	10.3860664454	10.7460100551	10.151834961	10.0568832444	10.5419001085	10.5243582412	9.4728674801	9.7733979808	10.3468010106	9.6092645601	10.3484388418	9.9372659016	10.5543407279	10.7589788205	9.679514235900001	10.466603595599999	10.511693704199999	9.976701469	9.597203217	10.5388035294	10.6779712765	9.5723196605	10.1880244623	10.0697010516	10.788377423800002	10.4983562861	10.648594940599999	6.421993474400001	9.6819098446	10.1410449779	10.3991131029	10.7710184037	10.5674628766	9.5734859443	9.695816964	10.3954624378	9.5421970904	9.524404502100001	10.0629424407	10.2057237817	9.76757322	10.0791424942	10.3851547612	9.863287919	10.9097727967	10.1342396465	10.2983977221	9.842697794	9.7334711633	10.5645956912	10.565468237000001	10.2220043895	9.8983547287	10.8519365174	10.5180743748	10.3097822966	10.2888518903	10.4671383366	10.094548700499999	9.9726463097	10.6601766445	10.4428683851	10.4805641842	10.2997642943	10.6466723727	10.2919312973	10.6394986357	9.795661605	9.5608307463	10.5258649899	10.5697899885	9.8094535198	10.3404924374	10.7015329118	9.5471511395	9.4344268984	10.5682128866	9.7675229097	10.3147435263	10.6184625134	10.4570853322	9.7874523467	10.2749848367	10.1685473435	9.6724353138	9.557985482000001	9.7345224599	10.0177742535	10.0266826753	10.028762065	10.4647844975	10.5156851136	6.421993474400001	10.3848637326	9.5544651044	10.6895388956	10.1037046482	10.5329638239	10.6478720315	10.1400676351	9.511514267	10.4118712926	9.8911560761	9.7459258614	10.0448478762	10.6455332549	10.6422408913	9.564369790599999	10.6158398947	9.9047929567	10.852351716800001	10.938490509400001	9.9977878308	10.6733014152	10.2029294978	10.3428874564	10.4565974941	9.963178725599999	10.2571870887	9.8017565482	10.3189911805	10.2031508686	10.6335548734	10.7964870977	10.3871425416	10.5897660749	10.707605039199999	10.5026146451	10.1790085563	10.762911689700001	10.652100686	10.346758468200001	10.6573265085	10.060574133300001	10.2676122237	10.2902368966	10.253353573	9.543477259600001	10.539852443200001	10.3862880395	9.8494809448	10.611868259500001	10.2013609242	10.1026164194	10.696979835	10.3678178941	10.2140664522	10.7473688987	10.936645826400001	10.5979209425	10.3784465995	10.3132789465	10.0155222479	10.1615415676	10.6333645129	10.3874282869	10.4000700924	10.277130883	10.5932019737	9.8716114789	10.4243582161	10.1920703239	10.3635784763	10.0545756867	10.5707982646	9.7204186391	9.8314396436	10.3124466382	10.1806281126	10.417982647899999	10.3157458163	9.866901370499999	10.7176205651	10.302062814400001	10.731639986	10.4020627433	10.5218640292	10.4414956763	10.2777978362	9.6085406445	10.3880529125	9.1918546418	10.5455803709	10.5710018016	10.5033812523	10.4462024888	10.3221039363	10.3505954693	10.3871114768	9.8595126171	10.0077908134	10.442460563200001	10.4249474862	10.2466317247	10.4096746219	10.6202968873	10.8981470251	9.635087518099999	10.3729800735	10.4786049535	10.7086616493	10.528900551900001	10.1560637077	6.421993474400001	10.6295386576	10.4781436025	10.5029502352	10.3832375028	10.3137217359	10.6558426479	10.5988536813	10.3492837759	10.228536199099999	10.3186863895	10.3995725863	10.695502083	10.2800196757	10.1288817038	10.5820856753	10.2127933133	10.3686273251	9.5427015885	10.4806034278	6.421993474400001	10.4011220835	10.0784861355	10.6842825173	10.7647867868	10.6066708048	10.0301654442	9.5035174886	9.7598317679	10.0275360275	9.7694646465	10.3559361756	10.2360989838	9.759262919	10.4158412558	9.801046894099999	10.3494474634	9.9953691078	10.1005086268	10.2703331852	10.4747540336	10.304861857799999	9.5670104171	10.3745739051	10.740682769600001	10.624772978300001	10.6203893533	10.4445473703	10.6347057537	9.842055884199999	10.206602392799999	10.2684992985	9.7105218786	9.2820994597	10.894086533900001	10.980703183900001	6.421993474400001	10.6785349358	10.5859424368	10.9363777224	10.648369917	10.3372601413	10.475790468200001	10.6866396863	9.789694565	10.5538262346	9.6886655432	10.6616596602	10.3742041598	10.470759232899999	10.4317401225	9.841257413300001	10.712871685	10.4824071248	10.321944729	9.9376623073	10.4847892058	9.699832110800001	10.6373738275	9.389626132	10.8709421016	10.6109644372	9.8120279777	10.4513963095	10.594673115299999	10.387577785	10.1765009823	9.476726551	10.4677013924	10.223366049900001	10.283127608400001	9.653639787100001	10.507214187	10.501834051900001	9.7177499945	9.5425122523	10.5114780201	10.7744671258	10.1183237642	10.6108020489	10.845956338099999	10.3052143488	10.3974524751	10.0369671524	10.158602997200001	10.4018721238	10.407177947300001	10.3772627906	10.4205130048	9.6691698964	10.6340119438	10.3680076967	10.2784248937	10.4507058622	10.6263794386	9.7793622725	10.7010022678	9.7947602812	10.2445697495	9.3866302379	10.5261773315	9.626740392	9.501261379299999	10.1594782102	9.6747337442	9.5019080115	10.6271247708	9.667629896900001	10.5249315141	10.768089968499998	10.5023958139	10.2476862776	10.3418800066	10.6315608933	10.4056771022	10.0205862762	10.6521030539	9.4928522618	9.8620155884	10.382536856	10.478698059	10.7325023527	10.6588708134	10.907736933599999	9.6662547746	10.799964687100001	10.3119349748	10.5397177	9.5658365203	10.0056552653	10.593098476	10.5049075176	10.5011659945	10.5537301135	10.7626677034	9.905795972	10.3648867091	10.478508658600001	10.8328543207	9.8857823481	10.4163804104	10.6008122581	9.9254056068	9.9501960238	9.9646925653	10.058759400700001	9.908667802	10.1215720309	10.5519245249	10.5618041315	10.0002231427	10.0509599066	9.7305887826	10.9868033019	10.4936558699	10.5344965481	10.3205817536	9.990113151100001	10.345101299500001	10.4025547375	10.7495378925	10.7171256539	9.797222894299999	9.7302518135	10.521543079299999	10.3562207558	10.643352778999999	9.892878834400001	10.3986085401	9.5653057647	10.8446115659	10.1180073394	9.8799646012	10.6819962919	10.8645508642	9.6492024645	10.352630748400001	10.761318855799999	10.0358612842	9.9512629154	9.940084170599999	10.3218465524	10.6094851842	10.7102460907	10.5773544306	10.1724076902	10.4741738188	10.4777506489	9.615739829299999	10.7025432486	10.577363352899999	10.4129971394	9.7030476047	10.810747223499998	9.7007659808	10.2640392548	10.1810271514	10.1625825849	10.7342509973	10.192668876599999	10.2779124148	10.1201550187	10.7142110533	10.959726290999999	10.5699397139	10.2888020943	10.7228081552	10.2083065797	10.144352853500001	10.0813443677	10.0854423582	10.0131584219	10.3697611015	6.421993474400001	10.2086453982	10.1387845862	10.5814142811	9.6902507498	10.44885736	9.841393544199999	10.4378466284	10.4654485278	10.491043321900001	10.5219618009	10.939924910899999	10.48029501	10.7555109557	10.5572281381	10.3786452755	10.5859879936	10.0691484602	10.5356658285	10.4727882024	10.4433606975	10.3871137382	10.3870570605	10.1322322967	10.720983014	10.427315480599999	9.8895135468	10.5201531285	10.3343853289	10.2571790928	10.2777332276	9.9240946215	10.3247865159	9.9685604735	10.5190301573	9.7947159194	10.2046450707	10.2810767224	9.8062560458	9.7750608902	9.6694263027	10.5820840469	10.385912024400001	10.461576971900001	10.3218147409	10.442645325199999	10.6423188233	10.6352242898	10.0640186971	10.852249636199998	10.5408981581	9.3432892584	10.1832702076	10.683835909199999	10.0918181949	10.5998364951	10.5312981981	9.984722834	9.658827413200001	9.786940275900001	10.601933603300001	10.2533736072	9.783845081399999	10.1097093796	10.488073991	10.1853303445	10.464005523400001	10.6245929077	10.6219202893	10.300103159099999	10.2987510629	9.8626758421	10.7776401856	6.421993474400001	10.3477525361	10.2490971234	9.8001046163	10.052777405599999	10.7936761743	10.6982677366	10.3462494209	9.4397134416	10.1181622493	9.9926316366	9.7398740671	10.2979475734	9.7782477181	10.5812142315	10.725185680900001	10.6438024979	10.2352684521	10.6273794337	10.203361046	9.7386378245	10.3974477724
SRY	1.669019193	6.2799504823	9.5251772507	10.4015651693	10.1361379503	3.861476795	10.2328763377	2.9098394026	1.8445821536000002	5.089414634700001	9.6902328124	3.9358738772	0.0977007792	5.7123495874	0.3114160379	4.4284767982	10.1983712421	9.6374851936	8.0804858433	5.4646381591	9.5565131482	10.1343140881	9.7847146241	9.340448395700001	0.7344298158	10.2764869601	4.3555045879000005	9.6698456682	3.566471799	2.3460884428	7.6057661185	4.0217231866	9.475404322200001	4.9626923414999995	2.6937958951	9.7979764299	2.7563344547	7.0723561577	10.0669873716	9.5274004014	9.5542966262	10.3298630087	1.4220024883000002	9.9135791663	5.421399245700001	5.1680681039	0.46104166090000004	9.052840425800001	2.6688387921000003	3.9669369882	10.076306608200001	6.604967612799999	2.2445760274	10.0464764204	2.0796217989	9.6392994377	4.0388395002	5.050113201	10.0640705315	4.6826209058999995	9.4445729819	4.5911233349	9.851416531	4.2725694306	9.2268747067	7.7995214388	4.9780633841	4.1440489538	4.0867717342	4.9191747392	9.337510893500001	3.7966148351999998	4.024232809	10.0978568959	1.1163927346	9.8457584545	9.902328406599999	3.7074487214999996	0.0142321536	8.4329407518	6.421993474400001	0.3333307593	3.1749136567000003	9.1708637797	0.2718986316	1.7428671006	1.9895068904	9.5404571214	4.6781193737999995	10.0041260936	4.7644727463	9.5723344252	9.9482588327	3.0522264217000004	1.6636649648	9.445612068400001	2.7891782109	4.4400310459	7.621841513200001	4.8062284256	1.4145554991999998	9.803033684299999	2.8688447231	0.6167002232	4.2200510492	9.605416335700001	4.3420213783	10.4212522285	9.561507459	7.52747003	6.348540112699999	6.0111133575	9.649915346	5.668078003	6.2611677164	10.0032683659	10.4003644946	9.8364399457	2.192932393	6.6736540362	4.6345607829	2.9624341324000003	9.494185637200001	9.7786751748	4.3706172933	0.9987718239	6.7669846139	3.6860051974	9.7601053729	10.3354266758	3.2080179423	9.8308126615	9.6768691691	1.7830589968000001	10.2290819535	7.8900130443	4.1114180098	2.3165823418000002	2.8729207612	1.4333160275	3.6871700778	9.7178827152	1.6792157034	9.2104449723	7.6594868594	2.7156511438	5.6119320973	9.766521342999999	7.2009071729	4.9327449438	10.0992547309	9.7154536708	0.9601974993000001	9.6012669318	1.5906678907	9.814960912	10.369403311900001	10.238497596	4.8898540194999995	10.3487082904	9.7677014379	9.9242699487	10.0889230675	5.2122134305	6.065397841599999	10.018120199	10.182904823300001	3.6425509813	9.3523514581	2.6125475076	10.0797561809	9.9619863023	10.0044314336	9.7003858769	3.1834656008	10.0077292066	3.5368639592	5.7978843643	5.504426141000001	9.6419808251	10.3552257944	9.9903333303	3.06782683	3.868192005	10.4510071371	5.9908813341	3.9191870498	1.8922582909999999	3.6100080869	4.1502124567	3.1709977272000005	1.8609888371	9.9229376072	0.6840870171	9.7448028512	5.1564912051	9.7289278977	7.562176514400001	6.421993474400001	9.327726324	4.851945596	8.905043713	1.9245928112000001	1.9776662277000001	5.144418684700001	0.090500706	9.9521806489	9.9329947697	9.535786679500001	9.655599009400001	9.4134548965	4.0920523397	9.7399123731	10.0305308728	0.8276664667	5.0229050918	5.904587243	4.2676374884	5.8261801622	7.487805073400001	0.7683730184	8.6644547799	10.3196291813	10.7088757033	1.5910429394	3.7684265915	1.0444502699	5.2126059606999995	10.121568549700001	10.4039762151	3.7063531792	5.5139961457	9.6917397996	4.9705812015	1.9318412168999999	9.6943117567	9.2780729428	6.421993474400001	4.4673278345	2.5704271588	9.2565134912	3.8781534427	1.3618136211	9.8712549346	10.287031558899999	9.9679704409	5.5486963764	4.950571935	2.1452454038999997	1.1375429569	2.2764612389	0.7733511103	2.5593049405	5.6700296903	5.2031159427	7.2626724352	4.5492500052	9.2101894183	9.6770388253	10.102692560700001	9.6368431791	4.598273244	9.555442879500001	6.5779275072	10.5040231429	10.0312567329	9.662493377899999	1.850316773	4.3487689128	3.4620981926999996	7.346991129199999	9.581153936	4.5136298994	2.7652313686000003	5.759226735	3.7552644151999997	9.6705250406	5.3438040153	10.1156113218	2.0068663497999997	9.8937893611	6.2187697627	0.9798960956	9.699045177999999	4.4834999548	5.3829756584	6.0142472711	10.1029103446	0.7859813828	8.6016904878	9.9336643814	3.9388250774	6.898953992999999	7.0065478037	2.8830263105	4.9705335861	2.8234957957	9.4712734868	9.2853544814	10.1822651832	9.3324711883	10.1382210957	9.6950192144	9.6490049198	6.5578720263	6.339981872	10.0860124696	9.3182913384	4.9014547095	10.0308779179	1.1949852593	5.1092736631	4.928248998	9.964929771900001	2.5739111346	9.685344262000001	3.0670957316000003	9.583571904400001	2.1165314053	4.9954374708	10.1634183798	5.8786352374	4.6537711336	2.1243772696	9.1900694773	9.6000697458	10.036435533999999	1.0705612689	9.9797716147	4.3395597841	5.3020101508	10.1520321213	9.8635087408	1.6178930638	10.0487936141	2.8429221513	10.1565960755	1.667013808	0.2341298147	6.7464809605	4.5919708359	9.7002555281	3.1154827416	0.3011521244	9.6989892069	1.9484839742	3.9883872557999998	5.6108635528	4.5361037727	8.8251654189	9.619915260099999	2.7373696078	6.421993474400001	0.7174968723999999	2.8166012525	1.2842502583	9.574475765399999	3.0095659412	2.5228753058	4.5468806572	9.3556755015	9.6754427246	9.8844829046	2.5214707673	5.9152170666999995	1.6355320619999998	5.2834923524	0.2951455824	10.4200780551	4.8543333998	9.63955674	0.035092646	3.4961174381999998	9.5504090907	3.0091755151	10.0794229089	4.2295527063	4.5980984102999995	5.5677683615	8.5165721449	6.5147403775	3.9028315365	9.5047286367	2.6252351748	5.0529037007	10.119118739500001	9.9385584195	2.3728313119999997	9.199890306	9.9893918573	0.6557060506	2.4465579053	5.2985705432	10.153502807	3.5185582581	4.7256775379	5.5186295236000005	9.3049871175	0.9838536161	9.724082323	10.2219900004	8.695981075499999	5.088370304	1.9383961386000002	9.5426734062	10.392724616699999	10.1426239577	5.323350569	3.0243617261	2.3816439802000002	2.6029639278	1.4437287972	3.0790742181	3.81021588	4.7302346319	5.9063921861	3.6591649843000003	3.7305366060000003	10.1600366851	7.0184645031	4.2081297214	9.754773156699999	3.6507354480000003	9.79201514	1.395249206	10.4325367227	9.406504870900001	9.5061847279	6.1741789476	4.416871835799999	9.4354092147	5.3766385963	3.6672695518	0.6571464472	5.0335819671	10.217738171799999	3.6393385138	0.847833823	2.6329648027	0.6976382937000001	9.850732666399999	9.862298036	10.475535801900001	10.3521054777	9.9435190764	9.4375161356	2.3576233278	10.142104529700001	9.8784079533	9.4100826918	4.730591115299999	9.5815331538	0.337364887	10.0222786724	9.5455490524	3.9130115863999997	5.5085514671	2.4768462079	0.13822193289999998	7.170137002200001	7.916389424	6.7566018464	9.866945809	10.3535729744	9.8513609166	1.3060900102	2.4706895397	3.6318653817	9.834298706	9.3936585049	0.237303719	1.5722014488999998	4.4443405946	4.3513963785000005	4.4029899918	9.3731973666	4.9595681077	9.7732635014	4.4798949632	6.6697281372	3.3920788819	9.7410779858	10.333811167	1.4463814553999998	10.3900371562	8.1819240671	3.886678199	6.421993474400001	9.006859146	5.0916090339	3.2652577319	2.0442144382	10.0088294611	4.8299202968	9.5211649813	9.204711618400001	3.824413635	10.4166073508	3.4961160175	0.1116079636	4.9146514163	3.4597375418	5.6524730904	1.9092207155	10.6268617715	3.1659252756	9.951314034400001	10.1639619345	9.575834655700001	10.3142078497	9.474240341	5.0880015108	9.858299155700001	9.9636545373	2.9682128748000003	10.0049169921	9.936522945	7.6716404154	1.2065789266	7.224463109299999	9.5037971645	10.0799957734	5.2190414798	9.4487437642	10.3874376162	10.1209483626	5.1130903984	3.7025205732999997	10.1604574414	10.3712389425	8.56844195	5.8644382847	2.0785666179	5.1427770273	9.0947691022	10.1112625346	3.9104115799	1.1330000759999999	4.4123976564	9.8691109256	2.8301750677999995	6.421993474400001	10.0055561588	2.5882249129	6.2425232361	6.421993474400001	10.046857317	3.9584648452	3.4057972551	2.5014722408	5.2967509928	2.3182632109	5.5719180076	8.1895582676	9.4855193252	1.2349919084999998	1.3503441993	2.9776971662	3.856037637	9.3657821748	9.3226857989	0.303760192	3.4056730314999997	9.411420832100001	10.6138668261	3.9943946062	9.843753473	10.2743644055	0.8458967678	10.018981927	3.7989558963	3.9985246869999997	10.200522211900001	5.9054026002999995	9.8267621799	4.4375786361000005	6.6684450309	10.0715334702	9.4837628569	5.880973881799999	2.6925592419	9.9207359092	5.7682295330999995	6.2082359363999995	9.7708954897	9.824702740800001	9.6103750997	9.8816463178	9.9456983469	2.2807891867	2.2436485714	5.546520816	4.2588369213	4.0148204002	6.0264379465	2.8219173014	9.8951734214	9.5237280489	3.0229164324	10.0036027626	8.4095421841	10.102714163	9.7485846305	3.8658496187	10.1915222812	1.0493590082	4.4429275513	0.607330988	2.6478153993	9.764214062799999	9.5130577652	5.1465083134	1.5904826236	9.8859910064	3.4898903204000002	9.5982766032	10.0026593369	3.9878581956	2.3329274121	10.2801728972	1.0328733331	2.8514361311000003	3.8897309527	5.0278889202	2.6881016739	9.837896855599999	8.7333606218	2.8704600795	10.040888871	1.5202479677	3.9497421937	4.5043572346	4.7224746444	0.8398188731	1.7727404303999998	10.0664233398	9.1721544183	1.1237116205	3.9655732587	10.4045304111	2.5121183254	3.3271102572	9.2935395897	2.0069397908	0.7456795973999999	9.962493176499999	1.3051283948999999	1.3349860205	9.8530113234	2.3756499358000003	2.9062108139999996	9.5216093096	4.0386690649	4.4510795876	3.4051359429000003	10.1001539506	9.113321492799999	3.5820736015	8.9334494357	4.3599184125	10.0817225449	3.1035586167	5.4716289099	9.8899648774	0.4827830493	6.6268309248	10.154497191	1.7588011211	4.8151802220999995	9.3661875584	5.9259242193	10.573701417999999	9.343576023899999	4.4424268456	0.7499310390999999	0.6005127996999999	9.7876354955	9.6327931735	9.7305329184	3.5846610819999998	9.8556810953	9.615703789400001	10.089252183500001	1.473716368	4.683966326	5.2450311617	3.8785321431	3.8931013505000003	3.4076588846	10.101817414700001	3.9136796205	3.7148614933	10.6118716532	10.0564090687	3.1728060361000003	9.2458615426	2.5988727333000003	10.2351774424	2.9197813158	9.726748395	1.709306466	2.0118643488	10.0011655389	4.6692796735	1.9761018612	8.481291390900001	10.2172615574	4.0792112276	2.8783803147	1.8271586302	9.8868423569	9.7512351901	6.0472275639	3.7569122722	10.0053580596	9.9667477451	9.7857483481	2.9885488761000003	1.342238593	3.5609143707	9.4606511817	9.4168287814	4.4728421471	10.4065129142	3.5361887891	6.9099930671	0.6117787356000001	6.934274876799999	9.3396257692	9.6064623597	2.5873008433	7.2038501208	9.6903819699	9.9531746815	9.9851494791	10.183330469	9.105979018400001	9.985540204400001	4.4783777017	0.1417556419	6.053583671799999	10.1361699895	2.3786539781	1.0765796618	9.4411254178	10.0538780799	2.6399048376	10.0200224589	10.1907935952	9.6799034372	6.421993474400001	7.0204849819	5.478210241499999	4.700481461	9.1482097501	9.9026828778	7.272987265299999	6.7845425438	4.635246195	1.3984274211	3.8188290022	3.7612010764	10.010018438200001	0.7966086815000001	8.1218718014	10.1721629431	4.129857566	10.3815839435	10.2974354495	3.0829274041000003	3.4571790942000002	9.7392293162	9.6835699841	9.8678169431	2.5019866783	1.0371749009	1.9796323184	2.4556373304	1.8772963666	9.6501267192	9.616351513	2.7027633698	2.3594912243	5.996576628400001	3.590558707	6.421993474400001	2.4019541644999998	2.4838770274	9.7571814024	5.6090466672	10.241049977100001	9.7346487625	9.4862894959	9.5654110832	5.9216964789999995	1.8694261648	3.1724840682999997	2.8088365998000002	9.6348462157	2.437347801	2.2204512714	9.4372166601	2.115478842	3.6493282373	4.3185347354	8.3435227888	3.1422196461	5.7956150513999996	2.1684787754	9.2088439616	3.4134811963	3.9184889272000003	4.7966316255	5.3952507963	0.8917660391	3.1242166618000002	10.0400396141	3.9332352608999996	1.7885757708	2.7096472579000004	6.13789796	8.622320567300001	6.8830910599	9.939461939400001	1.6908353988999998	8.9612054634	0.5338333281000001	5.976410005499999	6.0922649488	4.0037245855000005	7.4830689493	9.8856338309	9.881700256	7.120334177799999	9.3799730877	10.2932578384	1.7597270071000002	9.9254628602	9.6545749487	5.403291396	4.0870712404	3.3650672555	9.9092958884	9.405543612699999	1.2284383145	5.0731357037	0.1753991113	5.3616474754	5.8440748479	9.6027292219	1.4953967461000002	3.7319494991	8.720901055599999	6.6307760063	7.2893894276	9.4358893935	9.7173117916	9.4402073539	0.7321378468999999	9.4636503599	5.852012205	6.2833729627	9.719303045	2.1871573018	6.345025667100001	3.6048185783999998	9.8636414121	5.3131277176	9.7360723418	4.3812545902	5.2704881624	2.9144814855	2.6722712248	9.686260833099999	10.2211301902	10.0467411425	2.2414960089	3.3223943499	4.4587021491000005	7.2745583924	1.8890744753	1.5188105303	8.632528132000001	5.3524849761	10.1203940823	10.0455322612	1.7602728139	6.421993474400001	10.451845813	10.005895328400001	5.9499891116	0.1718279218	5.9306471235	8.4640024418	4.5666214572	4.0081483552999995	10.1873963785	9.3098991614	9.6331216256	4.1023669475	9.7388726248	4.2706447547	3.5789833389999997	9.731735895	10.2319429423	9.6329284539	9.5390977288	1.6557594919999998	10.1014466537	3.6895746436000003	3.7936146281	0.7926102941	4.4414928231	10.3698435125	4.0739316612	9.9959494021	5.17238871	6.421993474400001	9.6758823135	6.1001041403	2.3575399840999998	8.691462895199999	4.6181359537999995	9.7618381322	9.705818121	9.8436255451	10.353198847	3.7428711983999996	7.407529004700001	5.1410441779000005	9.6760094485	3.168791155	9.8289243635	2.620055426	7.7774544166999995	9.4983508327	4.7145267602	2.4421521039	1.7016515131999999	3.7102673445	6.421993474400001	10.2119330531	0.3348253468	10.700943131	9.260742387899999	9.9214151638	9.9670760526	10.5523942244	3.7153020468	10.3778072361	10.2849981653	3.3924790798	8.9536415588	5.3263172109	0.0670519954	10.1349356798	3.0629270176	10.159252974600001	9.9490505809	3.2164788408	0.18662604859999998	5.1922117248	2.9890467689999998	5.9961246458	6.8844989295	3.8287955102	5.5527797786	8.370664819	2.0795118716	9.758845149099999	9.705337729	10.3353352648	6.0540379292	9.7472536833	2.9050278169	5.3455727244	9.579813399099999	3.3046595699	2.3168937834	2.0196617148	1.0760415753	5.0346058686	9.8769861616	1.4371627777	3.4808281093	10.0582766103	5.7991389147	6.3465793478	10.156311344199999	9.269744060299999	9.5040895528	9.2606238082	2.0448424035	3.6873042060000003	2.5053094678	9.1150610991	2.3898190292	6.4642836238	4.1107003171	9.5832646073	1.0760028696	0.2729297706	8.098387323999999	5.4716193445000005	9.4750448247	9.453433090399999	4.4232817856999995	10.3552724795	9.5380166224	9.5912096046	7.2319718548	10.3162607062	3.5370658074000003	10.1602763891	5.1257160463	4.6800344249	4.4595379897	9.7245650186	10.148298472899999	4.4261459236	9.7777464707	9.66886518	4.4948995349	2.9505301298	1.2280732496	10.3707257695	10.0036213563	4.8018192871	10.0071694035	2.307342497	0.41311211509999995	2.3777332258	9.5972125839	3.7018100152999995	4.9156026892	7.1420798638	9.6566738336	5.542852280499999	9.9822662033	3.9345160225	5.243741674100001	9.2464442535	4.7169631829	0.9911349359999999	3.0358799256999998	2.4097524221	4.0794480689	2.2139915638	7.9003943388	9.4915851786	9.6830660363	9.8925714882	9.7268248985	3.8589758981999998	4.138138669	4.2606066081	0.9399176505	9.6592680174	4.1297849302	0.0910619641	1.5732718375	9.8003880959	1.9766328374000002	1.3824422988	3.9448849498	2.9226563493	2.9569547954	2.5995378272	3.0594667243	4.0226981152	8.5745521432	5.4437375035	4.2247385324	8.9361100414	10.3159922365	9.644293857200001	9.5721467822	9.8964819295	9.1629150578	2.9918069484	3.5041700013	5.17588944	1.4927909283	9.350603159	3.6798648172000004	3.9050913007	8.341169179400001	9.7192873511	10.2700185663	3.2482323537999997	9.5892989005	1.5582818702	3.901372401	4.3411046294	10.305738314400001	0.6607456365	6.421993474400001	9.4611274865	10.1213545681	4.0236302446	4.306456378	5.3587102582	9.6727847877	9.6091902219	4.760261115	9.8861046239	9.8823661537	2.8974433723	10.385242441599999	9.7955259322	10.08549928	4.3031688697	9.4285241576	7.2667460963999995	4.659546546700001	6.2570552666	10.0489401899	10.0113767838	1.9975323363	6.8497211597000005	4.0866788156	10.1404071198	5.0750181011	1.8858473445	5.7100406986	1.9639044728	3.1586157208	9.7679219936	10.2257106884	0.8424606969	6.0868549328	3.155265042	9.5968700274	1.6549627603000001	9.705366336	9.468859584199999	10.0920100908	9.7833638178	8.6968234287	7.2052137112	9.687501734	9.8709457575	6.293324995	9.346512884800001	9.7820889617	10.4449955327	9.556542623	4.4961050202	5.5661211667999995	4.0091902073000005	9.8181552966	1.0052166739	8.4845715086	9.9205034075	10.003602351	9.608204637	5.5843453372	9.5293507277	9.897265342	2.90263218	3.0167381788	6.421993474400001	2.5795876977	9.6733870074	3.1021249192	1.8796055441	10.2125826534	4.1227386373	9.692443382999999	9.616688119900001	5.0521408232	9.7012590358	9.6601838551	3.2293252161000003	4.6801838451	1.2807530774	9.7842369069	4.0394066792	9.8100095441	6.4044030605	0.7520396014	9.9154184792	5.069433066499999	10.1015251538	3.7206795821	8.63843538	9.6079647624	1.7644608675	9.904127969400001	1.6444873550999999	6.1631196629	2.8906319648000003	2.99634564	0.8046877438	1.2256516193	5.5765730919	2.4563236994	4.6180786871	6.4242633026	4.973623647	7.0595269548	4.2503733086	10.347606431100001	10.097774604	8.5199523874	1.7330230505000002	9.4147732878	4.1417748225	7.810812370700001	9.511866746	2.5647622328	9.8002604129	9.992254165599999	2.8535814754000004	4.0707646035	1.4606151708000001	6.197496645299999	6.9067861163	1.5499671772999999	2.4254295492	9.086028220800001	1.9421705812999999	6.0047892102	5.970384541900001	2.4520788097	0.7526926551	1.0838360761	3.0999384175	9.7315224555	1.858503211	10.3238911598	7.5017040846	10.465899738500001	3.83294336	9.3980279364	9.709365719700001	3.2126756263	10.0140384545	3.5826877325	2.2063596961000003	9.7771708805	4.4601041149	1.1416262301	3.0599857781	7.1171046566	10.0278623639	0.8887393454000001	0.866350708	9.4312744654	2.5402844666	9.2980753987	5.4030595555	4.4567248382999995	5.958784822999999	10.0853249903	10.2664426176	1.5829424796	2.940321823	10.213228668	4.5695209495	2.8027083073	3.3868901732	1.3341171782999999	10.1570434719	4.341851589	7.7937527038	9.5504628215	4.3245391161	2.8169549462	8.4249892187	4.2207135506	7.9406260228	6.421993474400001	9.8823344042	0.2179697052	4.2704314232	3.8675658979	3.6392274014	9.7069506525	1.5235630005	2.4310199111	10.1435164738	10.237127044	8.5612615848	8.4440719422	3.5532300332999998	2.9728167536	3.4531070368	0.1928963034	9.9360331838	9.4184709814	4.9959960275999995	6.421993474400001	6.7479740368	9.1510594334	4.594841829	5.1669788877	10.5475330592	3.6954128992000004	9.590698075	9.5847269468	9.9566271502	2.3493853793	9.3049099707	10.330108814299999	9.7069017703	4.1721964939	9.670155623	3.4669029197000003	9.4540620839	9.6887760211	10.1322063661	10.2416706638	1.8114986240000002	9.7680317374	10.0970195453	6.4315604998	2.1919037766	3.7339200192	4.1694972306	1.6623826463999998	9.6453945765	0.7914232859	10.0477767249	9.7130629089	9.4284668591	3.9448825316000002	6.7363519271	6.421993474400001	1.6941521158000001	3.4632590069	3.944633683	1.6662959915	9.7513424836	10.6274952675	4.9717773715	10.3088736808	4.6244285739999995	9.355141420499999	7.4405844304999995	4.6146856265	3.5252015880000003	9.859114535	10.0409151717	3.56496519	1.7110189690000002	0.316047813	7.5465050495	2.2128838308	9.6213275523	5.448713573099999	9.7606968252	0.1293235287	3.9308738694	10.0359396369	8.0807716912	1.5145779673	2.9421120174	9.8585454074	9.7498858369	8.0863547498	10.0816697477	9.5106904943	9.9936722126	3.7183664027999996	10.362260865	10.107826226	9.3545925553	0.8592258292	3.8564327943	9.9012630451	5.4125038327	4.7834866555	5.9680223866999995	2.6848323146	10.1089821835	9.9800307985	3.2109079763999997	5.6579879436	2.1317518565999998	5.236855946	9.7298905377	3.3661542814	8.023749302	6.1816324138	5.2814222397	4.9226365601	9.7080510553	2.2162001332	10.0422427299	4.8510134119999995	9.4810521674	3.4611378224	9.975702652999999	9.980356201900001	3.5186136851999996	9.2655809661	10.1974836519	0.5784070182	9.4456764975	10.4602964029	4.0989333693	4.8122440137	3.9491075921	10.5529625326	0.0853825183	4.8818399806	9.3111870578	2.7270826606	10.0666745977	9.4736955412	9.9450968876	3.2059233323000003	5.1123238919	1.2372501004	3.9880343068	9.4651441713	0.2305710575	10.536090982200001	3.6505760486	9.5672260455	9.8796340511	4.8173629038	3.2788563272	2.9737132369	5.0160967745	6.3592657004	10.3584058609	9.8887818406	8.2022182575	5.6803993455	9.6403639771	3.606475833	3.5146314451999996	9.9407748228	9.7691711842	9.8373648726	4.7411419831	5.1529839528	6.025039629	4.1132654762	7.9969451061	9.9085177991	9.164345682899999	9.8580369187	4.8291055336	10.1504273474	3.0592010026999996	8.6538220368	10.3868913484	10.185686760800001	3.8091246566000003	2.2657552069999998	3.1966266360000004	10.1524153464	9.6141466385	3.4777294421	1.153176827	3.3944022289999998	9.8476000702	5.408430430499999	9.1435606548	4.075670195	10.1137538064	9.4893650101	5.2860130359	7.6130194511000004	9.6439374534	1.2469882705	2.7786911970999997	9.959952103500001	9.9711155779	5.7042658848	0.020160331599999998	2.3472089553	4.232237977900001	1.6271372434	4.2311015331	9.1855709808	10.1454455822	9.7855444641	3.0215635649	3.6831100143	8.9758226387	9.5176802801	4.2773296936000005	9.3693795261	10.112111993200001	9.3824004307	0.4442382444	3.7699820934	10.4351294042	9.9671754176	8.8865410076	1.5061517175999999	2.3007996704	4.8863563355	9.8780312249	5.2418883138	10.0500492436	9.9274544862	10.1167487987	0.5018023761	9.5553648055	6.5269572375	6.421993474400001	4.4741789919	10.0366200111	2.4713175709	9.375219509199999	10.3647761666	9.390299945	5.6420657252	5.722964366699999	3.6652925088	5.1785139153	2.7872513131	10.384160537	6.162511071	4.9286284977	1.47417516	4.5818687501	10.1511141656	1.1783230657	10.041934408300001	5.1542371886	7.2661759213	0.7657555864	3.7033095606	2.5829461231	10.1486956568	5.2489231372	1.6761403352000002	1.4004060809999999	10.2269889217	0.9818880888	9.3860991531	0.4238444939	9.943200922599999	1.1835632644	10.1654219216	4.031150544	5.236314103	6.7520499975	9.9512987766	9.6984204109	9.5404199873	0.21330716289999999	5.6787240658	5.0249249163	2.6456315553	1.7096060880000001	8.082450623	0.9052960945999999	2.8413339471	3.2291379029000002	9.6676903983	4.1602837706	2.4097874891999997	9.678264328500001	4.2395121706	6.6854277876	9.6615946845	9.8821643647	4.2506357208	2.0607077251	5.6070931794000005	9.5767840922	1.2393467357999999	1.3784247831	9.606740239	10.145387344500001	10.1812009818	7.1750519159	2.9743148322	10.1407815466	10.1170388513	4.3411800671	6.421993474400001	2.2263169241	10.3271311916	10.199480895499999	9.8532682076	2.2876562038	3.6830268465	8.9608390593	9.80114791	10.0618473169	10.127299800700001	9.5327514773	4.1042088903	9.4614513783	4.4378045349	3.5912726104000003	4.9533415386	9.986257458899999	2.083059857	4.3160915985	10.0964883186	10.0684737868
DKK1	5.0067772883999995	1.4002697358	9.859220260499999	9.4363382522	9.4500201792	4.740635191	10.127451843200001	0.20723931010000002	3.4290548198	4.3179071243000005	9.4857031394	3.0613884945999996	4.2315161306	4.7837574581	4.9988403837	5.6000345262	8.0154803125	10.159737159	5.9494417787	5.9996050144	9.6689601348	9.7816903256	10.1683623139	9.6924300896	3.6806425507	10.2720777628	2.8815334024	9.8026626244	5.980466550499999	4.5040811444	2.9695187913	3.3547914399	9.9519946666	5.0695743051	3.3309384116000005	2.63220186	2.6413408074	6.292580280499999	9.662100322	9.510809084	8.7209566486	10.498465535	2.7520479527	10.008452722000001	2.9402049143999998	1.748216815	2.7125122052	6.2974127195000005	2.3056036417	5.3106897788	10.023420741699999	4.3240252768000005	2.9437384127999997	9.7045856863	4.9673810102	4.7103380149000005	1.3533591955000002	1.8002937531	10.2073446338	1.5109292986000002	9.9122009914	3.0093454174	10.1496035995	1.7745906609	4.1173482788	3.3215897242000003	5.5512872046	3.0130710199	5.3333820226999995	3.1636810636000003	9.388339844099999	3.7057514	4.160126208	9.9598327695	0.7160897612	10.0064643874	9.2931135589	2.8623470735	0.22503410670000001	2.558857667	6.421993474400001	4.8224798474	0.8574553184	7.4637808352	2.5617524101	2.1431121084	2.9349853616000003	9.6961870756	3.5216973362	2.3746221244	1.6939986101	9.5451102873	10.3673177451	0.3587437744	4.9740085395	2.8543517904000004	3.5409236235000003	1.3956265921000002	4.4354937319	4.183441418	4.8722321648	9.3051039561	0.24246173899999998	1.7207579212000002	2.0529137791	9.8664407575	2.4074413515	9.952332182100001	9.6922787373	5.352230973399999	6.0364488844	2.6260060309999997	3.8878232758999998	1.1084969225	1.5038824340999999	9.2487157885	10.4202670453	10.1056667233	2.6477104149	8.4295563123	3.2138805364	0.9945718232999999	9.689428057799999	9.550558752899999	3.6401858754000003	1.2866820156	5.662294229	0.8079168459999999	10.173895975499999	10.3705167853	0.7676108493000001	10.2521974008	9.7735494368	1.7834988878	10.0504158775	2.296046875	1.8746091588	4.4674799482	0.6705102047	6.257226930599999	5.0868285680000005	9.3310678261	4.3857300174	9.6472974705	2.1080378840000003	4.3122257129	2.5458174243	9.8175042845	1.9033681103	4.6609459015	6.7303912141	9.4230925975	1.2012298761	10.0246898808	0.3413161694	10.0638713366	9.1112329495	3.8146669268999998	2.9118250164	10.465890514	9.7363856721	10.291260060199999	9.8373722987	2.1909673151	4.382334512	9.739835641200001	9.5463955987	1.0656126398	9.7198407264	2.077702743	9.9922250687	9.999170942100001	10.6418766112	9.9540114734	3.9931109148000004	10.1506232274	4.732432045	6.3911901266	4.470509856700001	9.7677004753	10.1772767724	9.2543045098	3.0741259871	1.9110922525	10.4693795753	4.8790273636000006	1.914549553	2.6119054209	3.9581566618	5.0569225227	4.1924845937	4.0841449824	9.4990496601	1.8543789761000002	4.4611800187	3.1403846745	10.4708404815	3.3516989424	6.421993474400001	9.7336537761	1.3106633396	4.4281090672	2.1584615968	3.5649319038	5.6339133325	3.6369484149	9.3885500397	9.4821114301	9.6936221729	9.8709288642	9.9597890888	4.7110369737	9.9577135588	9.9680732784	2.0723342366	2.5418337897	6.6227101728	1.97334482	2.7117472487	7.0884047061	2.2088534939	4.5513173369999995	10.3137194142	3.9363111574	4.9560319966	6.1341158433	4.2138499419	1.5946325477	4.6152413812	10.0659005427	4.7325965736	1.7986910873	10.0353946664	4.0896448615	5.6728738039	10.039942590199999	5.2765599243	6.421993474400001	1.9781074633000002	1.6607476754	9.7146664365	3.6582100471	0.7191693396	9.5850724634	9.6279119339	9.8891140478	4.3152911722	4.4635673338999995	1.5299347599000002	4.7525633921	3.2517299164999995	0.7317207256	5.936304590800001	3.381392374	0.3534905161	4.251595642	3.5028034209	9.921512420800001	9.7329765249	9.5933902615	9.6018847337	3.9054359641	9.798127967000001	2.9360187524	10.6724298939	3.15532985	8.7526489836	3.9921132717	3.4480775764	3.3472179415	1.1077219365000002	9.2156699033	4.960000433399999	1.3112697390999999	3.3332880163	4.2732045504	9.7748820455	0.9040491118999999	9.885811718200001	4.602117204	9.466774566	3.0116085336	3.6729480229	9.836397817	4.0875978384	2.7514855926	3.1451306106	9.9282837825	3.1699755391	9.2467265085	9.6403329766	1.5450984625	5.5273146854999995	3.4598858770999996	3.7891963274	0.09010653960000001	1.3759854738	9.5599533265	9.7989191701	10.6666916683	4.3243280741	2.7009080407	9.681645549199999	9.825264001	3.5497961516000003	6.6493235109	4.8158728386	1.8666657043000001	3.6999417488999997	10.1791651093	2.0800909916	5.143848906100001	0.8165299652	9.820268839	3.4485302513	9.6875649947	4.2858398431	10.0608003432	3.322081165	4.0419795409	10.2417924378	3.3044051991	0.749088205	6.1101785025	9.389351831	9.521153726	9.6798576458	1.5798549209000001	10.0253667359	5.8418806052	0.6387243093	6.93430595	9.3142828118	2.4114502165	9.702450621599999	3.1112475800999997	10.0311411802	2.0065876282	3.131129997	4.1855954833	1.5844410559	9.3083182981	6.7808473886	3.7399778523	10.1426170361	1.3837079481	4.3487136828	3.502293518	4.3264459054	10.0803244314	9.5699385437	4.4189717711	6.421993474400001	1.4509039052000001	1.336636929	0.7002918909	9.7739986153	1.396047854	2.2937730798	4.7404206427	9.4327661774	9.545481259199999	8.3617985668	1.6176085468999999	2.9931026857	3.2429946566	2.4126472287	2.4241122728	10.2099306196	3.0617361607999998	2.5528333235	2.9958908738	2.7540442176999997	9.8824998052	1.9238543143	10.2443250562	4.9431436124	3.5368145788	4.5138765304	6.7830577679	3.2518667597000004	3.7464850844	9.8871083381	0.6726678931	3.8348161463999997	10.2446268805	9.7897440742	3.8024755877999996	9.8984489089	9.6862794726	4.8077542768	1.4445530041999999	6.81420795	10.3826506374	3.6435871002	2.8154825958	3.5917189072	3.8333090334	4.8465506632999995	2.2087939566999997	10.1762609519	8.4060213987	3.1113755003	1.6951706585	10.0023350593	3.1457960974	8.3017275654	1.9685227855	3.580967914	2.9522149276	0.3856771507	0.2524037939	4.8338410802	6.0835907247000005	3.7868742142	4.6324474919	3.0014489104	3.5568829016000003	10.3069676409	3.8015781959	5.1499481279	9.7924473786	0.9701845383	9.4827981273	1.0582842814	10.540852941699999	9.6317722665	3.7538357594	0.9176017417	0.6710509850999999	10.044201470099999	1.8602592263	1.4133069941999998	5.871768879299999	2.3133820248	9.8303743387	6.0867556871	6.7171820089	2.0893986381	0.7690286518	7.648161674600001	9.7109291349	10.198498967599999	10.6287070169	9.5929972041	10.044964811	1.9920113609999999	10.1829932698	9.7431748694	9.6383079794	3.0835015325	9.292516186	2.1703567897	10.3438671929	8.1972133345	0.20277369609999998	0.9232391472	4.4040314977	3.4461936079	2.3262127137	3.4774134057999997	4.0612324233	9.505548899199999	3.9229213764999997	9.7678715965	3.9198505994999997	3.0000424026	4.2788265121	9.8361066898	9.5687303878	4.1484268588	0.5348226403	2.8619196568	1.7696243452	2.2586710935	5.6448859989999995	3.8353240207	9.593372799199999	4.1967631672	8.1796453541	4.8469354889	9.790560878600001	10.1608311386	6.6169359023	10.2395488933	3.1769760002	4.9556131379	6.421993474400001	5.8094058887	4.340021220400001	4.8611626147	1.8118542216999998	4.9919638578	4.8602986089	2.0816449599	2.0052293077	0.835833134	4.9370256097	1.2000889556	7.3195219853	0.6579025082	2.9589669045	3.9283144639999996	0.0900186305	10.1911898202	4.1962350381	8.7576728171	10.4227115187	0.5052731159	5.2290601524	9.9364019454	2.6771064827	9.920817355399999	10.2837025949	2.5496092307	6.928502694800001	10.161150058099999	1.4486663143	3.3388515269	4.1905908705	10.144396950299999	3.9355705060000004	4.6876517035	9.7836287284	9.9109698443	10.101471482300001	0.5068637404	1.7372142686	0.7444350122	9.6223036526	4.078946171	2.2638811758	4.2029377336	2.2460137449	9.5486193889	9.943128598300001	5.4109172324	2.0455501433000003	0.2518831703	9.6390368685	2.7057988107999997	6.421993474400001	9.6788490849	3.6438537529	5.856751087	6.421993474400001	5.8633236715	3.7233995536	5.0792630532	2.4558561372	3.8363823364	3.1089668755	3.1557677516000004	7.8739623846	9.6940343011	4.751706293	5.3670264827	4.8428836181	2.8040597482	9.589394223	2.4583113097	3.2990662861	4.584246936	8.4177356687	9.8972463424	2.3351455123	10.1004954617	9.9107655201	4.2761770039	5.9402991167999994	6.5471221673	0.2062481215	9.9230746536	3.8226737401	9.5787261702	6.9858357434	4.0947895502	9.8212413068	9.7045290474	1.9842191215	4.7777154472	9.809831090800001	6.3246031248	0.8429917606999999	9.8286066964	9.8613907483	9.3673253912	9.2759558888	10.2304441994	3.7864362467	5.232887367	5.1455153773	3.3077138147000005	2.5237984853	2.3299603816	2.9935235295	9.8499764428	5.2246221123000005	2.4711651603	9.6271354074	6.7544467707	10.0247763824	9.3467591804	4.3111036376	9.6561713312	4.5722783789	2.3250399055	2.8358261152999997	5.771975051	10.1931728424	9.710882788500001	3.7787501724	3.1553120702999995	9.27934723	0.44995250020000005	9.5667215834	9.4396130411	0.4876635086	5.8743244359	2.9287049656999997	1.1785146045000001	3.7270164708999998	3.8524691342	2.3032722283	0.7042183397	8.632703383099999	2.8352963498	1.0836964579000001	9.9403048123	2.6502665765	1.8830167137	2.6073656057	3.1336342752	3.6226284112	0.9368089328	9.8789487109	5.2425003099000005	2.8813519592000003	3.4283258186000003	6.7869663487	1.6347062957	5.4217640413999995	0.3466281679	3.4630419193	1.7203420130000002	9.329346009	2.5642319478	5.834317624700001	10.0003225272	4.0063266835	2.2390761227000002	9.5387714301	1.1129709583	3.0592037900999998	1.2767828972	10.0160565776	9.4063037566	3.5565861527999996	1.1765316939	1.9811220813	9.7255224507	0.580688391	6.2459573742	9.8751131859	3.0068176576999996	3.3691021598	10.2922087291	4.9871432127999995	4.2884016843	9.7734248122	3.5770806983999996	10.2751107354	3.049604188	3.0121956080000003	1.1472413597	1.8650713213999999	5.0300309723000005	2.2995316018	9.5346138048	5.463796164700001	9.6824787785	5.0002865228	10.7244294902	3.4909442475	1.1600400878000001	3.6868090059	1.0174248519	3.4131763325	5.2133559408	8.9848657698	2.633357428	3.7765281191000004	10.435641091599999	7.9646555422	2.1572318999	9.2289565314	6.473242112	9.6398234641	4.3975833115	2.4396947113	3.9507044347000004	6.105362771499999	9.7211346271	1.4755200825	5.9197222707	3.8684899348000004	10.5109156841	1.2549187505	5.4092818252	4.1994774783999995	10.0968936003	10.104685832000001	1.0581476620999999	7.453776687	9.8233456641	9.455838133099999	4.7811967267	4.8912367886000006	3.710234613	3.2723038202	9.5408358793	9.522503941	3.3433075133999997	9.539828474	1.4814761156	2.1951159648	5.0959311748000005	1.6073569255000002	9.7474725917	9.1780806448	4.4907019291	4.2605766974	9.9159164803	10.455540944700001	10.048080927300001	9.9630019249	9.7272957112	9.749376558	1.2151285157	6.9989887748	4.8670428160000005	0.5259289353000001	5.060591608399999	1.9575104246000001	9.8588978683	9.669204177200001	3.6154076958999997	9.2644335004	6.0041170797	9.877836896	6.421993474400001	2.6289010762	3.1722394325	2.8525854560000004	4.28620241	9.972348245700001	3.4736134197000004	2.6760777125999997	0.7380831045999999	1.6572873830000001	1.3545077224000002	1.0355021867	9.6628162881	5.1447557457999995	4.7081500553	10.3286013718	4.366959389100001	9.29279679	9.9409041792	5.5144561113999995	5.6836449753	9.585571614400001	9.9422009636	10.0208127918	2.7905985503	1.8817700016999999	4.573976754599999	2.0623941846	1.4764871884	9.5488020552	9.4098765849	0.35132261719999996	2.9215649116000004	4.689077584	3.0357630332	6.421993474400001	0.4321778172	4.0868500447	9.4832392907	5.4174240839	10.3131500912	9.5748100749	9.7300345832	9.597477466399999	4.2783553478	4.4301454034	4.8355248406	2.2470042708	9.6638905452	5.356654398	5.6940575466	9.757687576	2.9767451063	4.192168307	1.2876175543000001	4.6697523245	0.0133410235	3.0691018623	3.7662680045999997	9.971382718300001	4.4297650318	4.872386838	5.5575169927	1.9963772303	3.6823054354	3.7509389745	9.9575828645	2.2907490185	2.7319595608	5.980623163	2.3487198877	6.1354848313999995	1.0540909781999999	10.0444957427	1.4339339778	2.9584724599000003	4.7417039796	5.1329184802	3.4971385129000003	1.4253653879	4.3810716514	9.900909489	10.8619909122	6.7647252955	9.7923341718	8.6606662823	3.8203373574	9.824998674	9.5410101675	6.4597423526	4.0035653216	1.4962379044999998	9.7556096147	8.2053395951	0.5694449128	0.8710559196	0.9928394334999999	3.9881029452999996	2.5834937201	9.6325890312	3.6797189706999998	3.803482792	4.2681734175	2.6846306935000004	3.6158523916000003	6.2096879071	10.0445404315	9.6068888183	1.374102208	10.055326389600001	4.0539451688999995	2.5404193852000003	9.7176696243	3.1068351763	1.3012183848	7.1715682214	10.0070119884	2.7271461813999998	5.287838347799999	4.1285773133	1.4757915953999998	4.318355006	1.57869471	9.6701266258	9.9366718623	9.719634917899999	1.201867152	3.5132692272000003	3.2072882948	5.9862041892999995	3.5997989525	4.5001756692	0.6041897811	5.8775001351	9.422727112	10.4160287599	5.0183421025	6.421993474400001	10.0310813338	9.4068522029	0.5598377920000001	0.175777582	1.3199164155	1.2006018667	2.8827851814999996	4.7853248462	3.4713576379	8.439917816	9.708217192000001	3.5923202162	9.4795393955	2.6315032775	1.9483480063	9.3861861674	4.8091774108	0.5529786560000001	9.6790032415	3.9336121538	10.350098641699999	3.099690064	1.4139226253	5.4816863585	0.7928345645999999	9.7672220032	3.1790683956	9.9706664346	2.1425950103	6.421993474400001	9.689395433200001	3.1450862339	2.2209578572999997	1.22327583	5.407100145299999	9.3907130893	7.528825304	10.1432596807	5.9731806752	4.9021622686	6.2604727973	4.6088935070999995	10.1095190965	4.686439661600001	10.037314670599999	3.9758084406	7.4704544998	3.394427587	1.0407374839	0.9218276343999999	0.9844604673	0.1399634519	6.421993474400001	10.2204972175	3.0419867804000003	10.4143106551	3.7935446984	9.8175044124	9.7154051088	7.854011299600001	4.109083086	9.8608270444	7.3512717424	1.7205997634	4.1799765789	6.045681787	6.76450857	9.2675741502	3.3670541879	10.2032349897	9.9099597489	2.5508415935	1.9650769263999999	4.2557370013	1.3333664853	3.9559071505000003	5.7798502141	3.9056874854	4.238729772799999	5.0732613164	1.7287773306999998	9.3854040682	3.9063776841	10.1916623173	3.3165882377999996	9.552787582799999	2.3038690265	4.9807853059	3.1032502710000003	1.2691609398	2.1109653622	0.7229697436	3.4025980173000003	4.8004158025	9.6722928594	4.9555408221	1.4341260605000001	8.087797396900001	1.4436231997	1.5918063313	4.748921878	9.752436943300001	3.990103118	6.1926641795	0.2070170855	2.4049335745	4.6729453418	9.9871784765	1.8672248143	1.4449124737	2.8445653241000004	9.886984114299999	0.5583400344	2.0064360449	5.0481528765	4.8968738994	9.7568967015	9.998596293	2.8207036185	10.4055272273	9.860321395	9.5235823296	0.39201097450000005	2.6835256206	3.3887915098000003	3.8171235064999998	2.7962931423	6.4153106715999995	2.8609919827	9.727776310700001	1.5957991815	4.0420402161	9.7937446073	9.1391263718	5.2337275055	2.1437861193	2.7395429275	5.3565957035	9.3480906903	3.4082572112	10.0772819568	2.6348661325	3.3963413957	5.6290913854	9.5735337941	2.8593287478	5.765299365800001	6.6194067652	9.324936699	5.0157519926	10.0630654952	3.6375542289999996	0.5718250272	9.9201463743	2.7855842193	4.7470547581	4.9082080295	4.1684225001	1.9502151853	3.8770790893	6.128481207799999	9.7091114003	9.637438237000001	9.6034536235	9.4531879289	4.3123901369	5.1071388694	4.8819412503	1.3778184396000002	9.902057164	3.4338739737	3.0094451889	4.32379797	9.4302306018	1.1162929241	3.8418155606	5.5365911280999995	0.5622703151	0.37901342689999995	2.3803300267	3.9775752652999996	3.9075492702999997	4.2305902074	5.4921819577	3.8418594037	3.4535976901	4.6178825904	9.7713132578	9.6376222714	10.4645609599	9.4613037659	3.5652438504000004	1.1610918783	1.0200961719	4.9326962796	9.559056138099999	0.40297159590000003	2.1057566503	1.6782601506000001	9.8181423097	10.2826916	4.224427846499999	9.5961514216	0.0285271353	1.2719750021	4.1428348411	10.5160843051	2.2198031678	6.421993474400001	9.9102489862	10.1414873745	1.1875240639	1.8780640500999999	5.022888114700001	9.6409011497	9.7771451233	1.7029668652	9.654941132200001	9.5323746582	0.9925120492	10.2800217468	9.8189233254	9.885536952	3.7023738257999996	9.4837755032	3.3537288455	1.6809697397	4.6430662237	9.618514504	7.138480500599999	2.4678779655	2.1799677146	4.327325	10.0849347083	4.5821791842	0.37230270460000003	2.5861123334	4.330878508600001	3.363522441	9.9481973116	10.161543847699999	4.7492337569	5.6237134715999995	0.1222115909	8.0229937414	0.2983962411	9.2225147002	7.2247825227	9.5855299409	9.7373050456	7.0780468813	3.8912910832999996	9.7301525985	9.9215641565	4.8619072154000005	9.965881147300001	9.6081839543	10.651937930299999	10.1109788499	3.2971734404000004	1.7601008924000001	4.3223404497	9.6730853314	3.3903951141000004	8.776655700700001	9.753046877200001	9.7083112141	9.890933804	4.624914586	10.166958146699999	0.9221126559999999	6.0850802952	5.8195952076	6.421993474400001	1.4224948691	9.7110804864	5.6282147626	2.008580075	10.0162020921	1.3689268212999999	9.333974684400001	9.5932008141	4.6327356743	1.2231979525	9.8076490547	3.3028824503	4.2058437913999995	4.0474486852	9.9465183737	1.1733262782	9.4807674985	4.6500945775	2.4284956136	9.5412928848	2.8645316406	9.8257323209	4.3679182915	2.8225769161	9.5820825207	4.9896807086	10.1024702957	0.5566884554	3.2328684087	2.1099490367	3.3539063719	5.219191471999999	4.7610924586	3.6706839603	7.085682751599999	3.0781571444	6.4427167571	3.1372067609	2.5657559244	6.2169528472	10.0080074262	9.6805743234	3.6498603433	0.178845255	9.509505753	7.299678913999999	5.488091795599999	9.7099877142	4.9999527793	5.9363466788	10.3058923385	0.8480350743999999	2.8937818886	3.5302137576	6.401983316	3.6389044265	3.1384360444999997	4.8285315091	8.8347361955	3.4196857791000004	2.8240015308	4.9701263582	1.5775912279	4.5372377382	0.2216359227	5.2367286758	9.5563449914	6.4280782064999995	3.4314467927999996	2.592575489	9.7809249871	2.9224546535000004	9.9088115362	9.3002647546	5.2445515952	3.5511397357999996	5.9547561843	0.2773920073	9.340937696000001	4.9075347848	4.756001813999999	2.0697037838999996	1.8373902193	8.5004958711	2.7187732062	3.297586721	9.9550641059	0.35338964840000003	9.8425919482	5.986286891000001	0.9239994008	3.4839672581	10.5501919374	10.0102821572	1.3232624892	5.4744709618	9.3264250196	2.9753137591	2.3442303859	3.996488063	4.2420098736	9.4601671054	1.8176568305	3.6802911777	10.0284234031	4.4014428374	4.0750561329	2.621750036	3.9656981192000003	5.4296268923	6.421993474400001	6.1933874524	4.5673824899	5.5894469871000005	1.9256838681	3.2047667989999997	0.9854853848	1.2896085943	3.7380303418	3.9466704395999996	4.1411315355000005	4.7534678242	2.0637285856	5.3342616106	2.1236132507	2.0796690971	2.3835677725999997	9.9398720492	9.5834404528	3.45874779	6.421993474400001	5.3041155386000005	9.5643567281	5.4674731023000005	5.858475239500001	10.241057234500001	4.2554706632	9.5953486013	9.1028025035	2.4763856739	2.9292633873000002	5.7628242517	10.298418547	9.5334335483	1.5238566882	9.6486219988	2.0218650303	1.4968899138999998	9.0720520119	10.1377580799	10.0283198113	3.8182351655	9.3608176915	3.9747119858999995	5.5396284396	4.4724095664	2.3836863237	7.023438209	1.9373364122	9.744423212400001	3.361875775	9.8690620888	9.6745421881	9.5024066341	0.0454001287	5.1160634243	6.421993474400001	4.083141295	1.9099963558000002	4.7760728453	1.5977778706999999	3.8573088261	10.5929323112	6.5680930281	5.4949267136	3.6884011764999998	9.9028208143	4.4084839868	3.8149146072000004	2.6389681963	8.0754383276	9.1325078866	1.8237806078999999	1.3392119337000001	3.5781762917	1.3628699367	2.5496484149	10.002787954299999	1.2968029509	9.8776538552	4.7465035547	1.6773376554	10.0227654953	3.6934998423	4.3829969065	4.5290903956	7.1124757405	9.6712432514	4.8573600125	3.729371243	9.6129289164	10.0276205141	2.8633265748000003	10.2006894905	10.066657683999999	9.8156361981	4.2841734354000005	4.2417970336	4.5336024404	3.5066868659	2.7935271339	4.3820570265	1.2332142659999998	10.7435205623	10.083626302799999	3.5295805305	4.934182781600001	4.6874458281999996	1.3513124145	9.7017663284	0.7257109141	0.9877632014	5.0293989941	2.1854490588999997	2.2544553004	9.9789628289	2.5236151469999997	9.9888186624	4.2994081837	9.982300623099999	4.443332520899999	9.8403000316	9.8155506789	2.4550509826	9.8988448957	9.8365903679	7.1591110898000005	9.490525995599999	5.920480047000001	2.6805704277	5.874118541900001	1.8996822023	10.3715785227	2.4521932556	2.6176011976	9.753060546	2.3270596754	9.4082324142	9.5698501156	10.0821643053	4.0206604552	3.5768657911000004	0.7590182563	4.7430152786	10.0206837546	3.6646286827999996	10.305087005	2.6611261982	9.332856792100001	9.763333235900001	1.6520807915	1.8654042837	3.5117984594	2.4507175919	0.9737474178	9.7783410052	5.2975954808	4.0298254635	2.7960135786	9.5535210815	2.9581026263	4.8765074364	8.0252711145	9.603641717999999	10.3262899978	5.5923652327	0.11623776400000001	5.2173791882	6.410952116	7.8795519962	2.4172894194	8.7846265723	9.4752920729	6.1020130963	9.7385030921	3.0849410631	8.834797529400001	10.1083341136	10.5188751327	5.3890366817999995	1.0304586026	5.6214420044	3.5880519187999997	9.4337520251	6.194534468	2.7304948935000004	4.1342985395	9.6330552853	2.1472211366	9.956775689	2.1339884527	2.0279382958000003	9.7007889947	4.7110283166	0.9961331698	10.0268111418	5.1678608162	3.9879905120999997	10.3014268228	9.7395537438	3.0434978068	1.4164807441	0.8658094539	2.801067676	3.8644284807	1.3038022138	8.6408680441	6.3661893276	10.0245439761	2.1853281535	0.7997151404999999	5.0311784081	9.3432867556	0.9548387716	9.4394212957	6.6653134365	9.1911315803	2.4340599716	3.6003330532	10.4270519388	10.502706092999999	3.4953598779000004	1.4811806626	4.1362811607	2.485275015	4.3768616161	4.42701332	10.1085409088	9.8327549406	9.9229111164	4.9518115412	10.1715899159	3.102193305	6.421993474400001	3.6864313129000004	9.8991146213	4.9529500367	10.1043157828	10.381585072	9.9674199812	3.754847639	5.3064442379	2.90557919	3.7633575876	1.9638480828	10.118077145	5.1117695993	4.2037466331	5.1725626948	3.4093297838	10.1083374492	4.7438945907	10.3041426202	5.6128399669	3.3427378019	1.0752163204	4.1088132171	2.9969616213999997	1.1488939956	2.7954464149000002	3.8098730319	6.210398368200001	9.572228045	1.2783549876	9.6455679125	3.6853902925	10.1155896728	5.2725124667	9.6093094052	2.7187640798	6.6429740187	4.9153840043	9.767452889400001	9.6943254941	8.7800179368	5.6708575325999995	4.2363580023	5.7070057229	1.4834634387999999	0.8280610955	5.7898390843	4.9138275423	4.7711348069	5.747157756	9.8362897765	1.2660218497	1.1915105783	6.6738955043	2.3756347733000003	0.6070173577	9.4794373538	9.505087202	0.5045573484	4.0207789943	4.9589938114	9.654501285	5.2067689006	0.5938929036	9.772057375	1.6340919003999999	2.4985439083000003	7.004329129099999	1.153350839	1.5659179375999999	9.479551857999999	0.7533521532999999	6.421993474400001	5.442218647100001	10.4750292683	9.538324810299999	9.639649436000001	5.2524028668	3.8973810617	6.5041279276	9.2857778614	3.7623106065	9.7719186097	9.6667170432	3.2725751320999996	9.7582164641	3.8445224224000003	5.1640709964	4.1365752612	9.9058981109	5.2968993272	0.09293377720000001	9.9540074005	10.3728346325
WNT4	10.498745873899999	10.6200793234	3.9886186225	9.5908930711	1.0652443645	10.010948901	4.8658809048	10.648931898999999	10.7331715518	10.4335002985	1.5714402006000001	10.5345856816	5.1149731399	9.8680685898	10.6073159336	10.455144398	10.0969519875	10.1507829862	8.7572025666	10.254364424	4.9075495609	8.6590714045	4.2954603674000005	1.5963610734	10.596931225499999	8.0175950902	10.5834245372	3.2439263445999997	10.152279246900001	10.4567489887	7.6435111163	4.117067784800001	4.7695094092	7.382492748300001	3.1643030164	10.0538839633	6.0560721236	4.5403612616	4.8355097136000005	5.1686427249	10.1950753314	5.5053428256	10.3945369099	2.3471199278	6.2979141835000005	10.2738484577	10.657453371	8.669959070800001	10.243875123099999	10.4427872069	1.1195319556	9.5503561106	10.6110781614	0.4948542728	10.5443762146	10.3289427942	10.3334911376	10.2327151006	9.2486696755	4.7824131575	3.257206678	6.28756835	2.2868061434	10.6949912705	9.9691930172	10.2045732613	10.3086024074	10.6048160198	10.3982776991	10.7600386386	2.1766782112	10.6738511637	10.2673061533	2.8296978225	5.518189432000001	2.6418805586	4.5975109461	10.3017827379	10.3131779928	9.0844238309	6.421993474400001	10.2330227045	10.2283228037	10.1302417144	10.641879527999999	10.830298235799999	10.2803262526	1.9705053174	11.0474366731	10.1439458626	9.9045560318	2.3628843036	1.2782985462	10.4890565102	5.7345982649	10.387070320800001	1.7925900658	10.5301743731	10.328510554	2.3509324667	10.5390217649	2.4334284369	10.2452385318	10.6946011679	10.4795844401	0.3707877268	10.6028315327	4.61071661	4.8961583713	9.965970438400001	9.978415698500001	10.7456108683	10.1194978306	10.0364246406	7.407282947200001	10.0495967426	7.9764630227	4.2388782163	10.5203709418	10.2973265143	10.5800788986	10.7151383133	3.2488811526	3.1395742452	5.9948627684	10.0192176926	10.4169834701	10.0780352993	4.0737735778	2.8496240774	8.9389359349	9.8771311829	1.1218674	10.6785196848	6.1378827467	9.0738805346	10.5501572316	10.5835681562	10.5584976439	10.5178383234	10.245343584199999	2.4887591524	10.339804214199999	0.5651403047	10.3563619689	10.4338472337	5.722745288	3.6354696398	10.436292208400001	2.8729013785000004	10.0577107501	1.7651161597	3.9527528468	2.5986518428	10.6765645415	3.4415577608	10.2059995454	7.987579638300001	10.5582994543	7.7674175177	4.6093334469	9.8370184322	6.0043820175	10.1169735146	8.4616758003	10.1679882888	0.7715679865	10.4296500163	1.6876830935	10.4850259286	6.3291541364	2.8153501177	5.8694886142	0.6584839982	10.7587085596	10.056220212000001	10.6450880871	10.4762190511	5.8632382834	2.9019522783	4.3632771506	2.2746915374000003	10.4649118877	10.746717753599999	8.0231479358	10.6011122879	10.2950394326	10.2545927945	9.2538588314	10.647017013	10.2863121085	10.3628745831	1.2128434324	10.3921236152	10.2734808984	3.6477031943	10.1862817854	10.1308830143	6.421993474400001	1.8035583093	1.9940545263999998	9.895090782999999	10.4613878368	10.5951207178	10.4369570883	10.5161757294	5.3053778485	0.5862509042	9.7361353583	0.1841528797	5.7565167949000005	10.286084304600001	3.6985751251999996	0.3383317199	10.2260429935	10.666773346	7.8528211537	10.4514024345	10.3111497949	10.3922398826	7.4884891651	8.7977480137	5.0592234626999995	10.4165904914	10.211468284	10.9682518177	10.325133435	10.5661428812	10.4791541481	10.0763709607	10.4073444269	10.5571570555	9.9263707132	7.136963457999999	10.2665850667	4.9177912104	9.8133045518	6.421993474400001	10.297035231599999	10.3868465164	4.8061492866	9.5925896656	10.4414458929	4.2125247431	10.180456616	4.827957262	10.6052665286	10.1651208698	10.7203156153	5.6143149126	10.5316450907	10.1857114491	10.3260597831	10.5113236509	9.863673065	1.4963237306000001	4.096501858	1.486647931	0.5710464927000001	3.3263080269	3.5027815093	10.2483003598	3.5448367662	3.1680478887	5.3947117893	9.88996036	10.296962064	10.5430164228	4.0198801811000004	10.5768847432	10.421843129600001	3.4061821725	4.9071799413	6.9486431013	10.5427311299	10.3889906972	3.876863836	9.3291137935	2.1245363426	5.2898858601	3.0139029785000004	10.3130502938	10.2437052231	3.9387264969999998	1.1845705206000001	10.4794269503	10.4246247223	9.9606168515	10.579961319099999	10.0024126618	4.482938476	10.1968565979	9.830503806900001	8.9020673185	10.7179820028	9.0118203381	10.0745981941	1.5696562767	4.8793351649000005	2.24486908	10.2917825989	10.5905651003	3.8674858343	4.2301944007	6.344193552	10.722473730299999	10.4549519932	10.1471482856	10.2681599766	4.963230987699999	10.5338983822	10.6919674033	10.3027481988	2.1117716996	10.3235787107	2.6702980073	7.741253061	1.9001060621	10.798998553599999	3.887947052	5.0637594197	10.2142322414	10.436273464500001	8.6668535092	10.0678765124	0.4149970925	4.3273273737	4.7516816115	2.8529934641000003	11.053570871	10.075256173	10.1935719405	10.2428851862	10.6180695322	10.0511990175	7.2843693713999995	2.037309533	10.4550976964	10.4442940585	10.5733464475	10.4877756633	4.1146126393	10.3083694527	10.4272967273	1.0226106179999999	10.2572449197	4.8953894087	10.7115602137	10.4409385841	1.9132307978999998	2.923663387	10.7901316421	6.421993474400001	10.561665054299999	10.6682350537	10.1388686565	3.3789071189	10.244858329500001	10.3335455883	2.3039173678	10.3514914347	10.128704709400001	9.936482375299999	10.435307759199999	10.292408032200001	10.7397670247	2.3827522425	10.4402546782	9.785348556	6.9606780926	10.0411265562	10.406486729700001	10.661832203300001	1.3887334613999998	10.742775294600001	5.0702363238	10.4722741805	10.146484230499999	10.5912606437	10.2490950327	10.736752009	5.3796283858	0.4874603621	10.1975346974	10.360089395	1.6107425667	10.0620973849	10.470878772699999	1.7010739843	10.2111761236	10.7221878888	10.2214268167	2.666714201	9.1192081874	10.5157348873	7.249280774500001	10.1751225054	10.4944472822	10.0622894569	10.182185236	9.3456902923	10.301920894	4.8945787838	10.1143626946	2.9501092729000002	10.1923675551	9.887227225	5.9662114399	6.8085276689	10.3849048213	10.5738276316	3.324380155	10.3488636626	10.3925522517	9.921045577100001	10.4058106527	10.3672109628	4.3907492344	7.416071362	10.5760838226	10.5641359194	3.3825929827	10.73487224	2.5826785927	10.0596958405	6.462314590599999	5.0656581559	9.7733413778	10.7115833898	10.116792014400001	2.1686448645	4.659689087	10.475645520399999	10.257653254	10.441018115599999	3.3703404064	10.468020578099999	10.602923752	10.6915432211	10.2127072961	10.1580322994	0.5361158977	7.4566902231	1.9091465844	1.9503238322999998	5.7159006434	5.252926356000001	6.2314171602999995	4.7669164157	3.6124609223000004	10.5637536643	1.2146531377	10.588239018	5.2943784737	10.1529807347	10.6346711432	10.0725105137	10.461546989	10.2313957507	9.7589042503	10.3349719085	10.3576676886	3.5249329674000003	10.401012378899999	2.5753516619	9.9682553165	5.2043729202	10.6473281794	1.3857774419	0.7088343803	10.6781729462	10.5669850751	10.665247798200001	10.4254625016	10.5402143152	10.3422280336	10.3777767816	0.9098282020999999	10.2342425771	6.3957100824	4.8272372581	3.4945369763	3.895468938	5.665119173200001	7.4869846353	10.1140223675	10.3207959135	6.421993474400001	9.5541279699	9.8721607206	10.217691803300001	10.1214395825	9.6415055702	10.517692937	10.2122494329	10.3341740516	5.4535750372	10.1625803531	10.6531335971	10.5129490068	3.6066496752	10.5933369246	0.6245753426	10.3645874193	8.424858067799999	5.9482550073	10.3355229254	5.9748298802	10.053548621000001	10.3681791221	5.3169462928	10.4497443397	2.3333693671	9.8426261103	10.5214721897	10.4064460307	9.9781765005	10.2530833181	10.5552340913	10.5985144608	0.3934182196	10.3752524286	4.0831833679	1.8682232765	5.3854345762	2.9940784481000002	10.6200523559	10.5659312957	10.5094267544	0.8360410502	9.9702349094	10.6395260625	1.4651559974000001	10.8270754941	4.6363750598	10.0051644152	7.3251892815	10.5215673198	10.4931686237	3.16586079	10.4145242456	6.421993474400001	3.9207821948	1.6025303312	3.6457619838	6.421993474400001	7.8837172411	10.34495867	9.9122617778	10.570659669600001	6.0205572620000005	10.513039137	5.4020990025	10.3426360168	3.3476239619	10.6304254541	7.8845899405	10.3924994459	10.8205234769	4.7701866448	10.6660010934	10.463452219099999	10.4257198462	10.1327022716	8.6469502351	8.763475980800001	2.8162252524	2.7873803231	10.4892693978	9.9586484303	4.921060605	1.4094752896	4.2848476038	10.326701402100001	2.8922776819	2.7952647828	3.2512120169	7.532994052	1.0963400325	10.6518361292	10.4117082563	1.8623489744	8.9634916313	10.3985838343	3.2818193838	2.5074681609000002	3.3228054331	3.4269415407999997	9.780131958	10.5284846528	10.8029865476	6.8513849997000005	10.4364530226	10.4820474797	8.9942847806	10.192381961599999	9.9576935901	10.4602933387	10.4175658324	0.050599766799999994	9.1793748297	0.6638808507	2.5377841658	10.7569036259	10.084391740800001	10.2704681599	10.4746705753	10.479323556499999	6.9685768370000005	3.3495428218	5.5238902654999995	6.3728018314999995	10.234828969299999	10.0464823896	10.6124333964	5.0729225583	0.2896834875	10.388203611	9.964745704	10.0574996472	10.593882020399999	10.2106591014	10.464612914	10.5101366879	10.7294023988	10.4108560881	9.954361673400001	10.4926804081	5.3891401537	10.4624208076	10.7870475746	10.6239089163	10.6161450458	10.7161274222	10.2423848379	9.9734832936	10.320272860800001	10.575184942	10.0044657385	9.8895218124	10.7308346326	10.533141907300001	10.721495582100001	10.8147155981	10.2548902825	4.8913520371	10.3842168967	10.250503349299999	3.0528320625	10.7351123155	10.5330361075	4.319920494	10.4189313354	4.0584968575	9.806306831699999	10.0988633137	1.3729274888	10.2193343705	10.3618312922	10.5806629543	4.3640072487	10.4920743318	10.3059249343	3.2384732746	10.5192051938	10.7401940698	5.0551155776	10.3717388306	10.415286788200001	2.4263582796	10.4998459024	1.6412002835	10.55992231	9.7009804162	10.642953285199999	8.8675549853	10.328737398300001	10.6481624129	1.4038912834000001	10.838737175999999	0.8386465848000001	10.5140226918	7.2465642027	10.579424655	10.5321569239	6.222215639	10.2899913293	4.6048696435	10.6623794267	10.3665863019	10.6316108873	10.4511679435	8.351245113600001	10.26792522	10.1784803214	10.5446694453	10.919741531600001	10.1718998451	10.680363142000001	10.200388537	7.6329633019	10.6191718069	5.0502201377	10.443063864199999	5.8510008921	10.2354985837	8.4787143331	10.448531139	1.7400014108000001	10.3359935127	3.8607868677	3.1043711973000003	3.9797289562000002	10.7799556908	10.251148470499999	3.0227251264999997	9.2490695072	10.3439429328	10.4266469175	10.459550936	4.2406660643	1.5805610489	10.3716004953	1.4224748378999998	1.5861789686	10.405767284500001	10.493065782999999	10.253672530700001	1.1262519009	0.3739290563	10.6304343595	11.0481758235	0.0061994225	3.0405297475	9.2663305769	2.5758322276	3.8973295858999997	2.0972099372999997	0.6624517657	10.5138898037	10.514807774	10.444981417100001	10.567384350800001	10.4498843597	0.7479703929000001	2.7532214145999996	10.6586293092	4.3299397246	10.3745486857	2.4236222253	6.421993474400001	10.400576022200001	10.722367657000001	1.9757445219999998	9.712922178	0.5207650004	8.203981686599999	10.0199173507	9.9798937236	10.5228327191	10.1328041553	10.3943900187	1.6809023131999998	5.596001938500001	10.3462225552	1.892541878	2.8227060650999998	10.1655499606	7.447778635900001	10.4544779122	10.364392577	0.8279721956	4.346803572200001	1.7856501727	10.542496018200001	10.160020146399999	3.5272091974	10.528991918	10.545446800499999	0.8689808092	1.9064769051	10.5278792953	9.7990868772	8.425725077300001	2.2305451108	6.421993474400001	10.425408040399999	10.555955625700001	6.2405164499	10.561599201	2.0800572366	2.8506860117	3.0036967060000004	1.2526147915	0.745213592	1.8537795763	10.6233918217	10.297135036	3.6645630263999998	10.6088594692	3.49777095	2.1264144109	10.2533136588	10.5919366608	10.2943796514	10.1491354379	10.4608164143	10.3376976909	9.9943995812	5.44022469	10.489483330399999	10.3888642841	10.4231924116	10.6037153981	10.5711320822	10.4434205346	9.2570293293	10.4412764818	10.5478603249	10.7328155349	10.2509790474	10.2285469681	6.7699369412	2.3730606356	10.5035998267	10.0307084113	10.694591430900001	10.3853992342	10.3995965576	3.9335488239	8.1375285499	5.2896122737999995	6.0384191684	10.6178457403	1.0529008545	10.2020686524	10.873881408399999	10.301753155	2.8809941987	10.2162967382	10.8506059541	10.6653633594	9.999755435700001	10.1049869923	10.6485010603	10.631796787699999	10.3935852137	10.3459762451	10.041914354	3.7110375793	10.4980330425	10.6571669702	10.385488063	10.5356431642	10.2827214222	10.0024881116	9.4100137874	4.3562017061	10.603237745700001	5.3225181379	4.248798384700001	10.1445031363	0.0820926659	10.3311144356	6.1125567939	10.2111318464	4.5476612114999995	10.557841132	10.4783248003	10.1201850561	7.789621324	10.5474427292	10.786805444	3.809503893	8.488007185599999	2.7259988073000003	10.4239732355	10.4715068191	3.4868807479000004	3.5965522219	10.5507041426	5.333503779	5.1512350255	2.4540105144	9.7059862867	5.5144963127999995	10.555485784	6.421993474400001	5.6482653709	3.3909998103	10.3874944675	10.4489609465	10.5761410408	7.1816748954	10.4899650761	10.728861513	9.7816407502	10.6841505072	1.8301927205000001	10.056911663400001	1.5035606634	10.6597812098	10.1683118446	1.0045213585	9.701732573500001	9.3482324426	0.9241920603	9.8721285386	8.3357270382	10.357228583200001	10.5790043431	10.3405135955	10.4676580938	9.9877877275	9.0652522693	0.5235448164000001	10.211211458	6.421993474400001	2.8542024905	10.0797288934	10.7867691767	10.3279250366	9.4485689017	4.9589016812	10.141874077899999	10.0958157802	10.341355795	10.604564725700001	4.4948906783	10.434247165	2.4865987631	10.4921937335	3.9875061663999998	10.288889869	10.076555488	9.7785951418	10.3562074759	10.6247849903	10.5228682687	10.396761297000001	6.421993474400001	8.912156920900001	10.1506763582	5.0162474997	7.6644780452	0.08328534929999999	1.7513368116999999	10.0297227407	5.9268332136	9.835306103099999	9.7632107134	5.0400569013	10.2973048599	9.8735627038	6.9708557255	10.246184213400001	10.5595369703	10.0705199731	10.3184510236	10.2094650168	10.4116700136	4.1603020047	10.1528011114	10.4178298034	11.010682304400001	10.2038089293	7.2897825487	10.4647458917	10.587814652999999	1.2311868456000001	10.5484709459	3.1321334948	10.146248809	4.5312673375	3.7356751926999996	10.564122879500001	10.0748073212	10.672173084299999	10.397115108200001	5.8427543603	10.480572459600001	10.3606982707	4.1086500305	10.2256217794	10.4596423638	10.1838258485	10.334030202200001	10.2529854147	10.0294261738	1.6144540068000002	9.9856648342	8.6211555899	10.533199010299999	10.2777845705	10.400796457	1.175955192	10.5339853588	8.3003782054	10.3074314585	4.6279766186	1.5251782058	10.3188312887	9.5009539345	10.2661881836	1.9675553013	0.8726288525	8.079245353200001	4.746950547	1.9228539619	1.7488088438999998	10.3781337695	10.0228461978	10.5328805122	10.5196931722	9.8828546096	4.7477000702	10.8593717143	0.6242287785	9.199042606499999	1.0082934370999999	2.0295820566	0.3386584391	8.037441012999999	10.3982400702	10.4155600834	10.118785181	10.135428317999999	6.577252587	3.7073526319	10.3464441104	10.7705148389	5.4460459594	2.0342555744	10.637327384199999	10.2863272568	10.668433626599999	4.4733148172	10.562182978500001	2.3514920984	10.4863272816	10.5001848061	0.2871325041	10.3860682092	2.346121642	10.353236604500001	10.3108569292	10.434926505	10.3358962821	10.1256567474	1.6894806472	5.6124292102	2.7764894989999997	3.6200817142000004	10.4847292586	5.2155035172	0.9198607131000001	10.5295628811	5.595232984	10.648978459	10.4583863189	6.507349415599999	3.6056383726	10.2133301737	2.5997944552	3.4264064076	10.425817028200001	10.3068028853	6.0533347613	5.241290623299999	10.5392975617	10.6807112246	10.1756369927	10.3993813285	10.3640004014	9.6263371281	2.6147133689	3.4832167529	6.5549340553999995	0.3287776211	10.3540864064	10.3509975593	10.5086252412	10.275435694299999	5.5114300288999996	10.3582175791	1.9325422194	10.6053421059	2.9286749017	5.7548590836	8.979743404199999	1.266646162	10.7917544405	10.4696071042	3.9818535262	4.2003187645999995	10.8307796716	6.421993474400001	3.8330720981	4.882716300799999	10.4443147008	10.4437581368	10.841068502999999	1.6782962959999999	4.4465475393	10.4825749873	3.8665439638	1.6672852283000001	10.4189969491	5.274633968	5.527683025499999	10.0897643415	10.6832091507	2.5783723823	7.8437778835000005	10.322401125599999	7.4772045648	3.2693280582999997	10.8776655505	3.3479631286	10.928024633699998	10.516077915599999	1.5329611134999999	10.3071745046	10.6925899493	10.830201668499999	10.3716938708	4.3357781976	9.1517887945	9.088194612799999	4.836624050299999	10.3896028025	10.5934736078	10.5632692527	10.2694182422	10.1762806295	10.4648371885	2.3394475787999998	0.2540049185	10.5719560436	10.3133874495	1.8962679772	9.840986658	10.045462925599999	4.0846098851	4.5373641788	4.383669418	4.6250610066	10.039612316	0.136988103	10.3890341928	1.6187622623	9.338281942	10.1182903172	2.4407308173	3.4982134837	2.4233694234	10.660378176	5.2443775404	9.9342046797	10.372708144299999	10.0754107119	6.421993474400001	10.7779048541	2.9997852612	10.5025617812	10.546023871000001	9.682808940800001	10.1094013269	2.6171868405	3.1925126127	10.0016256	10.5363006742	2.1119847652	10.6642157348	10.3504744135	10.111968316	3.4675843231	10.5154468615	2.9710058214	6.3287878382	5.1732001673	0.41311679079999997	10.3725507854	3.4400965654	10.567138291200001	9.9415660634	1.400801502	10.350256950599999	3.6682384568	10.538491857999999	2.3994702776	10.1485908551	2.9316406904	10.6343156223	10.4673991845	10.4611767277	10.4779870235	10.506060469500001	10.3849981091	10.1536641564	10.4118136161	9.2762413277	10.3837370738	9.8293775075	10.349055101900001	10.4413758144	2.1413107931	10.9101944881	10.8971213844	3.0379896547000005	10.6217109625	10.2714712117	9.73436644	10.267032585	5.7539121314	10.6678113175	10.2237415373	10.1657497741	10.523343544	10.707751185	10.4478559543	10.593005462999999	4.6981815851999995	10.3830212055	10.0572944387	10.307408129199999	10.3891878955	10.4754964371	3.6601059963	10.5499350901	10.673143828999999	10.5555274463	9.938342911	10.6589358397	4.4153718106	3.3750099645	10.3555604527	10.2118847906	10.751041893499998	10.184908650599999	1.9243279159	3.9421157783	10.5326247853	11.020358917100001	10.7037617886	10.6232794316	10.252948176799999	10.4119747283	2.7521767817000002	10.5954905151	5.8157550833	5.7719589488	10.606241061	10.4881031041	7.1914948828	7.4971076342	10.790277258	10.5242192514	9.9637674045	10.4078858942	10.8149469925	10.257811399500001	10.174196949299999	10.0380424981	10.659934704600001	10.5122541433	4.3372005437	0.768107147	10.480243870499999	9.7452367186	10.375872550599999	10.4498974541	6.421993474400001	10.5655986746	10.4604787132	10.3737098458	10.4452851058	10.5100079086	9.379177436	10.3595858291	10.498295081	9.8856890904	9.9868847183	8.8969506029	9.0838340726	10.5228765835	10.4294931197	10.2596756746	10.6078021371	9.6942829116	4.052044513	10.969059749300001	6.421993474400001	10.383328843400001	3.7663926589999996	10.340221095499999	4.6454077462	8.4885196853	10.6511800204	1.7023884830000002	2.3792288693	10.2638668563	10.3078549602	10.3807499244	1.0077657322	3.6460710318	10.6958325174	4.4947262001	7.4588755058	10.3878098707	10.2849157518	2.9387282791000002	9.7940598403	9.9708216554	1.0369502157	9.2411218823	10.397622326699999	4.7064501094999995	10.1416677519	10.4277139257	10.451937924	2.6807876456999997	10.6995981976	9.8247372198	3.6275184326999996	10.1682570591	10.4435925952	4.8388642895	6.421993474400001	10.2983234531	10.2844180448	7.2885008222000005	10.2959916007	10.2653682946	7.212765911699999	10.4934734584	10.0826457525	10.4097531648	1.1734563306	10.5144880579	11.053592396800001	10.1791132906	10.3152622893	2.5923426794999997	3.7786639532999997	10.056467615599999	10.625781787200001	10.0880020448	10.2789369008	2.0475386252	2.2022776009	0.523899862	10.3431664259	10.361464029	4.2173170401	7.2496404229	10.400219768200001	10.5301081863	10.5659308685	1.2868206806	8.3115569672	9.9930620869	10.3683982136	3.5030516598	10.1188051837	5.5506526202	5.8583410889	1.0017519612	10.2320986356	5.3229089482	10.3032932943	10.0905615062	10.5761841537	6.2664198714	10.3333547474	8.0405223396	6.520272117699999	10.8067439952	10.619013166	5.9396175677	10.4225795562	0.4384662344	10.4724686103	10.500605074700001	2.1444017509	10.373942677999999	5.0619740933	0.2898936621	10.247096877899999	10.0866485755	10.7188001551	1.5390605695	6.0141562365	1.080193949	2.2592782448	10.350996646699999	2.6861298944	0.4303142532	6.05130716	9.9514346301	10.0876599438	10.3129744488	6.8273960659	10.4802746416	6.3252533646	5.1204522099	10.6832573558	5.4588977131	4.9405631132	1.6652542733000002	1.155929176	6.3215806547	10.5638081091	9.7922571345	10.4277421708	2.7473406691	3.2083766411	3.1985333281	8.9312495836	5.501951491900001	2.6950184223	1.3204670481	10.2211365637	10.2078826098	8.6332245316	6.8473296615	2.6632154405	5.000355323	9.8132850388	9.3640923808	10.6862608173	1.7001224418	10.5221180775	10.9228862319	10.0201813283	3.9894723093	3.6997236932999997	10.2840323705	10.2973693049	10.5003106624	2.7602098625	10.665383748	9.9685435668	10.6118516733	2.7292264977999996	2.9080732649	6.3416671072	10.4014576165	10.4262935433	9.528404420900001	4.4622006294	10.651757005	10.4363733535	4.7208766036	10.256674864299999	0.7472798718000001	10.5464625588	10.1954644611	10.6246176343	2.9312517187	10.810794384100001	3.1144866071	6.106292346	10.085558385	4.6022326506	10.4343065101	8.542009261799999	4.306280818399999	10.5195382944	10.463492223	1.3203208848	10.0456437588	10.6155710654	10.6348721786	10.0797869062	10.5176588232	4.9341074031	10.5885511836	10.5161037212	10.0836677257	10.6996656122	4.7480354948	10.0333716149	10.3801114386	3.0496280189999996	10.4605489999	3.7327026812	10.6395012549	10.0308286897	10.6228203966	10.1839462942	4.306957527	7.6842888012	10.2090369922	10.7803277828	4.7534278731	6.019571905199999	10.3806395443	5.6319718519	10.0985026882	9.794495272799999	10.2701803004	10.4570214646	5.0300249797	10.5828258658	6.421993474400001	10.8082147376	10.3285600477	10.5943531986	1.9070664127	6.972318475800001	3.3750992672000004	4.3680999527	10.117862351	10.2951404369	10.576770188200001	10.532891195	8.4374834064	7.7231658026	10.5950931915	8.047727694099999	10.6057012513	4.1033288882	10.3931458112	9.4217278507	10.457702738	10.104098297	10.6905145569	10.297047671	4.1131005115	10.1370334937	10.5078816692	10.5006846277	10.377789113	0.0593458189	10.408971127400001	4.7965029964	10.4273194707	8.474430634600001	5.6768913164	1.0282192155	10.5884508244	10.1946692119	4.289056191499999	10.0574331048	1.3971361230000001	10.2574133855	10.7266110509	10.2585846952	2.1878636323	10.1625692466	10.1067840891	2.7770477923000003	10.8916844758	10.577490193	10.618157764400001	2.5884342458000003	10.7048096711	10.4274696219	10.2208345161	6.4351459097	10.5519295302	3.0570064708999998	1.7660868822	10.787811381600001	10.3445973473	10.4796267943	2.2698890927	10.789487875499999	10.1824953375	1.6284895753	10.4167397691	9.9656870984	10.5518211059	10.3877005784	10.020776421599999	3.9592575902	10.369600760700001	6.421993474400001	10.280131431100001	3.55725123	3.2447212247	5.1037711224	4.7979597121	10.1176504362	10.423317928	1.3752767651	9.7187217933	10.2971621453	2.213111051	10.2328990205	2.594267595	10.396940277899999	10.1985526513	10.4008723985	10.064234669500001	3.9486358070999996	10.2889275666	10.4374241518	10.165383755499999
CBX2	0.23122584350000003	5.0806527051999995	2.4015049387	7.9917186547000005	2.4863000572	0.7321328003	1.0463061603000001	5.3456893677999995	1.9823894058000002	0.5463469749000001	1.2539419237	1.9080032364	10.6415557512	9.797452522999999	3.5295241172000003	4.3071822287	7.069245624600001	3.1057888394999997	10.7473677901	0.4626737011	1.1410599154	2.9547448795999998	1.3752907524000002	4.289115543	3.1138325881999998	3.1975704343999998	5.475253325800001	2.7895118022000003	6.7356483939	3.0147545399	10.3795336472	11.025890083800002	5.1581450269	10.5407973274	10.5740090737	10.371669067400001	10.553350719099999	10.4630716202	3.6424564076999997	0.578455563	7.871399368	1.0521094512	0.6526986266	0.6252585343	10.4360633986	2.6193818569	4.4809536468	10.6954563922	2.8725189785	0.0874469548	2.3687934238999997	10.5171497144	2.7472256464999996	0.37151805880000005	4.567542459599999	10.1846179713	3.1230173215	3.714188423	4.3733126469	10.6114302387	4.6115694131	10.779432616400001	4.3422418523	4.7919286968	10.3534422845	10.2864594513	4.6521668846	3.2162146951999997	0.5062500984	4.7056337176	1.2523647843	4.359610769800001	2.6137051982	0.6090287553	11.038126410799999	0.0903248881	0.1531051975	4.5516847213	3.4593391943	10.6225135183	6.421993474400001	4.5813230063	0.1944040545	6.4796227959	4.5213195343	4.329328294700001	7.9483974404	2.9815601251999997	3.8268899579	10.0609959018	10.0793566865	2.5884743444	0.1375944026	4.9736310027999995	11.026185576	10.3234266081	10.2447319132	5.789254966000001	3.5676553222000003	10.7764906623	5.2579077616	0.5160859545	0.6507996328	3.8053637292	4.9457616691	2.7191061388	5.0979612695	3.96398243	1.3350464344	10.180675887	3.7708874401999997	3.5851250302	10.3364912274	2.7427427141000003	11.0072852756	3.0787996349	1.8471694081999999	1.9168221734	4.0925746801	3.8472464943	1.6159692705000002	5.923463053	2.2984874615	5.022777916	10.8366748597	4.7218786478	5.8439318161000005	4.5039332413999995	2.8740510067000002	3.0709371495999997	10.8764907855	9.4530632007	1.3827290821	3.1156758457	1.8294130775	10.4229793499	0.8848011461	4.9795848602	3.4370810142000003	3.6994626442	0.6199026276	5.2254847629	5.5393613647	3.5646589981	10.3655495816	2.9782185561000003	10.368000223	2.8169090838999997	0.6422170143	10.5301558516	4.7609774334	3.0649601736000003	11.3261191565	1.9521652476	4.0993972396	2.3220952111	3.6730401204	9.955777895399999	2.8226041955000003	1.4083958981	4.7576744407	3.8157489626	4.4051642757	1.4123012085	10.6131151168	5.4970426757	1.5984449525	4.4561800759	2.9391087425999998	1.361548461	4.0640629332	2.7186114069	0.8928535540000001	5.1737901441	0.178552477	3.8179325216000004	9.4221583344	3.2162163816000002	10.6303111294	1.7947452699000002	1.8761779532	4.6902197008	4.1003154651	4.8877956612	2.06738048	1.948703415	4.6791106938	3.4685219457999996	10.5299644123	1.674600682	3.3695892523000004	3.4570065744	2.8266315781	2.849910445	9.810367959299999	10.8764606693	2.7275546887999997	10.1105536117	6.421993474400001	1.154739019	10.1964256587	10.1199043453	4.7556929883	6.462796053099999	4.9124886708	3.2013667116000004	1.9550445803999998	2.6759150676	8.6802513424	2.1528492622999997	2.3688007500999997	1.4046575365	0.4208687245	0.9434490579000001	2.2763117308000003	4.4227074388	10.3207946945	0.8252876186	3.4815499343000003	1.7160906887	10.4411518891	10.5395887949	4.3620963431	9.2647173217	4.3572821727	3.6878068944	2.2840303728999998	0.6703632218	8.6751453137	1.3238216603	2.2425422072	0.8134915876000001	3.378531267	10.760736509100001	0.7105182567	1.952633584	10.433927392100001	6.421993474400001	5.1117311179	2.2668867125	1.8672789619999999	10.745080783099999	1.6042518698	1.9882148569	5.6050824987	5.2858975639	3.8479053689	2.281954431	3.0282105074000003	10.5575492378	2.2894997863	0.1179871705	4.0367897006	1.3719928593000001	10.1876788128	10.5625280511	10.7272588453	3.1841990294999998	4.2052323785	2.0093331181	5.6659273005	4.938059885	1.7018636303999999	10.6589210401	3.95504472	9.1424417556	5.4943555078	2.8334315715	10.9487121009	3.9432865615	1.8211577646000001	0.9981825254000001	9.985664417899999	10.4905909794	6.3623417348	0.7262046441	0.4350050346	10.063271344	2.0580268408	10.9057217555	2.3433724816	4.0956272879	3.0714295512	1.0392825941	10.5223288019	2.1406080634999998	1.4270074046	1.5652093118000001	3.5660302661000003	4.6721087258	3.1321463382999997	3.9319194953	10.180894310800001	10.3495221678	3.5665960074000003	10.487152105	1.9959497975999998	1.7814782928	3.4957402955	5.3285064401	7.1370554708	9.8370410608	1.4882071927	3.4847362070999996	10.4178330072	2.8873459364999996	9.6706190014	10.2705011513	1.2290038723	3.2167334102	3.7746315043000003	2.819668582	3.5494760726	2.7822856001	4.371592074800001	2.6088824176	10.855204429	2.0093348539	4.3038279051999995	10.059578307999999	4.1079464994	4.3675980196	3.6746419091000004	10.5582190907	0.4381556039	4.4024397431999995	0.2268608697	10.88678741	3.6803269704000003	1.4697174532	2.0552392533000003	8.3861661793	1.9806924716	2.5692693266999997	7.4537943816	11.0052546683	3.9836261507	2.6763416657	1.9320956023	10.0963129712	2.174518457	5.901247214600001	2.565787053	3.1253552275	1.5886074503	3.6646195802999997	10.710755601499999	3.0172306319	4.5883112129	4.2588836408	5.2705287107	4.1159009207	6.421993474400001	3.3511583681	0.8836751876000001	2.5324822748	1.5559273141	5.5252116052	1.2185413768	10.7291369542	6.0967236196000005	3.2127712849	3.1501437401	5.0599222914999995	4.0120395989999995	4.4282083194	10.4169593367	5.0827320851	1.5745775726	10.5127120607	10.445166479600001	4.0243210312999995	4.0343568709	0.9946540773	2.8100696097	5.4142596162	3.5899336384	5.043353507	4.9854388572	10.0462047278	1.1011526016	10.764769468599999	3.536860574	5.1475339542	5.495850145	2.5295384874	5.3514631726	1.5924413571	4.2821764777	10.2537369501	3.4818582868	5.3571960738	10.7577071701	3.2242210473000004	4.8257811139	10.238216433	3.5546694526	8.6361583914	5.0299199369	6.9575840565	3.8893169666000005	6.7034833971	10.9152593725	1.6548460163999998	3.3367933508	9.8364393365	8.1475650248	10.8392580009	10.415248460199999	4.6899008703	2.7160750695	10.6180538296	0.7484038948999999	1.2549383663	4.5274975851	1.2580324422	0.8249757404000001	10.728515697999999	6.2104993266	3.6321719932	3.7491894768000003	1.1860880645999998	4.5525327399	3.718942246	0.8143810502	3.9969662006999997	1.3516321681999999	10.1579634067	4.9909253085000005	2.8317549295999997	4.0530401689	10.2693216869	4.918996377	1.1018522773000001	10.698914462000001	0.10209189119999999	1.115318381	4.560006602900001	2.0285838762	5.543480294400001	7.451134789299999	1.3081804036	3.8687418404000002	5.2346892834	1.9644646404	4.434775518	10.7334897292	4.052502652699999	2.9576234744	1.1932089965000001	2.8005290057	4.101493486	5.8959674809000004	2.7174462302999998	8.8262291115	5.578782321799999	4.3738627068	2.0555453205000003	4.468158015299999	10.5089837679	10.1041012801	10.435837791299999	3.5670200676999997	9.4197731127	2.4989170076	2.3790648806	10.9520765178	7.2759101279	3.706582596	4.3501934011	1.6605406789	3.7481394735	0.6533552201	2.1463207257	0.3023889374	10.3885974185	4.1476420958	4.230900668	4.2508019836	10.345322299700001	10.8192264269	2.1645340304	1.5518731613999999	10.4560019998	3.8012392542	10.4707360592	3.0408420518	6.421993474400001	4.7906139139	10.2661648442	4.0822809383	4.277654847	10.294287315	4.6584322152999995	10.1536860539	2.6636862441	10.7218481689	10.0252610492	5.0276258719	2.7187395104000003	10.675179656000001	3.4457022416000003	10.0736649086	1.4328935675999999	8.31686848	10.8224235073	8.1016938661	0.9866660343000001	10.019390375599999	0.9178014037000001	3.943696783	2.0037881837000002	1.1532760135	3.2205787587	3.0159987033999998	9.902732545900001	2.4013864106000002	6.3027230064	5.043938707	2.9484454641	0.6537732977	5.795597894	11.0124475041	2.0345940862000003	4.3308033412	3.083491448	2.4537476678	5.982132836799999	5.7380521982	1.2394005554	6.8284019523	3.587528247	10.5888031486	0.7356187126	1.9766933156	1.4250279036000002	10.8038448251	0.7710174295000001	1.8351402601	2.7662670893	1.4643687046	6.421993474400001	1.0522390670000001	10.583905949	10.5038858967	6.421993474400001	10.2199904446	4.071947809	6.7072446478	4.6553333304	10.2440722024	4.0408444111	10.3073194697	0.9354925892	1.6163934121999999	5.919973057999999	10.2302995543	2.6141302428	4.8054703859	1.5858884451	6.789068010199999	2.0889119872	0.26292730670000003	5.4076552301	4.2304306995	10.1821666126	2.2065800192	1.4065228201	3.0062795167000003	10.211703008999999	10.711852518099999	11.195867536300002	2.5460462113999998	0.8503744637999999	3.2125103977	11.0894587232	11.077380423900001	1.105775301	1.5006191113999998	2.3086492391999998	2.8478968591000005	4.4217578281	10.5652585949	2.9526895863	4.7607160211	2.6193922098	1.1338508602	3.2267519913	3.5378044567	2.0319913008	4.7508781435000005	10.4692368941	0.39601675210000004	5.8504342038	10.0012158426	3.9629551079	2.7829115107	5.0251416482	4.1731691869	1.204706302	9.3149714743	2.7981960418000003	4.4507319891	1.4135185025	7.466619181	2.4578216238999997	1.4902771721999999	3.7403411789	10.6844430672	1.154920278	2.6256168379	10.9496773028	2.1862806681999998	7.148986785499999	5.4315789065999995	1.0294830501999999	3.9757104018000002	5.3674298275	0.2026182322	9.2992430935	2.8434920023	5.4967824637	4.7321067155000005	3.9819098051	5.9617594791999995	7.987333167	2.9416576244	1.3771424052	1.7677718919999998	2.8586589457	2.1202712594	0.8607247290000001	2.7293836338	3.9785731688999997	1.7308742091	3.2222539838	2.4728364978	2.9513292889	0.7841204928	6.7512672157	4.4067118618	5.0361237312	1.9739973344	4.3283491818	5.9321775426	2.8751506169	3.9304107191	4.581908911499999	1.8250695206	2.1771083558	5.605771465399999	1.8650009484999999	2.1501950181000002	10.5445407346	3.4938552309	6.357372969400001	3.5861957805	3.2934335752	10.07494215	2.0960559591	3.3454184657	0.4393081743	0.8730593374	1.6529035219	2.6916779847	4.0526822253	4.8329172739	3.6180337388	5.5495813788	2.603842659	4.1569809027	1.7535396444999998	4.7942973844	10.4999093987	3.0974337863	10.8746561563	10.466482974	9.850343681	0.3844921417	1.5565239401	4.1720884729000005	10.122167425499999	0.8538378027	3.8195216707	3.1871031955	10.640292496599999	4.3515504376	10.2580708999	0.19186688780000002	7.0960122625999995	2.3771399061	1.7438536128	4.287655920400001	3.0920548268	1.9044373036000002	3.5158137185	2.2850065652000002	3.3807919313	2.8051727439999996	10.394537047	10.1657197354	0.8659431172	2.4089866872	4.8052599603	10.599774678400001	10.2787074178	3.7574021776	3.0389983056	10.886532591400002	1.0399303058	0.3067929419	1.1721077342	10.4030987252	2.3883785232	5.008279556000001	2.0775836308	5.6962408905999995	4.9214889157999995	1.4658294190999999	3.8292453302999996	3.1858760212	1.0234619198000001	2.4488071299	3.5645131381	10.912812133900001	9.4124054601	4.258675638	10.3369165591	3.9270036161	2.6127404569	4.9375629207	7.505452852	4.5073312357	4.7070928699	8.2208914984	4.487327941	0.5993307004999999	1.4694839227	10.4931381238	5.2223170674	2.4899725521000002	9.0162063814	2.1269428417	5.7182101934	3.3334165005000003	2.042009868	3.6876224644	3.5939038382	9.1526402405	2.2760323325	6.421993474400001	5.2377906621	2.5920368196	11.167136701199999	10.1328314093	2.1584568937	10.4400990805	1.1835718267	5.8950258146	5.4039624241999995	5.2876879920999995	3.4913565204	1.1140055685999999	10.2535092069	10.2522611766	3.8921605579	10.1835035134	8.7501924698	0.054727472400000005	2.0163360896	0.2240534347	1.4812013621	4.3788885588	1.4265950208000002	3.123833985	4.8009768851	10.755956615699999	3.336804134	2.4676450503	3.0374073953	1.5945558206000001	2.3549019280000003	6.371923091699999	10.5608236512	10.0789745386	6.421993474400001	1.9689828459999998	3.0323594720999996	4.9350062	3.5449897988999997	4.0704471871	4.0548541634	1.9578405382	1.7724353128	10.6320842145	10.728731554500001	0.49752992700000004	5.8488439751	4.5367280061	6.026433171	10.2684397442	0.9911907284	4.1907957944	1.9864254293	2.2369006555	2.7190516156999998	2.380829021	1.6691256097999998	3.3335990495999996	1.4329030216	2.6429679492	4.728993765899999	2.4023241716999997	0.3256087062	4.2051238753	3.3748222405	5.3910864788	1.28969314	0.5164565286	4.2544992113	3.0400546847000003	2.3048627772	10.5589746914	0.1106552075	4.1145482355	10.6628064779	3.3049964782	5.0701912312	5.640743965	11.1278735318	10.6512683482	4.2002876929	4.2481112975999995	4.4420402603	4.3688677587	3.430526996	0.0480864845	2.585964541	0.00907059	2.5035264343	1.1313048186	2.0715193008000004	1.8178785622	6.3368637973	2.1139810167	4.3064005088999995	0.4940147688	5.5926188114999995	3.3131010929	1.9363579788999998	4.0862246467	6.1219134078	10.1953606958	0.9368284540999999	4.6176206769	7.691878319700001	0.8893720668	2.7314848807999996	4.344680397099999	1.0156848985	11.096397212000001	1.3475562768	1.6371605278999999	4.3182649872	10.7967340309	2.9565026113	3.3123770462	3.0476274926999998	1.6583326803	2.0397491361	10.5450082788	4.7343638007	4.5429707619	0.3112230105	4.1843357834	0.7616879951000001	2.5063162481	2.4020676581	10.7457743378	10.5580876878	3.7747755914	10.9123213303	10.5554426498	10.915102758900002	9.8187657441	2.7963211119999998	2.4202343725	6.421993474400001	1.1809801261	2.3333038326	5.6298991028	3.085064833	4.2747302673	10.668157169299999	3.9125499373	2.8146659072	10.572356019299999	5.230239274	1.6237006781999999	3.4962588364	3.2937522616000003	4.5627844914999995	3.1814113282	5.1067259718	6.3783637194	10.1277373256	5.0997485205	0.644513329	0.4789565843	4.8000923709	4.578014458399999	5.838857088999999	6.8890677899	3.3287790528	10.508451191599999	1.8929169716999998	1.8813839575	6.421993474400001	2.3775604058	1.7763268229	5.6511965872	7.1524788385	10.776273424200001	0.10192158429999999	6.244896113999999	2.743084946	7.987592072999999	2.6330781267	10.5558041421	4.9104747069	2.4239889371000003	2.4940115702	4.1719770708	2.9328910264999997	2.1353195906	10.40107215	2.9610931639999998	2.992077558	3.0867098443	5.616845146599999	6.421993474400001	0.9184938840000001	2.1300378457	2.9859300187	10.621833894	0.48277921939999996	0.1174537935	7.7927930877	10.8613535611	2.9845813265	6.452926086000001	10.4895214029	6.3927896934	5.9145655918	10.3991148926	7.9205559953	4.6582950932	10.0997099512	3.2869665414	2.5709735672	0.4593860596	11.204237793399999	10.256575959600001	5.1469311039	4.4973254404	2.7273843551	10.665411637	5.044761942	2.0682904365	4.253640614	7.896232753	4.4077247116	2.7490526093	2.0786603557	10.594502071299999	4.3870106724	9.9460900641	4.4919466538	0.327572848	10.6341261485	5.1949473238	2.386083314	0.8299576756999999	4.236086380400001	5.5390214133	9.1862978707	2.3480613692	5.0272206016	10.1380078346	3.3268032727	8.9655119079	10.252507825599999	1.4559347266	0.375511211	5.0216013219	3.2542167928	2.6306937487	10.4841098635	2.2031358898	2.0882287427	10.744772879200001	3.5829457433	10.3427775724	3.3323536557	0.6338861661	0.3465006995	10.6669119612	3.6161537402999997	1.3062962482	4.3544010305	1.912943633	10.307964142100001	3.3316311873	8.9139946524	0.3165913376	10.3924281657	0.075294552	3.8184380825999997	10.8255714322	10.8735944868	0.9803337187000001	5.3636809259	5.7524081097	3.7168422143	5.8117724307000005	6.9568600964	8.5014720051	10.3862082729	3.9143050435	2.2714747997	2.3615575657	10.8680561367	2.8658501575	0.44430210439999995	0.8180134887	9.7755554946	0.5146361749	2.7002303394	3.8776082268	0.0248931816	3.9558106864	3.7006457068	4.2319889794	10.5385687689	2.2071789579	2.6265136415	1.230281849	3.7587674477	3.2158243049	0.8385902201000001	5.8012265975	2.9707894295	3.9137487425999997	5.3613790687	10.5810747131	11.0247382856	3.3083715372	2.1333199943	4.4273103431	1.2338324252	10.5474059093	5.317932942900001	3.3377791594	10.5550349969	10.6893071627	4.955365994	1.2358599499	10.7119291604	11.054881912899999	3.8271692957	9.163874913799999	4.3896864892	3.9203099499	10.153280625199999	10.338505495	1.8935986830000002	2.4968797738	5.2545195019	3.8101075395999997	2.5452810975999998	2.9454055919999997	4.5077248486000006	3.4801337264999996	0.5022227384000001	4.9765269768	10.903039294500001	9.5827149934	3.1435932609	1.0311673012	10.6203628682	4.952439577	2.8131509975999998	5.1395798179000005	10.5510479475	1.2190114579	0.9972372289	6.421993474400001	4.5564341915	2.7037522893	5.2576620524	4.393233073	2.6685134357	3.4687515131	3.1406577562	0.5951744223	2.2757560563999997	3.3153232142	3.5383881554000003	0.35443757090000005	0.150153331	5.0142324272000005	0.6583773259000001	1.792729126	10.335988735599999	3.9219089447	11.054925985399999	0.309321678	3.9067440024	10.7042189049	2.2453446832	1.3063567012000001	4.1011493689	4.736040758	2.3056866519	2.0307830432	2.555422129	10.7134049578	2.2244885607	3.9805346136	9.8153797096	3.7558648033999997	4.9150948828	6.7723710159	2.2778675146	7.4526773627	5.965175443300001	2.0836340782	0.2464159307	7.729931795900001	5.9604320496000005	3.4177410044	4.8228863809	6.8080424503999994	1.3769175641999998	2.2532808063	3.2128631995999997	2.7844211131	2.315857909	10.386078024	3.9233807021	1.4838897653	10.6589978688	4.0353394268	1.6859421783000001	1.3678311005000001	0.9300830140999999	3.7258483988999997	3.8411805276999997	10.062171511	5.387513590599999	0.841727485	6.421993474400001	2.3990508103	0.38265324359999997	3.3833710702999995	6.384543507899999	3.5615307027	10.4797556679	2.3184149744	2.834142192	1.3251198946	10.6661519987	3.178907048	0.8690911845	0.4285262749	3.2171698413	1.2903271214	1.9375243447	5.2714716245	10.2761611677	10.4950597895	4.3311284946	1.745831963	4.0762532968	3.2699613127	10.489240608200001	3.7047424005000003	0.23299446559999998	5.4121388260000005	5.483173541599999	10.9491615413	5.6531182752	10.2090153635	5.6871436934	1.7449584865999999	5.9330114986	6.0374177305	1.2423796768000002	3.5173801622000003	0.2501995996	0.5116540486	10.9308119288	3.0910367073000002	4.2870732247	10.1023192377	1.6794747599000002	1.8176814436000002	2.8382509716000004	7.7263723935	4.3130789203	4.7517261491000005	7.057554401699999	4.2677828635	2.0922628452	10.3352428753	2.4449211554	4.4132838901	0.2644610031	4.0500851012	4.0542451751	7.4335165524	1.1757306795	10.493773817200001	1.5182691172999998	3.2541883882	2.8734252529	2.2937270098	1.5679601676	2.0069431365	5.5935653610000005	7.9215718504999995	9.750897831	4.0315635801	1.7793868546	2.0842997369	2.6763135785	1.9763147831999999	7.8736840233	5.526958167899999	5.0711995944	4.305452938999999	11.1195342617	2.1872809246	0.30593328399999997	10.3356186021	7.9291790973000005	5.1543521659	1.1143496493	1.0817618737999999	3.2366502604000003	0.0848606308	10.4252450864	5.8937056052	1.9562441547999998	2.1651873221	0.9113976026	4.4493695686	5.516676941799999	9.4047372796	0.2518285571	3.9680684983999996	1.8956336612	1.6389201054	2.5275724473	3.6015305985	0.5194449796	3.0231706048	10.8194150706	5.9131838378	10.648668283300001	0.9942492088	10.274373883099999	6.421993474400001	6.9960652087	3.9275992526	4.6032970617	0.39969984350000004	4.1402625166	10.1153196892	2.2480510737	4.1640139258	7.8961755800999995	9.823927183099999	10.5598266077	10.4798218914	0.5421977079	5.758462646	0.9578488936	2.5220264344	7.7513006364	1.4623282773	2.4649642734	6.421993474400001	3.6300715839	1.7551653454	4.1253334001	10.492857042699999	0.2562899312	5.1066291968	2.6402193679	3.3655073367000004	9.9931772441	3.4177192500999998	9.9962344968	2.3406702577000003	4.1936635238	3.9285768627999995	3.3454730117	10.5796288482	10.058775777300001	8.0193909855	3.5376507464999998	3.8389072981	1.9435262909	2.4432118861000003	10.5728422384	6.5207555425	10.5586459838	2.6692036339	4.3297569965	6.9844913872	0.9969707519	4.7621693771	5.180201386	3.6410671702	3.8883302891000002	3.4547363114	10.242186441900001	6.421993474400001	3.6168492194	2.7041520827	10.4160414794	4.8271976328	9.1301595971	2.8676361010000004	5.0570023005	7.0393505468	3.3116384851	4.5795999748	4.0025046951	1.8050675875	2.0675877663	7.2277586299	2.4039612743000003	10.386920846499999	2.5666376049	3.2369228233999996	2.6964986274	5.143599624	3.9773379657	10.428626871799999	5.6177493851	4.6735607576	4.061043225	1.3055478118000001	10.7493326549	3.0113621994999997	3.0583665562999998	8.647913065900001	1.7281035356	10.819657902100001	10.2420671818	6.7506262703	0.296716886	0.49145828979999995	2.0543093494	4.5306079524000005	1.0144349067	1.9251737001	10.6110969878	9.585771275099999	3.9238744003	4.408623797	10.5067928247	0.5595327215	0.9833960092	0.9856852093999999	2.5114000063	3.0237208218	10.566192616	3.3738356801	2.8176639872000004	5.0816703238	8.2782853621	10.0893844753	0.6393273739	10.7721992742	2.3208344067	3.7032996983	3.7113609175	2.2952326206	3.0335426224	10.7802503842	1.6767298311	0.4860706391	5.2615582323000005	1.39871905	3.8610663482	10.723640250399999	1.2107158131	9.816629509	2.1074560346	10.8197802346	4.0410567246	2.1658461594	10.685536818500001	4.4082847067	1.1281397476000001	10.3271140221	1.2354582059	0.7216824789	5.464748864600001	1.0582256503	10.496467088500001	1.5899099988999998	10.6297883443	2.2387776225	10.9984953048	6.492935106900001	10.6025027614	4.1461096456	0.4803709389	5.7447492465	2.0170364924	10.7432724382	10.6191277197	10.6170694461	0.9480380836	8.231051837899999	10.4336702016	0.8093386555	0.5878095835	2.9210646702	2.2341749524	3.0866390729	0.008401243000000001	4.2253839762	2.1447705868	2.2074121496	3.5903702118000003	11.126914386300001	0.36314287	10.2531394103	3.8688530786	1.0050387527	10.5311623027	2.4758622571	3.1791180986	2.3222837457	3.1029377138	6.6599088024	3.4311260851	2.8492270844	10.8889588341	7.6853518449000005	4.6307484889	3.1012423618000002	3.6090890863	4.722256577	2.5997746547	2.5879903399	3.446015343	10.671636019500001	7.663877615900001	1.5759560308000002	3.3588058568	10.7492827628	0.9672002648	0.32614162480000003	4.6066679741000005	5.2519659426	2.6138914407	4.2906503256	3.9599234489999997	4.5631358961	1.7075754483	10.1130077571	3.8046437133999995	6.629961870800001	10.613095830399999	4.671562542799999	9.923515245199999	3.3944885320999996	10.2484397769	2.4601173362	0.6289146471	2.361367538	9.8028401863	0.5892958127000001	2.9214926918	1.7711447588999998	1.9106732994	3.6386682658	4.6718575262	3.5695656475999997	10.4481052351	10.9552565035	9.976382898099999	10.943885574600001	2.3994169197999997	3.0514375416000004	4.9921139915	1.6991978541	3.7394848492	3.4534996172000003	6.421993474400001	3.6175211873000004	2.6566110068	5.473320252100001	2.286853892	2.0084754745	0.40590824509999995	10.6638909253	6.566855214199999	5.18014625	4.5770318045	2.9409973472	3.8087976738	10.884094839000001	1.7740463196	10.5826642187	3.5660290719	4.1302925129000005	0.6654100549	1.0510725468000002	3.7520796600999997	0.064308166	3.2302772205	2.2012651775	10.2438095717	9.7611444931	2.7746800049	4.2968682223000005	3.3895037559	2.1088616198	1.5536700563999999	3.1511865777	2.687162541	4.9205686997	10.3960077627	2.222896079	3.2024736295	2.003364721	10.6914167045	4.7310761327	0.7917156075	5.0688485227	3.0984189377	1.3317611422	10.1278061308	4.0103513095	4.0961014615	10.1062190107	2.1353738549	7.0672046841	3.3532044973	2.0641313679	5.060243435299999	3.5544467027	9.027917929500001	10.747886936199999	2.0591027352	2.6102071379	0.42806599869999995	4.789390039	4.4265308462	1.8261164546000002	4.3367026276	1.8044759132	3.2288228287000003	4.6312846991	10.2296661058	10.3142256589	3.4644373101999997	4.6012168424	10.2066374573	1.8307636682	2.1869893575	6.421993474400001	3.1183999824	1.2711225655	0.8036872109000001	4.0792745877	10.7608388782	2.6262208128999998	10.3986606438	2.0891602411	9.8636021347	6.230553061	1.9945652058	5.0384305322000005	0.7752685445999999	2.1405498557	4.8127270624000005	3.3815052591000003	0.2824007542	10.65692108	3.8524240023000003	3.4965253669	2.1341100153
AMH	0.5323436702000001	4.514938648999999	9.4127788441	6.4052029494000005	9.2406982778	2.3921907721	3.9582892482	3.51008582	3.9072803565	4.669369334700001	9.7353112478	1.6933566532	3.0337625945999998	1.7077574916999998	5.0827232316	3.5524301908999996	2.6906590402	2.2510422745	4.3457976193	5.4262614017	9.7406527878	2.0100208727	9.710476359400001	9.9866221183	0.9989555008	3.5611459738	1.3456809655000002	9.648206653799999	1.6740262839	3.4273842526	4.0492995144999995	2.8941210582	9.1454747913	1.3866460331000001	5.2325644664999995	0.8624697931	2.6518846279	4.7870130975	9.5549259253	9.30658381	2.3899774786	0.33282948170000004	5.497335103099999	7.6504037578999995	3.56887746	5.7322792809	2.5306130996	2.4988717441999997	1.2859968671	3.4742463876999996	8.9761358715	0.9292288751000001	3.9909711243	9.3437244965	3.1093755524	0.9906566619	4.5659387396	3.3405960358	3.3945870449	3.6613116261000003	9.5013193173	2.4994785397	9.3405193318	2.4358178787	1.0884739575	4.6725736066	3.3417358854000003	0.15383456539999998	1.9050757162	0.7743456764	9.123553984099999	2.4862792835	3.5163545961000002	6.5813966854	3.5417584019999997	9.4237583069	9.2475963874	2.1955600434	6.1099776573	0.7727476895000001	6.421993474400001	5.9289069669000005	2.5799966853	3.9949862595999996	3.9854525309	2.1199264366	2.5702794727000002	9.6340742313	1.0648750704	0.1763733893	4.4395935944	9.2027177809	0.11490786130000001	2.6042330371	4.0793817037	0.3573046114	3.7882874668	3.5574854043	3.4690238901	3.6757096434	0.5838324146	10.0882800768	5.7040784788	3.0939207199000003	1.7492920533	9.5328810735	1.9331607880000001	6.4042938214	9.8293685867	2.7357546301999998	5.2350880783	1.7566430658	3.9326582101	2.1487037302000003	4.2069106392	3.1803751422000004	1.9983852565	8.0123437007	2.1572948677	1.6797707944	3.1874070555	2.4004451511	9.8662823824	9.824284656	3.8968839355	2.6310470242	3.3689795789	5.2590344973	9.7511077057	2.7667263702	0.4123231019	3.2182008294999997	9.8339611688	4.0778198246	2.0595000779	5.0236455088	0.6922856779000001	5.0031691746	4.4448935131	4.5460280437	1.4254393758000001	9.441346852999999	1.3801892806	9.805973421000001	4.0506875316	2.7312992797000004	2.2770103235	9.040862887100001	2.6452148437000003	4.367857102	4.9150671422	9.2067483803	2.7050112205000003	8.766547617999999	2.7084810876	9.4405056155	1.5370370303999998	5.7161298641	2.3775077472999997	4.487642896600001	9.8344868077	3.5772738485000004	4.6432826262	2.9981826596	2.3524217359	1.7266969916	9.446557113999999	3.5394319612	9.4522560555	1.0857461207999999	7.4489256718	8.2423708705	6.1689154862	9.504173505499999	3.9920320002999996	1.8823193250999999	1.9520103144	0.7893041884	4.9768148588	9.6150120486	0.9737345434	9.5920013848	3.2210950766	4.209493942	2.7910270289	2.4565310106	3.3839921371	3.2789297162	3.9876223810000004	0.1282310982	3.451410342	1.0938128211	9.8475516852	0.6419874594	6.3651877641	0.9684362628000001	3.1947137954000002	0.8619391573	6.421993474400001	9.3056667338	4.5967585428	3.2161054249000003	2.4314086465	4.963616516	1.9869417678999999	5.5788012121	9.7990049353	9.7062678442	1.1483127962000002	9.373607378600001	9.4029410439	0.7065933643000001	9.509837179	7.5428584298	4.4879905057	4.3807339502	3.9874407275	1.2310955525	1.0533605754000002	2.7337369568	4.0267647887999996	3.8228244096	0.8552358027	3.3108399622	2.1747320903	5.0597669379	7.7125588074	1.3043270712000001	3.1799807235000004	4.752612912	5.5397698788	2.332865791	2.6107750624	4.5369073096	1.489564086	9.6418347811	2.6229812434	6.421993474400001	1.2608027547	5.2913775693	9.7760068783	0.27050554670000004	1.995497184	9.907977430399999	3.6897548394	7.764021369400001	2.4864896716	1.0555665379999999	1.6137947917	1.8787747744999999	0.2515962102	1.6273243481	1.3398338237	1.3016262332	1.9111976023	1.4834437098	8.1676273317	9.7410141684	9.9550482822	9.2956468422	9.2252566871	3.3307983029000003	9.571663957	3.1132026284	3.9807507868000003	0.7330775523	5.4350544825	2.7569947863	2.5807315906	0.47082452770000005	2.6616080451	9.6330182445	2.8427593798000004	3.8675504021	2.3820768597999997	5.2630772022	9.610206052899999	2.0710357057	9.3883081288	4.3636634129	9.7305571208	2.2108811222	5.9538306997	9.9148964604	3.3214272460000003	3.5889865433	2.9911594002999995	5.6219519973	5.506014661699999	2.5756337937000002	9.4863084759	5.1197935528	1.9494294142	3.4521844738	2.1384358261000003	0.5422688354	4.920125934	9.7269177518	9.6930491838	0.9705598279000001	5.9425730948	2.323484758	9.2809608821	9.641478708400001	3.9830925065	3.1618433294	2.5482894764	3.9502662033999996	3.7639944275999997	1.1957594005	6.1698482779	4.4431824736	3.3671893823000003	9.7324521617	3.8831393262000002	9.485546519	4.5227083620999995	9.7391329089	4.229581913500001	3.4558059006	0.7880626714	2.1974874088	1.0441327555	4.735413056600001	1.1797984939	9.942064336	9.3385651022	1.7982206456999998	6.981240626900001	1.5360224033	4.664056314100001	2.5356916242	3.5223208169999998	3.7613701639999997	1.099628139	2.1588539397	8.0372320083	3.6180156117	1.1952634067	3.5524292857999997	5.0599866106	9.125219745199999	1.6000840526	3.3194378561	9.584020689900001	4.1526911817	6.136976590800001	4.76914404	3.4924403705000002	9.6880366666	9.8020968803	6.872091344099999	6.421993474400001	6.5232582015	2.9016725135000003	4.2096123435	10.1449824664	0.5248058089000001	4.6108581844	5.438950692100001	3.4593895125	2.229139595	1.1828111736	0.19250362280000002	1.5842496294	2.9414559441000003	5.8610440842	4.7551207711000005	4.6847816609	3.9067357529000004	5.5971897815	3.2820554949000003	2.6498976906	9.7138993897	0.7371276397	1.1743704381	4.2106251406	3.1271079582	2.275865901	0.8729038845	2.3487544312	4.9836139444	9.7905857884	1.9311334996	5.4202856511	6.3351298404	5.3456779664	4.8313697022	9.7763883302	2.4383590617	5.3021841737	1.5462965386	4.8713900959	1.3468974961000002	4.920859532200001	5.355419888	3.481881823	5.3263326141	5.4119920038	1.3525877240000002	3.9348612976	3.8408361236	3.7019218507	3.2708619837	9.5227120141	1.9993771944	4.3254961901	1.6923248435	3.7208264876999997	1.246078553	2.1401670962	0.0068983214	4.6174784119	5.4167703797	4.708432359800001	1.6171616071000001	2.8518653898000004	4.2949191043	2.1868775402000002	2.9251472923	0.23795030179999999	9.8639789648	5.1272551191	9.6101673835	4.5651076716	2.4771047836	9.3680057322	4.1664171854	2.0661619459000002	1.4275856937	9.5637340629	5.106767392	2.3687879441	1.6951362203	3.1340238303	6.8296358780999995	4.0054344284	4.4860588392	5.3359847966	3.8415197216	3.3576415907999997	9.4825471379	4.194684383399999	4.249537102900001	9.3322963291	9.6568304436	2.3352320095	3.1329350989999996	2.70853329	9.6491534766	5.3085869681	9.6342093156	7.010581616900001	3.2436953255	1.1838727979	2.3750405362	3.4045707636	4.9708631309	2.5326615325999997	0.8337937581	2.1625902974	0.755561308	9.810216259099999	0.9657693944	9.3915250021	3.3944359327	0.7256746645000001	2.6293846324000003	9.0483078657	9.2831987737	4.4856234082999995	4.6570524736	1.3811989058	4.1185020071	2.0141519385	2.8791861829000003	2.5855553339	9.5553274234	2.8175537795	6.835351917100001	5.251576361000001	9.9862411915	1.8642405437	4.852414784	5.2314981816	3.2570493202999997	0.2070726577	6.421993474400001	4.4477014252	3.1469393379	0.0330897802	2.7074940169	0.48163767590000006	4.0635824754000005	3.1161863432	4.0274487997	6.5505001299000005	2.5461871415	2.4241269842	0.7493059507	2.9256008788999996	3.4727835722000004	4.7219282972	5.3045727430000005	1.7573978998	2.5337977272	2.7698818957999998	2.8777128662	3.6479450992	5.525944774199999	9.3907090113	4.5913218352	7.9062708708	3.4089136354000003	3.5401356826	0.21924954170000002	2.8275996047000005	2.8945236921	3.6540120917000003	4.9517152186	10.044664461	3.3924332907999997	3.1921528227	9.843738946	7.2053449245	7.046459351799999	4.3720045286	0.1246772712	1.6173393697999998	3.8823657251	5.3327823707999995	4.8927462411	8.0533514528	5.4685978376	9.7795505097	1.3901115435	4.3855718192	0.8785732173999999	3.6821192252999997	9.3887824779	0.1735186181	6.421993474400001	0.1751181133	4.4996008420999996	4.0373609843	6.421993474400001	2.5870898268	3.0737467851	5.9769265663999995	4.2344948514	0.9328107201000001	2.5437595779	3.4962432849000002	3.0631786092	9.8221145958	3.6314253443999998	7.6274957236	3.1180912857	3.7658507016000002	9.4936257797	4.0729373212999995	3.4157907685000004	5.35384988	3.5306488251	1.6530101393	3.4356804012	9.4012045777	1.1216288982	1.5756006368000002	3.6108673653	6.5231214727	2.4959409238	9.417862968	3.0813825812	9.770835653099999	4.5356877034	4.0804817707	4.5331928883999995	9.5823256068	2.7398489113999998	0.26469632379999997	9.4358545679	3.1718435718999998	3.7186660669	9.0622783878	5.9379578844	9.4111345879	9.4520748429	3.8989445267000002	4.6552177578	5.1282939162	5.0378482861	3.6288320817	2.6746935716999998	2.1810882592	2.0242563868	2.3519293778	0.0231824927	3.6165448024	9.7460937428	2.5926767481	2.4705969532	9.7473770933	1.2581058967	4.4958301753	3.6692290807999997	2.1669535373	4.8056842742	6.4335239451	7.8769642138	9.8489747425	3.7577491676	2.6217504383000003	0.2563049167	1.2374281131	9.8326864613	8.4972410962	3.016868697	2.1665502131	3.016230807	1.1382219464	2.4574534977	3.7358320726	5.5680619278	5.3806061755	1.4089823311	4.4714552189	3.83883565	3.2716910552	6.6916539945	2.0241909083	4.9891400873	2.8633341091	5.4881977316	5.4542416697	0.3420754358	5.6512550709000005	4.5447728675	0.3716085018	3.9347497355	6.499473233	2.9035580239999996	2.2788132066999998	3.8278498464	3.6569929725	10.013729850399999	1.1097594234000001	4.6913258544	9.1415253177	2.9589806250999997	3.7212977427	9.7182788253	2.5509749231	4.3218463823	0.1111195629	1.4704511448	9.7979557819	1.9766229709	3.0708835345	4.7416531777	9.8279519484	5.484638996799999	1.3213986993	8.8696558771	3.1670800176	4.4514338404	0.2885097375	6.4609914853	3.9253222587	9.8396707814	1.139194665	5.3485500232	3.7521997025	5.689078017999999	4.5234331417	4.1896770902	3.8013466447	2.3074841795	5.9546985323	0.1617444191	9.6805866452	1.3589630662999999	4.9989767659	4.3494408481	4.163995949599999	7.2463145165	1.1264089558	1.7083678574	0.9615246158	5.4093616099	4.6328534675	6.0518297032	1.6606031298	1.8647235628	4.1785482325	0.7439984475	2.8561064995999996	2.2683980342	3.7428625162	5.5638113752	3.1427860031	3.6911371420999997	9.587968109	4.854947011	2.2873109846	1.5451232702000002	6.1681566728999995	4.3864288979	1.2694603352	1.1625576047	8.7959394398	9.367822950299999	4.7882149446	3.3918098595	5.8506730652	9.977836548500001	4.435128423	2.5184837178	3.9273245824000003	3.8493599951	9.398811286299999	9.4275135554	3.1804115932999997	8.4159733111	4.5792357913	4.8424370742	3.2409788419	1.8074463547	9.8903582475	9.5368981805	4.5301348925	3.1596343675	9.9341878204	7.6928435446000005	0.0036686965999999997	9.752975837000001	9.9321798476	9.7729630743	2.2889677225	2.6925825387	0.9890574773	4.235042382	4.1188783831	3.562566693	9.8246784969	8.4021483291	2.4206755135	9.694332943600001	0.7791873579999999	8.9820144416	6.421993474400001	4.1794421391	1.7635787908000002	4.2580943326	3.4359263102999997	9.8021633435	0.9164635879999999	1.3602562005	3.6626560981	4.949397954	4.0564307229	3.8677974979000003	7.9567406214	4.4829015294	3.4399619227	1.4338917637000002	3.2799016692	4.0438869944	3.4959197118	4.1486218507	2.4991893592	9.8245078984	8.196490548	9.3975288297	2.1971740453	0.7952888562	3.1935093896	5.4036141859	4.8666414127	9.717521489400001	9.3987585405	4.0658813315	6.2362844903	2.3184006653	6.0624726579	6.421993474400001	1.0276421156	1.4364890084	9.4210660095	3.9912726705	6.7688518667999995	10.0797741377	9.409059062799999	9.1963601457	2.6286891668	4.9409933371	4.1757601628	5.4077887275	9.855188867699999	1.6554625081999998	2.7701221864	9.7424185437	1.4237318315	3.1363444292000002	1.9994146108000002	3.9258755855	2.9045896903	2.3411873216	4.5831815593	9.5584639735	2.3124692596000003	0.20931431109999998	5.3456603426	1.1441013009999998	0.32368750079999997	6.0361708129	2.5588121629	1.3393869927	3.4587008664	4.6132633042	1.6369670593	4.5681954995	4.597248377300001	8.8395814402	1.1049171217	2.1255542244	1.340755023	1.1069046786	3.3107443881	3.4687453913999997	3.6346020949	2.7401964445	3.9693554575	4.4341979801999996	9.6443182263	4.4016418293	1.2495352236	2.5436059161	9.771920551000001	5.3178640718	4.3517807168000004	4.0432858814	4.8031745487	1.0890506022	3.42926566	1.8429026746000001	3.5655551691000005	0.39794626270000005	2.0644373823	9.7723137908	4.9899379049	2.0681908926	0.9712407975	4.0795724202	4.5554033711	5.4455431154	3.6179338219	9.9404396561	5.7875438812999995	9.8381213496	4.4583998646	3.8674054814	9.6792090646	5.9952502377	7.7955757999	5.5560231213	1.3254757242	2.5053381296	3.2920869379	2.1823405675	4.082872348	0.046933723	3.675701595	9.5065656203	4.550381354700001	9.403171385	4.571202262	2.3367805518	0.5028724747	2.73226375	5.6378234995000005	2.4932177876	1.0346894641	4.7884203708	0.25786257739999996	2.6687229764	2.6826583883	6.421993474400001	0.4311934144	9.7518678713	4.353484541	4.6245934757	3.740133264	2.2763413956	4.7526087532	4.077687619100001	4.6255641414	4.5393516008	9.4901096677	4.2555609073000005	9.9424488898	2.6469694019	4.1388757075	9.8695775163	4.2971634206000004	3.571265453	9.5744049825	1.6524384399	5.6705985613	3.9364089532	3.1212908622000004	1.9432725791999998	2.1216691569	5.6311654951	5.5526428989	5.632179541	1.892698866	6.421993474400001	9.3554097063	5.3664507248	6.5389372847	3.4469044147	0.5921397654999999	8.8027014252	2.9895638	1.9512478846999999	4.6398708348	2.7075425144	4.3127200192	1.552064163	5.680560857300001	2.6645051409000002	3.8775544805	1.0300555083	4.7156792651999995	4.2259254149	1.9784967086	0.23182082510000002	2.995991075	3.4615549112	6.421993474400001	0.43941534439999996	0.5998803038	2.3208933425	1.1339241661	9.7226254539	9.663433063400001	2.7564943114999996	1.5487314789	2.2684770771	3.6035908687	3.9333638094	4.6509464294	1.8725545561	5.3954364	3.6582445967000004	2.6120617229	1.8969852968	3.9888522363	1.2586537433	6.3020994612	2.8811661047	6.017687283200001	4.4237672573	4.9420427121	1.8986389648	3.5578059194	0.9025913804000001	4.8893761846	9.4444331188	5.415343698200001	1.6838526951	3.6157484786	9.9439950036	4.877885694	5.620521463999999	4.123915719	1.8542725459	1.7506670708	1.5649766222	1.8187269590000001	3.2732288769999998	9.4732742213	4.1041915288999995	1.5994345303	1.8985265885	3.3839320877	6.6592666803	3.3571735907	9.864540442200001	2.2123985453	5.5525566753	1.0127084236	2.2523614386	0.9131077642000001	9.6893729557	2.8493409641000005	6.5886572267	5.2284285313	9.6713016615	1.6855449191999998	6.029048231699999	3.1138515036000003	2.0583680568	9.892073119500001	9.8410138407	3.7440112205	2.8730668279000002	9.7995102076	9.4192668129	2.7725702465	4.2769866886	1.8127487376	6.05241582	5.4538985677	4.370075250899999	4.8760157467	9.979715925399999	3.4634057819999997	4.8331684115	9.598782229500001	9.6325471828	5.4676995845	1.042840385	5.6318899571	3.5803079447000004	5.0268948756	1.8998046942	3.1650641076999997	5.804927763099999	1.8618801715	3.7711306703	9.788887753300001	3.3412746319	0.30442725449999997	4.3260853837	9.197844932	4.5851014913	9.3681426606	3.9501304901	1.6587133138999999	9.681320536	4.0253003197	3.9093990645999996	2.1581793676	2.5618539549	5.479177074400001	0.9186625113	5.5275811504	9.3111553879	9.6336905955	9.7343012063	9.594210502300001	3.5122826974	5.8349295138	2.9596545492	1.5416536563999998	9.799760775700001	1.3380007568999999	1.12976932	1.1331329017	9.981825157100001	2.1392732997999997	4.9957213475	5.2779904803	5.7912927893	1.0679125163	1.3543199853999999	3.0645038513	3.7479323155	0.7510532178	2.0041953023	4.0854943926	2.9613458308999996	4.1914817649	9.4449754981	10.059435260299999	5.938217559500001	9.4751630269	0.3073144831	2.1095323963999997	3.6234451829000003	0.30659534190000004	9.5029576729	2.5274766414	3.8715348572000003	2.7848264224	9.6616122558	1.4170623427000002	2.4939248365999998	10.0144470136	0.589299237	0.1619695398	1.0753143049	0.3289350765	3.6092678202	6.421993474400001	9.2041254317	5.5782127461	3.399794014	2.8219279424	3.7853474958999995	9.6958769095	9.7836583716	2.5660036389	9.2238568784	9.7375902448	2.3815110174000003	1.7708400406	9.3320878442	5.023667423	3.0914624583999997	10.0716022546	4.5196209502	2.5198970036	6.6321975637	9.2529713811	3.7167518526	4.7847599732	6.1020611014999995	1.5199719266	5.4722312075	1.3407874336	2.5848737537	5.8804254758	2.6809491389	4.5339529738	2.7383781087	5.8953404196	3.0131053418000002	5.0449042399	0.9517543417000001	4.5654029817	5.3057337391	3.7933822242	0.0033340252	9.6540174625	9.4445099689	3.6848952263999997	4.2634359807	9.6236879313	4.5828894586	3.4409389489	9.7686985521	9.6652577823	5.3097335046	9.4553655052	4.2923349528	0.7368988560999999	3.2284113892	9.6483932355	1.6982771121	3.9004623834	9.6952558845	9.578913681900001	10.1027812678	0.5545332794	9.328008922999999	2.8024429383999996	2.4436639626	1.2960950144	6.421993474400001	0.143532419	9.6503458442	4.9435750687	2.4515379894	2.3456351825999997	5.9218272011	9.8705429209	10.332835971	1.4455453042	0.3966010183	9.7849670798	1.0811709081999998	1.0981008581	4.5797887026	9.7288616203	0.9723068133	6.5152738994	7.389860715299999	3.2972711164999997	9.5951018637	3.6422020926	9.1344498661	4.1785787176	3.5174820727	9.9721172553	4.8782353338	2.754648382	3.0603252092	2.5549890793	3.5131172977	5.1211471873	3.213866005	4.1387323331	2.4444010109	5.7601717172	4.6638590367	3.8212795980000003	0.9240172039	2.8709723210000004	5.8018476284	0.8329387431	3.4968532020999996	0.04267002809999999	0.7993763837000001	9.608064453999999	5.1440901137	2.2432943174	9.543054653099999	0.4033976768	2.6142056491999996	2.4719944285	2.0397784634000002	5.664977250900001	2.1807940083	3.412231836	5.4593893416	5.0567178243	2.4838497993	2.2765343144	4.6193459412	4.7544036217	1.3396904478	4.0788684268	3.6401261214	5.9783804701	3.9945743310000004	10.0043235368	2.2313876304	4.0926291137	2.1867416025999997	3.0455172718	2.9218872049	9.7499708267	9.0347933595	4.3994758994	3.6919468464999996	2.0567607709	3.821559932	9.460623332699999	1.7443327519	5.1678843347	2.2916788242	5.8317381078	5.2977125772	4.3530486284	2.3628706869	9.7605232894	3.0461304514	9.5818799992	5.2581120883	1.7972200796000002	5.1650330754	2.5611613256	5.5673432962	2.1402140075	4.1929077041000005	2.9052999895	4.600715467	4.3102541503	3.3435967842000003	1.4756144761	2.4995798025	4.0583734225	3.0928293231	9.9329374967	4.2583755699	2.9995716951999998	1.5712858624000001	5.6232691937	5.0418524281	6.421993474400001	4.1263310811	2.9053686533999996	1.2579495983	5.4188974628999995	3.4355095330000003	1.7686681718000001	2.2959907548	2.3601696297	4.3953304885	2.69199318	4.3496812916000005	2.3632234206000002	0.7844766392	6.7596272385	4.2685968354	3.5498034972	5.0341188886	9.7674072365	0.9668125409	6.421993474400001	4.7159346441	9.7644859632	3.6813519849	4.1708420308	5.7292158152	1.82071795	9.7470799698	9.796888986599999	2.1243676305	4.4807418851	3.4534195835	0.1768122135	10.0683620097	4.3401168364	9.922541499400001	1.8523097872999998	1.2204970548	1.9030413458000002	3.4588437676	3.4844126149	2.3778750878	9.5132418113	1.9728016899	5.2069577958	8.1477000092	4.8711389255	1.7137980503999999	4.7701132991	9.8689037207	0.390537488	4.9131504669	9.8677940423	3.3342195932	1.1554652851	4.9336828563	6.421993474400001	5.4668002685	2.8420121645	4.4819742756	5.1341132643	4.1878288361000005	1.1755332312	0.6236400741	2.6185463606	0.037211702799999996	9.3048220022	2.511114939	2.835990546	3.2907051838999997	4.7901573779	9.3300888834	2.2972831287	5.0650806944	4.1571406687	4.9522316449	1.5090451367	8.6842560405	6.6405804098	9.933501146000001	4.5534389784	1.5356656834	8.8284352491	1.2094950019	4.976796319	2.6816386661	5.1081210254	9.231643356000001	4.3246725258	5.8232744073000005	2.8878022895999997	9.6983206548	6.165699232200001	5.098594244	7.6799949321000005	9.8585481826	3.5600473762	1.1691887062000001	0.056871292000000004	3.4426475227999997	5.9631326594	5.6471312138	2.2234537519999997	0.2907389487	2.3362555832	2.3764279014	3.9454220092	1.5996049224000002	0.9987261155	9.8484765941	3.8026290937000002	5.33904093	6.4494133852	4.7459344229000004	5.9597744413	9.8136411441	2.7322510675	1.6627079876	3.9471942122000003	9.5123428962	2.6292374435	6.1852585391999995	9.6411964634	2.7696150379000004	9.5628622604	9.4931376713	5.2214580067	1.4861693319999998	2.323357705	1.7648854462	3.2770352552	1.4889417350999998	0.3257433037	3.6406073151	5.3963734189	9.711115673	3.115785588	9.5205883607	9.6948482532	0.7010103731	2.3611389906	2.7230727731999997	3.1755586569	2.4529045313999998	9.4937413619	3.8535273105	4.4896375285	1.6798486139	9.4687522893	10.0621166132	1.6608736337999999	5.1600409926	1.0753516748	2.6680660247	2.5708279977	2.565468413	5.2735360039999994	1.4042153374000002	4.4728049141	9.7431196882	3.89739708	0.0186619404	3.301759265	9.8923844586	4.4612153223	3.0374529435000004	4.9138935535	4.1535095029	2.3865758339	0.1605763865	3.0620284745	2.2363208146	9.530496298300001	7.605069482899999	4.8571858794	1.4355871219999998	2.7707797467	2.4979445375	1.1695417058	1.8827923688	4.9199634947	2.3011360879	0.3006348876	9.5056034318	3.2456323276	2.9852016152	2.426034186	9.3236057989	5.1196471989	9.568566193099999	3.4426658566	5.5087084529	9.8556770843	6.923238143400001	6.502763885399999	9.28857235	0.3079987275	4.9638551352	1.9012876881999998	3.5790615295999997	1.4717802398	3.8158576998	3.0909330194	3.9516645923000002	4.7392053755	5.2351757507	3.1782202727999995	1.2921516268000002	3.1576384316	5.755511428999999	1.3861153749000001	4.104003658	10.142429749	4.4644405126999995	9.508669408	1.8264956343	0.45107509009999996	2.4405906084	4.6747237653	3.7737540817000004	2.5480888344999997	7.0732719093	4.7288256938	3.4602510025	7.4234861451	4.9870931002	2.8675713387	5.7355656276	0.7792095235	0.0026075815	3.0710846293	7.126460342000001	2.8629347832999996	6.421993474400001	5.2650001238	0.36423080979999994	3.6970459374	9.4798922897	3.7247521010000004	9.4652547046	4.9472905919	5.9255278025	2.3230520423	2.8046957993	3.2891720446	1.5892418797999999	3.8387556045999998	3.2181371209	4.0589732358	5.5980698626	3.0697603025999998	5.5481456124	3.3786648262	2.552465461	1.3780536831999999	4.089323588	2.4112582875	2.2488210582	4.018633084599999	3.4332523587	3.92891532	4.1921553587	2.9871094873	0.8735055279999999	9.5422428157	2.9459521482	1.8832524997	5.4897338625	9.5138438423	4.494827176499999	0.3931827896	8.187284884	6.7219422125	9.9592436772	4.0858877625	6.4437689278	4.598690728399999	6.9308131822000005	2.8661059442	5.1749523514	5.3801537964	2.6834281741	2.5652513441	2.8872060923	9.373119770399999	4.6253816228	6.4134573468	2.2972109935	3.2302573287	1.9993117437	9.984294477	9.8754830783	3.3515138599000003	5.764227851699999	4.068219785899999	9.9609669994	4.8562530869	2.9293058534	8.6886959996	0.9012833549	0.7006476764	3.1977962912	1.0074418997	4.3147209287	9.7054109172	3.6199287452999998	6.421993474400001	0.4337551209	5.3550898009	9.4430189513	9.3850569244	5.6494319986	5.6741547595	3.0232135676999996	9.357334639600001	3.6722968692	2.4818310918	9.936888462	4.4595131446	9.581895763	1.8508574571	3.8117914510000004	3.3740537999	2.923986232	6.6967548009	2.0485266405	5.861074824299999	1.7173537066999998
NR0B1	10.540069817000001	10.3218095265	2.8230478206	10.2966746461	7.2887104946	10.1089049931	10.2850645549	10.290193845	10.7768476433	10.1652933244	7.056238445700001	10.606680754800001	4.2330928732999995	9.7359414461	10.379905344600001	10.4990576493	10.3217061129	10.1203038531	8.4108915738	10.560247222200001	1.4980075437	10.2867720394	7.070311515299999	6.922086343099999	10.3552641033	10.2172038051	10.1485058191	6.6679183723	10.6907338389	10.5068668511	10.160145031599999	6.6417093129	5.1730450697000006	8.8392607765	4.092058489599999	10.261791021599999	4.416856108999999	3.3336216204	0.7760574698999999	3.2884194288999997	10.4485466785	10.3863672411	10.4316134566	9.756893148	8.7076377958	10.1750516923	10.1224744378	9.4607502933	10.3056959586	10.4166659182	8.5229807416	9.3879352041	10.4304517574	4.9185877765	10.5527981141	10.0190617331	10.5568485642	10.3179387149	10.4671498911	2.284664034	5.6180262741	6.642318609299999	6.141041175700001	10.4112920913	9.7984975818	9.7431029832	10.4416815432	10.3223426121	10.5381619023	10.223967247000001	7.9898476038	10.499604404600001	10.7219712839	9.8789547563	5.0607939348	4.3628997296	4.9903805578	10.4341761484	10.5965037987	7.2577540570000005	6.421993474400001	10.562154484	10.125653445700001	9.7796216345	10.501610433	10.3434324094	10.5841304044	4.3687244949	9.826100515	10.1642917736	10.3639690491	5.1492370139	10.537370586	10.391324276799999	3.7114784109	10.3089216643	0.9807452256	10.5697865835	10.3670414076	3.2589306695999998	10.2560553521	4.1365589011	10.7775425025	10.4066229565	10.643516911	3.4126139638999997	10.5736913073	10.330159481699999	2.3961728315	10.0019162779	10.7012533026	10.1682888799	10.016197591900001	10.6186241851	4.5522428058	10.153054961799999	10.2237483845	9.460303870499999	10.4967129272	10.6478567402	9.8211368883	10.3432023643	6.0050913771	4.8205077479	5.806813019400001	9.9076159876	10.4165295061	10.6572218194	3.8872055265	10.3594590041	5.3464823805	10.3390684768	2.1696352328	10.2349936954	10.5755645758	10.175512612	10.136995880499999	10.2037081596	10.6015599049	10.4170614785	10.6838727092	3.8338936558	10.5910048755	7.489882618099999	9.5278764486	10.3801529963	5.325978174499999	6.711324332799999	10.4482477225	7.1475456476999994	10.764074199300001	7.3949816803	3.6544756011	8.6660540622	10.5092059964	3.7755473203	10.3608979828	10.157970331	10.3887955617	10.1002076664	4.411349498	10.053656864299999	9.9552068826	10.529490276	9.029107996799999	10.2123241826	1.962768408	10.100546171	4.842810049	10.5440742165	9.7666393585	9.988742567000001	9.964526688300001	3.2945393073	10.1683615327	10.1205754322	10.3893795104	10.520288319	1.9071481253	2.1806113996	10.1485128336	4.5558713469	10.544405469500001	10.4390499168	10.0164598676	10.399325640499999	10.615832494600001	10.2722545505	7.807040976100001	10.327940999900001	10.587237420900001	10.4097370993	4.280924375400001	10.380194386	10.4176066315	3.7262399244	9.8603250453	8.3017464505	6.421993474400001	7.1982623171	3.7621901842	10.269680510499999	10.325342857	10.4948560755	10.62052236	10.246341578500001	1.2527402166	4.188276570299999	9.773170608200001	1.2537759554999999	2.3827792171	10.168567522	6.2348689009000005	9.0294977808	10.5431907032	10.741279459000001	4.2840762823	10.503835560599999	10.5135820856	10.3107127846	6.5340456229	9.2483687644	10.5730902214	10.2529260683	10.5622387094	10.4311643344	10.4209192438	10.7634644694	9.2236111404	10.2593963789	10.521601338	10.353317732799999	9.8092690986	6.0679152832000005	10.2355768796	6.0461158872	10.0026496811	6.421993474400001	10.9844759602	10.3591730789	6.998893900900001	7.0735863633000005	10.1371010483	2.0492144702	10.2210348922	9.905620877899999	10.5208674702	10.5572612224	10.4156237448	3.1025966402	10.097995066900001	10.5600755674	10.3590318774	9.696222228	8.959899598	3.2783444095	6.1682979225	2.9583334117	2.4302582227	3.3336131678	4.3530836624	10.3966302579	4.8035400449	2.3418983809	9.9338945175	10.3649725092	10.513541288899999	10.1117929141	4.7116903305	10.8322089273	9.7136977078	4.5274965393	4.3753117472000005	4.375133431	10.3189848396	10.442274317999999	3.3862984893	8.7658710514	3.8786252663	4.308246919	6.0858028461	10.2932341351	10.571219786	0.3901691842	1.8272705218	10.4034302321	10.4691261782	9.9946124636	10.2325301025	10.6867303794	6.4116738128	10.2278940429	9.714599465900001	9.7609127812	10.4857909965	9.1606425535	10.5999101612	3.2651736783	4.9268440977	10.7529692657	10.6157282224	10.1571216873	4.4718148374	5.3656552435	10.9583249082	10.10061121	10.3970127672	10.0927288867	10.9066286347	10.1346608118	10.7368781988	10.5234940228	10.536074465599999	0.31636086809999997	10.6983235936	2.4066410541	5.082022752099999	0.1203410932	10.3696366853	4.689115653	10.1511470045	10.3537247478	10.342331703500001	3.5753709601	10.4409483257	0.203250727	6.1010236662	6.8211431484	9.9854000289	9.8076853333	10.3783023241	10.3561961051	10.302190859400001	10.1632602268	9.7350730453	6.6316257492999995	9.3973400745	10.5450639291	10.3546675538	10.1248119334	10.2416740681	4.2453592845	10.1786613761	10.3523463714	6.5024463123	10.6681826814	6.2413210688	10.5769032666	10.3756492491	3.4758661414999996	3.7372087494	10.4183466838	6.421993474400001	10.5814554326	10.5595495935	10.4119145875	0.3420424593	10.0767109949	10.3857534593	2.8482976657999997	10.4993034888	10.0812432599	10.1318737681	10.4894715782	10.1851826076	10.5709475128	2.8384663059	10.3106387329	10.0429641182	2.7908638219	10.2643040074	10.7214093437	10.4645903212	5.6614033078	10.4010463778	10.405845007	10.675772135399999	10.5637070465	10.2114949164	9.9721778185	10.040275514600001	3.9818628573000003	5.476544796900001	10.5011139267	10.534978712100001	9.9941062259	10.1237111782	10.6486059716	4.2015205332	9.834715664299999	10.7184451283	10.3148833339	3.2225352813	10.0520442847	10.3898765698	2.516642467	10.3102523606	10.6230996263	10.7468535001	9.9939802499	10.6010588586	9.552729770700001	5.2235709956	10.4541038789	1.7120066056	10.0648287787	10.021603621	5.9206516633	3.6425324688	10.3077966907	10.0037108687	4.5490766829	10.231055503	10.429345236	10.5170906707	10.6466061681	10.520645122000001	7.593243104400001	10.1989415858	10.215925593	10.239317728	2.5640928048	10.525913380499999	8.0618603125	10.3981150704	10.3501006286	2.857335398	10.2252596338	10.178117304	10.6532486059	0.9985058049	6.812093437200001	10.136199821	10.6332151476	8.3003149861	9.4148619577	9.9670483273	10.3230005876	10.0364145132	10.6033852792	10.6405022454	3.6087583989999996	10.4921604137	9.7455072644	5.5623553575	6.4889231076	9.4227889115	10.2893709613	10.0783265694	6.5235097060000005	10.5220931678	5.0497694315	10.5967562689	10.5378712908	10.3747007776	10.548360154800001	10.5265259287	10.1187695018	10.4914040225	9.6436207414	8.992599579	7.3338353952999995	4.0477363893	10.2429347094	5.7958230859	10.5554710109	5.9883347503	10.3509540887	3.6913127235000003	5.4369307063	10.6143194647	10.7933485504	10.7059798888	10.7639552301	10.7849485523	7.2176001945	10.4911736509	2.1763396058	10.2037591036	6.3584909023	1.0029853785	2.3695671339	10.3726436086	3.3888118287999998	10.194914751799999	8.3714900539	10.5878644645	6.421993474400001	10.3350915055	10.0282352302	10.425612584400001	10.3169790916	10.3223547763	9.031138628999999	10.127814058	10.0534379907	3.6235859782	9.8181267897	10.5784099741	10.5668198467	2.3467186601	10.2949054414	4.2820915149	10.7158582593	9.8849599508	2.9512268019	10.010628282	10.6244393705	10.2365642628	10.3853450889	5.534437534099999	10.294759519600001	9.2999947959	10.231356438999999	10.4773165852	10.525642142	10.2570606772	10.085753500900001	10.386405893	10.1546978863	4.6765545267	10.368460127899999	5.0313997746	3.1124527649	9.6780683994	9.8799645586	10.404819816	10.5807042928	10.607443440099999	10.4011599737	10.0972205373	10.284922603	0.6077697745	10.4799449943	3.0229589312000003	9.9913284037	5.1740983315	10.697058630499999	10.6737866367	5.0890932676	10.150679355	6.421993474400001	10.4090749313	3.0319193157999997	2.8594711484	6.421993474400001	10.6873082336	10.6170973868	10.7162553112	10.7050161926	4.7498355169	10.6324738404	4.1924122174	10.4439662385	5.531358759500001	10.248170736699999	4.8723948426	10.4247162771	10.2347960849	3.9680017793999998	10.4545032377	10.240753487300001	10.2034341691	10.3809971837	10.3277276539	6.65555958	3.4225701936	10.4612630286	10.3088203323	10.0011204586	3.3505353394	3.9037410945	5.045943193399999	10.3185917583	1.7688592256	3.1106181288	6.909008038600001	10.103949596	5.7766993398	10.6852012713	10.5884678624	5.3034177532	8.50049382	10.2696711052	7.9499207399000005	10.085310519	2.0814924065000002	5.719089371799999	10.4212308621	10.781284893399999	10.5953351032	3.9792409851999997	10.462192875	10.248839496799999	9.4325034866	10.9111450565	10.0462976368	10.3286171264	10.6853859879	7.195690383400001	10.178931119	10.249164805700001	2.9744803474	10.4649291345	9.9036739436	10.548022617	10.3808761412	10.8478013001	2.564375524	10.0306924561	4.5795550474	9.781920938899999	10.5462056489	9.9378180576	10.0696931503	4.1075201053	9.2225950646	10.3877123311	10.417036036499999	10.2211961712	10.5257264028	10.7728163216	10.5632211324	10.852056304500001	10.3830090261	10.289858042799999	10.5782091335	10.5922914227	10.1605702248	10.8743199088	10.4854553526	10.7326323634	10.6139180621	9.952365390599999	10.6192303049	9.7229943335	10.2649125233	10.8063897875	10.7636679048	10.4077285416	10.3429990167	10.588749590900001	10.3207232864	9.8707045165	10.6100787209	2.6199111419	10.3662164091	10.6694373273	8.3573180265	10.082291337200001	10.7192235867	6.7922316186	10.6225997039	8.2362126736	10.7912955627	10.3654763742	0.34998564340000005	10.3453542589	10.5545821868	10.1868449786	3.1444572291000004	10.198842040499999	10.7794327149	2.6586406222	10.4654819789	10.2023929696	10.5038390105	10.8859962316	9.9880105534	1.5915349061000001	10.3360626864	10.241682599099999	9.9361185769	9.23606987	10.5393706545	7.6568799236	10.157328035099999	9.5901560357	9.9636847917	10.4715841767	1.9574575271	8.9218452949	10.3390264992	10.3875252742	10.6167393738	2.6713786372999997	10.099671583400001	8.2853246855	10.663047157100001	10.289802482699999	10.5127202555	10.1154696832	10.2494583848	10.1329001552	10.4833468536	10.1410826323	10.2308417389	10.2357413581	10.6079347161	10.0316411208	10.311468462799999	10.3033462097	2.8142503458999997	10.6661085254	2.465117573	10.0117831396	10.3207108778	10.4831282313	4.2436419554	10.297413649400001	9.283221860800001	1.5583129088999998	9.4510144186	9.924018117000001	10.487190787000001	7.7651342012	10.6052333832	10.3807624805	10.6861654377	10.103116863099999	3.9626187683	8.0769050401	10.4596919976	9.3951018276	0.9312231284999999	8.5289797778	10.2629118738	9.8161529752	5.915469492300001	1.8739881944	10.4110246081	8.903567816	2.4837321808	8.892607204299999	10.1482904087	2.646749077	2.4274061377000002	3.0523184577999998	1.8708114708	10.4894633846	10.3760906284	10.5003509297	10.311978463200001	10.5210891744	1.0862461288	9.4368790753	10.6051558345	2.8044114994	10.2176818318	4.3473169294	6.421993474400001	10.5131714678	10.5379552788	4.6118591383	10.604739049500001	3.1853318617000004	8.8844916145	10.764678986099998	10.7423333953	10.3717918556	10.8348535707	10.4323807476	9.7861189195	4.4266568754	10.2419124718	9.7902700464	4.7912962798	9.919563907899999	10.2551289798	10.2881610671	10.5951675781	6.49826675	8.9849365852	6.094636638300001	10.291179446000001	10.3125181663	4.2866092385000005	10.336411359400001	10.499501501000001	4.0671097965	3.6637209052999995	10.346254607899999	7.9708163901999995	8.5650081624	2.0469382296000003	6.421993474400001	10.238187501	10.2075215162	7.6410000927	10.429565028099999	10.2958447668	5.0035512962	2.1246285282	1.1504295012999999	3.3496811744	2.6795096647	10.4563282983	10.658225799	0.5523665089	10.5967285183	3.3030476041	1.0538034932	10.517523049	9.973751134	10.0566036608	10.6199440401	10.2132476899	10.2648817313	10.5775273887	0.8298932787000001	10.4103988277	10.4494022626	10.862281444	10.2275552964	9.9741139962	10.679604746	10.6629016718	10.1481574615	10.8360697274	9.936887286900001	10.4357569856	10.8455864151	4.1331344189	9.054549365	10.2725026201	10.0970125168	10.2502893866	10.090425999299999	10.1875520074	5.909396062100001	10.112450854299999	10.3550617963	10.2650639731	10.4445581614	3.8757672805000003	10.0804253082	9.9371616824	9.8783498266	7.1132658018	10.2759206242	10.1207498574	10.2125626197	10.0396774144	9.804220729199999	10.5330314682	10.3389981795	10.8452900229	10.6949021623	10.6854369066	3.2354229572000004	10.6994799326	10.749709203699998	10.0026285373	10.396443611799999	10.3617900893	10.599914010700001	9.973454285299999	2.4062862384	10.3731439438	0.8811902342	7.4399429741	10.544199288	4.1124887193	10.3310855984	3.5987192349	10.430352729099999	9.8857679519	10.6183317371	9.9480965328	10.23039465	2.5714578775	10.686056819600001	10.3093372149	7.3509683482	10.0678887926	6.0481929311	10.4950547009	10.5938170676	9.9284550534	2.6089117899	10.3381917663	6.1113202973	9.6310140845	0.21801365309999998	9.7436067027	9.799361061699999	10.6675291692	6.421993474400001	9.8314001018	4.943428423299999	10.4715745287	10.3309722849	10.3255377654	10.0078108982	10.578208456799999	10.0079734052	9.6481263501	10.3311777954	0.6400966369	9.7796702903	4.7682990914	10.680347100599999	10.36563474	3.3179508441000003	9.8407191766	10.1474607439	5.0537339670999994	10.569643729600001	10.7729799774	10.7848717847	10.616917994	10.463554028099999	10.5003170426	10.154753128400001	5.3255827439	10.230413195499999	10.4209380451	6.421993474400001	4.6009288927	10.2992260355	10.7927785058	9.603428599199999	8.4074850979	8.4538432592	10.04548413	9.523484155	10.1441244942	10.5258170391	3.1783884092	10.6912860925	9.9454459089	10.1135102628	10.3267069509	10.2711476241	10.3436064939	9.8903480149	10.2894533321	10.0136182478	10.6795797346	10.4597525639	6.421993474400001	10.3804047098	10.413894669	9.976331949299999	10.2856725036	0.4429362528	2.1171200465	10.413251085	7.641895408200001	10.1320788951	10.1159043432	3.3144115729	10.2125354925	10.5322282115	7.276901978500001	9.8622292412	10.0806225015	9.9063743027	10.2348104966	10.2014085415	10.4776004047	4.4240271356	8.1213846571	10.5808260648	10.379495217899999	10.628169931	9.0284871871	10.6771480111	10.3180423207	2.1301978784999998	9.8764944036	9.909645420499999	10.0841859005	5.862443304	3.2578507583	10.1863604828	10.5890032706	10.6922868251	10.4154074989	9.710656971599999	10.0517599209	10.3700078181	6.1288620989	10.6491184303	10.8794636687	10.2729024744	10.2459292137	10.0803022406	10.0418613766	4.1911643334	10.0502925242	9.5621834849	10.3443309372	10.4818011831	10.789440163	3.4085439141000005	10.3057367188	7.0620601475	10.2405632836	4.7552284244	7.4262797869	10.3259487557	9.3099459871	10.4292689907	5.2493259916	5.0375649148	8.6795660906	10.2710000634	5.779950836799999	1.1600856908	10.5221666115	10.3226708784	10.4950393383	10.3049576186	10.245520727899999	1.5936159815000002	9.7943333283	0.8501906906000001	9.714261664299999	4.871774440799999	4.6062135813	2.5237898466	7.6811774014	10.4860171196	10.3366582446	10.1623263842	10.2352155583	1.4047143381	10.3032309814	10.2617044099	10.778253619400001	6.372592066	2.1492266916	10.4140041871	10.374445825	10.3469065158	7.8653678436000005	10.1181150114	6.3188018838	10.651445880599999	10.479929202000001	2.0685421974000002	10.5479281871	4.4775918873	10.5618961155	10.6558768538	10.0666553812	10.7556654026	10.3967125783	3.4477796201	1.4638768007	6.4612971224	5.3769195364	10.4979236711	6.457002317200001	6.509672338500001	10.3542148484	4.6050083897	10.5059664239	10.2544987821	4.4007387415	6.2511555236000005	10.4498487349	5.5479148388	2.0712575791	10.4812283484	10.486943089299999	6.8073557265	3.9442321742	10.363198260299999	9.8381626076	10.2662501359	10.296408277000001	10.4657781489	10.3706885649	4.0510436911	6.2450739656	10.4307255852	4.2809305583	11.0353691874	10.7129567138	10.5412500992	10.6012270055	7.224701813899999	10.4094550442	2.523013848	10.5085984322	3.2055585504	9.7659359209	7.6264234988	3.5099109161	10.331023132999999	10.5856053925	6.8875440662	10.1087778631	10.1485924193	6.421993474400001	1.5254010027	10.01385479	9.9744308999	10.2973001745	10.414041643200001	5.425970104099999	2.650409293	10.4758588064	5.737076761	5.7563263923	10.506110466900001	10.3153069221	7.9969933134	9.9341541792	10.6240420795	3.1023859995999996	7.1675327085000005	9.986159722	5.5007210786	6.1936969735	10.2572833543	3.8150327212	10.2432170398	10.6677761281	10.1732430824	10.449038779	10.5850160032	10.4497427735	10.600685778799999	3.8951998299	10.1876142938	10.4937902928	4.662118872	10.7406175948	10.4476182173	9.9830436311	10.281708315700001	10.0899879416	10.604096089199999	2.8071015274	5.8016101644	10.4661475058	10.5071476679	4.9561099178	10.1363127818	10.0130525965	0.4548887871	4.9315646134	10.4784703828	1.7718961733	10.6075781126	7.19725199	10.3830417087	4.8575676344	5.0639582145999995	10.4079924201	7.173446751499999	8.086335286699999	5.9812374366	10.6044206476	4.0829241901	9.9646275226	10.001177827100001	10.4746323645	6.421993474400001	10.1133460462	2.9070050917000003	10.1534330558	10.3900452458	10.1545802647	8.998847723099999	2.3722695221000003	0.8517123527	10.4765270797	10.0432822789	6.1962039733	10.9351416848	10.313212721000001	10.611548017999999	3.7998313093	10.463848845800001	10.3303844042	3.8371803373000004	7.096723555700001	7.967287861	10.2547282645	8.2527590171	10.4445002754	10.0967537408	4.3536774655	10.0280751332	9.835363173500001	10.2889707723	4.8253417054000005	10.6394666088	1.4034029353	10.299363542	9.9675597824	10.323887547	10.3098313976	10.6254429983	10.751343381199998	10.3716739191	10.6547473064	4.1737545725	9.6980861839	9.8892171744	10.3323460749	10.384788093	2.2483461085	9.9766955188	10.298873735399999	2.8544791857	10.4342221527	10.2051362059	10.2984472163	10.589153644400001	6.106025020900001	10.5360684393	10.2867005009	10.371284986000001	10.252312756	10.5798829467	10.290445169	10.305077775800001	3.3002594395	10.537000026	10.244990388	10.6259494302	9.99830647	10.5695643502	3.9623385422000004	10.568820867100001	10.6618092712	10.5747573361	10.0974405303	10.5548525367	5.2824272141	8.874087081699999	10.904503867699999	10.4186519738	9.9803955496	10.3830024617	5.596484317000001	4.2712854675	10.8551214181	8.065699892	8.941346185599999	10.012706984600001	10.2559544938	10.4014023207	4.3471498581	10.4734646434	3.69185438	2.3317869795	9.9818032714	10.6964561832	10.3870859753	10.6403235517	10.680873054800001	10.600486627999999	9.611199231	10.0367459414	10.3330677304	10.6099759972	10.645529218	9.8689235537	10.286070213099999	9.4665623015	1.1028258113	7.7106106785	10.562365789	10.458272389700001	10.421386229	10.457512125800001	6.421993474400001	10.7891545937	9.994825313	10.4337149436	10.503943230900001	10.1915776598	10.3756128503	10.514728031799999	10.447787523099999	10.3873265068	10.2287564905	10.634561469500001	8.8724560453	10.2769764419	10.5021484631	10.384971992	10.364432478200001	10.2281553085	2.6249991452000003	10.4365232829	6.421993474400001	10.3321961903	0.23227455530000002	10.1903465258	2.9349005232	10.4549681111	10.448879610399999	5.5536866498	3.0888981721	10.3917867345	10.134243059	10.1311450842	10.0105623191	5.9232597469	10.3358932598	4.4751619483	9.1711071814	10.1431616158	10.1540383009	9.8169338084	9.9304843215	10.5666438837	2.5106599163	9.678996989	10.1559233909	6.433606826599999	10.5870765563	10.473785609	10.3415729103	1.309387325	10.5893160679	10.1527009916	3.6571149236	10.1342579099	10.1506510712	0.6656495060000001	6.421993474400001	10.783561294	10.4460342376	5.6359116339	10.317064916	10.1293911984	10.3595340378	10.1995640995	9.9949268203	10.3773663063	3.4837508624	10.3806921554	9.6984792018	10.4111310575	9.8104369595	2.2428986322999998	3.1131623123	10.4149817428	10.5631597465	10.4581428787	10.3097362481	8.403187090700001	5.939553645599999	4.8111791715	10.5439703702	10.6707202248	9.1686869762	8.9994985476	10.6499557951	10.500951799700001	10.4664185002	4.2476396128	9.7170556887	10.1276332366	9.9751019539	1.6694130631	10.4122174865	10.6001551856	9.6512340877	0.825745988	10.1632879059	4.2144808314999995	10.459484249900001	10.461943085	10.5896116186	4.9140914025	10.113206144400001	10.4172511449	9.740493068300001	10.392110076	10.4580915231	3.5855770168	10.6392840903	7.9368615471	10.6329195963	10.3893326773	4.964325806600001	10.9570201409	3.5731719101	2.7024857454	10.2463358339	10.5795076714	10.5511933095	1.5707898811	7.0435301028	9.235405739800001	7.9298751346000005	10.590586334	8.2118049509	5.2486984817	3.8843584705	10.5108499399	10.049693427100001	10.5870366891	8.4329865781	10.1977637074	10.1320409495	8.1115305594	10.0204093392	6.8321273	5.8212470730999994	2.3976293734	3.5889566552999996	10.309632022899999	10.3147634961	8.269011472599999	10.661763905599999	0.42626822340000003	4.715127419	0.3803613624	10.1690328496	5.6958677377999996	5.2873567638	1.0956974848	10.8522606436	10.561393408099999	7.4371758217999995	6.553031334	4.7661896666	9.9504003593	10.2539056075	10.2465018289	10.3612660063	0.1557072294	10.6180677279	10.4027074311	9.9483741705	0.3104936759	10.1109209858	10.589513608099999	10.6938339295	10.2215265522	4.4166713546	9.9002418601	10.2268360239	10.0666333921	3.1017988343000003	6.6006161181	10.6521194365	10.6832514636	9.5573576133	10.0919649127	10.5562306335	10.392552567300001	10.1257314977	2.3420449045	10.5690165191	3.6342407685	10.6355473797	10.3945726351	10.05336141	8.4343925538	10.3898015585	4.4251374202	5.6422242857	10.5910195396	5.4333134865999995	10.1458963896	9.0343649216	6.9526174264	10.6376705002	10.3146002754	10.3110147246	10.4612026433	10.2845713504	10.5683957584	10.1939333446	10.118763933099999	6.1855572808	10.6086723818	10.6494394717	9.7760691175	9.7500685589	1.2087011062000002	10.3509156968	9.7038638903	5.7732182532000005	10.3502175497	2.3010475262	9.5013479037	10.4387091148	10.4972520308	10.6590382467	10.3490935806	10.297059792	10.174170421	10.512989165599999	4.6130028878	5.0225915807999995	10.5038999198	6.571904569400001	10.4227669702	9.903159159	10.0222096751	10.4086707027	9.9273997192	10.6809204275	6.421993474400001	10.4048279093	10.1389819686	10.6117665891	4.8307289918	10.6312571813	3.2677059377999997	2.9174233044	10.1886063936	10.8472587922	10.299414824400001	6.4383834392	10.105727958300001	8.8884349861	10.469860716900001	9.8900741511	10.5156116436	9.8114448284	10.5020654987	10.3727174693	10.6331153524	10.6644641271	10.1840156926	10.3530413851	8.5647079568	9.7747290186	10.6620190823	10.5410863876	10.4035443272	10.1784303967	10.3914393669	2.3208562971	10.5348156431	10.2637467727	3.74955016	3.3638990862	10.6530206497	10.4080421561	5.5453340721	10.1424681383	5.2754091567	9.9443194431	11.0256093898	10.1272552372	5.3427850154000005	10.2945006299	10.6785072639	5.7627345626999995	10.2678200598	10.3807639598	10.5084197447	1.4320626781999999	10.7624660381	10.1039949899	10.3346984274	5.9094117745000005	10.487798041	1.3045593298	5.3544329979	10.5014711693	10.264909464	10.7183160052	3.8547282150999997	10.266454316	10.6635255097	9.3618536258	10.470653895	9.999318111100001	10.3847969487	10.599114342	9.5148582031	3.0308051526999997	10.4512841111	6.421993474400001	10.635188832599999	10.4938520887	2.1440535875999998	4.7222301585	0.3413184494	10.3953987111	9.300183911900001	3.1255407393	10.3395248746	10.3569558282	1.1496155171	10.4552138111	4.5674436757	10.410982345299999	10.3655408908	10.4534444559	9.929528733	5.2131586857	10.6492364582	9.8903380445	10.070119221599999
NR5A1	1.6245025463999998	3.7459937021	9.3814365433	8.6404044066	9.9264341028	3.6881657508999997	9.3442814284	3.4881455356	0.21729626059999999	2.6938033264	9.330229364	3.2864268961	10.4888123872	10.890841871600001	5.2334448051999995	5.7868072139999995	10.0189783163	4.6711426871	10.4543402504	8.007018523300001	9.8010353402	9.1597402884	9.760052812	9.8984201422	3.0149164643	2.904528421	3.4200672654	9.762831155399999	5.2406902686	2.4792825225	10.4725292996	10.4287218805	9.672152874	10.8099313299	10.678097658099999	10.6481441653	10.6414926863	10.737778941199998	9.3296779377	9.6667974849	9.6666030869	5.3538732515	2.6290529721	9.8698890839	10.3622652957	4.0796923546	2.2974051082	10.3831229177	0.652269086	5.7672049334	10.0827485425	10.183015710700001	5.435383878200001	9.4790531164	3.8752945547000004	10.4381568063	7.9200582695	3.4948998824	4.4952731273	10.5688624356	9.5865368451	10.867105031900001	9.341169688099999	3.6412756105	10.5686082339	10.7109867809	4.9455454202	4.0049449106	1.5203131694999998	3.525620625	9.623505527799999	3.1504780488999997	4.9324288988	9.9975626358	10.738175269200001	9.6569973182	9.5521747818	3.5221168034	0.7714465909999999	10.8585897372	6.421993474400001	6.9972246211	2.6358269109	10.349199285	7.5701849529	4.796227266	10.3980873436	9.748412046	4.0637053155	10.2707190315	10.261074556599999	9.9721363846	9.4145593715	8.515446777200001	10.5477662032	10.309245238899999	10.824656011300002	2.6510893023	5.2294033498	10.8581751696	3.9373511599	9.5561419938	4.3482454789	6.2783302215	6.6503991005	9.9283508397	4.774101212200001	8.6225850566	9.612529907599999	10.6583321737	2.9403120394999998	4.6274636491	9.9446176129	7.0124085633	11.173512264000001	7.9944826638	8.0998015181	10.4372356667	1.5240481779	3.3581938651999996	7.4718443135	4.6923268588	9.530590015	9.9489767902	10.5322566588	4.017502412200001	6.5309664723	2.6281134591999997	9.4250318013	8.8605041944	10.4173233892	5.9453822986	9.3623338209	1.5174558238999998	9.382879283300001	10.685575099600001	2.9677396623	3.5875123252999996	2.3463829787	4.02100815	4.5070603015	9.8263007118	4.9880452742	9.7733263857	10.2876816344	2.9113027863	10.250623860800001	9.954919951299999	10.9655634874	10.5074862607	3.9454533347000003	9.5994820097	10.193484608	9.951595063500001	3.3659788555000003	9.3107421479	8.677283876599999	11.1159554568	4.4185507965	5.5159942791	9.7652198032	7.5039099831	9.9994506245	3.5085871852999997	10.5489941076	6.453157833	9.7104684719	6.537561497	9.0325328848	3.4525676016	10.2278497954	9.7506787098	10.1091083733	9.7179511145	1.5248080729	4.2661174717	10.5992761377	9.5719464127	10.9986923673	9.9341066196	10.0137132527	9.7256269198	4.8507020676	1.6830820521	3.4160320724	5.8967464675	4.2965858481	2.9723730899	10.5497822265	4.3982888596	5.6842228945	4.7247326514	9.5467482707	4.8650714304000005	10.0116056101	10.543743592	6.8575025408000005	10.7933439892	6.421993474400001	9.8894002517	10.7019466525	10.2696268523	6.0094412872000005	6.3388706269	10.6972908578	5.0870186543	9.5111994326	9.5167608182	10.298332292000001	9.4139621833	9.5706035952	5.8129947714	9.1461632069	9.790205434099999	5.4627129337	5.4835758527	10.614838183	5.5679323016	0.1391477888	7.3761300839	10.9333588777	10.1871054276	3.5064903066000004	10.387789539	5.2739032286	5.4936688301	4.3062350483	3.7208144954000004	11.0824543877	2.7718794702	10.170875757000001	5.382329309	5.2867235769	10.814893805399999	3.074059468	9.6719765583	10.803971860799999	6.421993474400001	6.5210033128	1.6342832540999999	9.7144666477	10.670336348	6.0141041525	9.3891545947	5.6337278859	10.0382518598	6.8118374535	0.060312949500000004	3.8339542495999996	10.684159041100001	2.1858990702	3.4195970005	5.3320550574	9.9964507214	10.4285611477	10.8096797191	10.367639818999999	10.0958320671	9.8047585083	9.6413537061	9.8110870371	8.6764899277	9.9632168186	10.6782987475	6.2258708908000004	10.275589724	8.5575870638	2.9137817214	10.099536430599999	6.913109830700001	9.4155354456	9.8498700478	10.1695738111	10.4602526151	5.7407330135	6.3260157226	9.452909838	10.9874465842	9.5821040449	10.2369081836	9.9163236835	4.5828954476999995	3.7632057696	9.4693276525	10.381033026599999	3.632338803	7.5977196889	3.2072643844999997	4.8874161867	0.2971737293	9.8080825309	5.2445558298	10.748526195	10.850601821700002	0.8130665681	10.149200622999999	8.460578765900001	9.804587601	9.6573621505	8.9925372763	10.5324435075	10.0762418796	9.6240604348	9.717455675	10.4748340984	5.8483176265	10.6531043093	10.2062749625	2.1638319265	10.1834070026	3.8641971384	3.9948184801999997	4.7763207352	9.8862858783	5.9801313416	9.3144780376	10.431383287300001	9.7218285061	6.0825318322	10.5426038661	9.652176321599999	6.7894259151	5.0946976974	10.9974344267	8.689621792899999	9.8617776436	9.4783881819	10.821630328	10.260399823	10.918439908599998	4.3781045071	9.524171515299999	4.8687429813	3.7060614315	9.7826067306	10.4793144447	10.0753592352	3.3089255017	5.4225562129	10.5140743567	4.7696653386	9.6118378756	2.8437062168000002	1.8327751858	9.5952867478	2.4089375892	10.693174066900001	6.2612259276	5.656285829600001	9.8803182427	9.3375050259	7.8143023222000005	6.421993474400001	5.864892038300001	1.1920593194	6.1178754608000006	9.974509428500001	4.6069177918	2.6250443048	10.665058866499999	6.6045836504999995	6.7436766936	9.979317526200001	5.9613009614	0.3665863132	3.6097885735000004	10.430443725	6.5555655402	7.005987521900001	11.1905997714	10.4874121753	7.236762965	3.1789411276	9.736275024400001	3.7220605152	7.510434466	7.6476060284	2.6765376206	1.3219500095999999	10.5158153507	10.2497428804	10.4268867089	9.4253942886	3.0734188882	5.0264165712	9.6962709088	8.1491264658	3.907344803	9.488732925399999	5.782905439199999	4.2130106474	9.5511396253	10.445829934299999	5.074927799	3.716370748	10.7332756778	10.106165726799999	10.5554744694	6.4386331443	10.2731578515	6.7296836847	10.1685573017	10.3909283389	6.2647814988	9.6543979339	9.9576351707	10.390622242300001	10.5618973064	10.179088329199999	8.690735655	6.1144791621	11.030654706199998	2.345100969	2.2022996577000002	3.6684318309	6.8556459921	4.304862737	10.6742467948	8.0816884288	9.4138844716	1.4920003977	9.533541125	2.5462664425	9.8225489775	5.0394624612	7.1280728518	9.4188931421	10.4161834604	9.8764840214	2.3901438127000003	9.6888975225	10.5988425485	5.6780558515	7.118333593200001	10.1794912071	9.8636520642	3.4894491492000004	5.8279570822	2.3382898302	0.9373447673	10.772785417	9.6686856546	4.2927298857	9.9464251788	9.5839254813	9.6281705814	10.4777607074	9.9819107312	10.4006105351	9.673206641	7.1049583329	9.7074856822	0.2425682707	7.0561813309	9.816117738500001	2.6931408541	1.8268701963999998	5.1904554754	3.0745341396	10.587669202699999	10.6674909311	10.6011494211	9.6382821492	10.611048425	9.8173552949	4.5985118187000005	10.6791138237	2.3973561126	9.572721667	9.9071481569	2.611751472	5.1715421426	8.460938841599999	5.6167983861	3.9142642239999996	10.907587061900001	3.413735126	9.781286579400001	0.4383603691	9.773077665599999	10.5787760025	9.5454719268	8.9421718374	10.6685702497	7.576645629500001	10.674342124199999	6.1367935371	6.421993474400001	11.1828881409	10.2195592709	1.0597751947	6.777812172000001	10.404786226599999	11.0646290716	10.3890926865	10.273175522	10.5486788876	10.2065286331	7.3450587392	4.6136887704000005	10.3377390566	5.8921299248	10.384958514600001	4.3701078938	7.3305256748000005	10.6150318815	9.436246352000001	5.3830742769	10.5880802618	6.998466023	9.7449534747	6.854894907799999	10.4675620687	4.6799066956	5.2953601816	8.6761838384	3.6729530264999997	10.7969590717	4.3189467772	8.4670792846	9.5533432433	10.6090734196	10.7483607796	9.4838902912	10.1355001226	10.2620920089	5.177023849599999	2.2554196461	10.5851904851	9.6021909632	10.3714798743	5.5228745864999995	10.320426790299999	6.0210016025	9.748863397200001	6.1365183259	10.3007213629	4.0209721698	1.4814144616	9.8911925197	8.1043571787	6.421993474400001	10.364388615800001	10.738232328199999	10.4348079731	6.421993474400001	10.8452724148	4.4037621257	4.0748268408	6.7335837011	10.4925018487	2.2241622073	10.7504702779	2.7544908212	9.7796778881	1.8868062800999998	10.6281171018	0.6735195701000001	9.4103449148	9.617968169600001	9.4983478117	1.5668436433000001	0.6510642348	8.346940201799999	5.3391088713	10.626658554199999	9.5171128999	9.315380967000001	4.2136707077999995	10.1236675499	10.8710516478	10.398445034	9.918830121100001	3.1454327682999996	9.676823130399999	10.105579561599999	10.0793897739	9.9268660802	9.6841631543	5.9730436826	3.059499862	9.4986390563	10.7101677047	5.2558722281	9.2010395526	9.9761709488	9.5251087408	9.8497810422	9.0411953294	4.0754490178	3.7419746581	10.2946986061	4.8549066845999995	5.6564624736	10.400978894400001	7.9590020457	9.752757299199999	10.4281527777	3.5475653379	10.0220625597	10.8571090236	10.1198007534	9.954352073799999	4.4739227084	9.3361353317	2.5155338315	4.4145021058	3.6948239768	10.7875644352	9.2631104874	9.6234690614	10.176690082	6.0525198527	9.786256739099999	3.9531951931	9.6195494457	9.434040059800001	4.5980636438	3.9576806060000003	9.3357327738	6.292162086499999	2.4570481464	2.4874483837	5.2871354917	6.9640403117	9.9571855445	9.825515100399999	3.6862797268	9.8116917688	0.7709533695999999	3.4038196243	1.0986844520999999	3.023253202	2.2003087191999997	4.7479811797	9.5984904533	8.407715848099999	4.8613445555000006	7.5542966353	10.269450316	0.9418995851	1.1292771696	10.126403678600001	1.9467746806	5.7389644675	9.8556245751	3.3123208510000004	1.4701913949	9.2559208127	0.2772065934	4.0209037387999995	9.846292423	3.7014042508999996	10.9339965594	2.3512264177	7.637178209400001	9.6931748242	7.2650456703	10.6280034663	0.923084749	9.472470894199999	2.8207628308999997	8.8047238327	10.028299561399999	1.0991309998999998	10.449434675900001	6.048617383200001	10.956182881199998	5.2830484557	9.9935770186	4.1002451802	9.5200440201	11.032880124	10.354991756799999	2.2429336682	10.3938846447	10.314128562	10.2312383135	9.8540998327	3.1312912624	9.5167801622	10.5854732704	5.7971838171000005	0.46559106310000004	3.1580395049	10.7359691104	7.9228784694000005	11.0179445465	4.2348728837000005	5.9180823425	0.6279733117	3.6264604418	4.7576538772	9.3288424879	1.7877789516	1.4556426261000002	0.5373140938000001	9.0307886493	4.8645532962	10.4823880661	10.4103316708	3.5067356337	10.090266962100001	4.1992480312	10.3722308013	10.614347326	4.6171909182999995	1.2001445429000002	11.0293354202	7.302809385800001	9.7312132146	9.6669671514	10.426359297100001	8.4043876218	2.9822957876	9.4859230501	11.1748065324	2.4193432927000003	5.0449670070999995	0.30525865539999997	9.4398281003	9.4702953033	10.4236012458	9.7063109838	10.5672022033	11.1250816138	1.1713841848	10.5187472866	9.8294622409	9.446261201	5.7082824451	10.337696368200001	9.4463271145	10.2847658447	6.5892134013999994	9.651084151000001	9.3929198758	9.3228685547	10.2749325578	3.9160278576	6.0715668884000005	10.6133992508	9.1176348794	1.4945112902000002	9.8169626849	10.173772858	4.010825473	9.9073973828	10.1591371796	9.8604758728	6.421993474400001	4.8622145298	4.7192184336	10.6329425729	10.5179487109	9.9683035526	10.5923864066	7.092751681499999	1.3789891316999998	10.233354326499999	7.7042778986	5.6986052363	9.7076628484	10.8235725846	10.7152103306	10.0089846625	10.8427382141	8.5120845005	9.570641541599999	0.4013775428	4.9483578532	9.8908725639	10.2272228007	9.4295517028	7.1049376159	0.24132151920000003	10.3501697673	1.2463355697	4.649611641	9.626528275	9.7477439865	5.557536121699999	11.3284590876	10.8082115948	10.6037986611	6.421993474400001	3.0153921455	5.272852581	9.9782841406	1.4770124288	9.527020267200001	9.7139612844	9.5694867142	9.6896469038	10.6022747398	10.8287604107	4.6218905392	4.612361759	9.8022318725	2.7945752951999996	10.6325120621	10.1174817584	5.3151746572	3.7675561406	5.806616652000001	11.0619769829	4.3369273462999995	2.2830887993999998	5.3212262805	9.8535387261	4.0407910267	2.308398309	1.1404914659999998	3.1880730429	10.1740960459	3.9699170369	4.1821569551	1.6775812929	6.0549991986	4.4015853041	1.905784156	4.5442391741	10.5405241992	9.6723997287	3.7972090086000003	10.6095365978	0.9390296954	5.4725638284	7.0454993573	10.199882797599999	10.4568559287	9.506894855599999	8.4768173461	9.1954108605	9.8896737457	9.5723382588	6.5552575373	9.0936726086	9.5038961305	0.7455735732	1.1720461477	4.8403786431	5.0584698314	10.352902267000001	2.9922671679	3.4715709468	4.7353425506999995	6.570584516	5.1460558434	9.8445701897	5.8730115523	6.5011922562	10.3251808599	7.447486732100001	10.1094237099	10.190111415	5.6810781152	9.640544227100001	1.4715447422999999	9.4333347512	10.742229121	1.7816568959999999	9.8270870875	3.6865570527999996	10.6684124205	7.2619862428	10.10380834	4.499061343999999	10.2611011753	8.1892548322	10.9661154327	4.044761408399999	4.9953411958	9.6716583169	2.2797731997	9.807631321799999	5.4186604925	6.1559331276	10.4172515836	10.9388392749	2.3112840734	10.6787449912	10.3803661853	10.577093740499999	9.7213501912	10.1328213255	4.456106503	6.421993474400001	10.2103135464	9.964092556799999	4.1828053997	3.8891907898	1.2175648729000002	10.2626026302	2.2324735934	1.5663427638	10.409382653	9.0827881842	9.6919895677	1.1304401470999998	10.1556873805	3.8015716264	2.5521478339	9.632095742799999	10.635767509299999	10.4554225188	9.4290885186	4.1112812686	4.4713402951	3.7811453622	9.0203227135	4.2903171241	10.7476343586	4.3331764495	10.5931201664	10.134732076699999	7.651453578300001	6.421993474400001	9.5661794707	8.9208409661	4.7097332098	11.466380366600001	10.4023463879	9.8278560012	10.0584178654	4.0021860487	10.2351714305	3.8079657614999998	10.6234031844	7.4730792798	9.8679224363	6.1262354803	10.4103860976	0.2346739624	8.5680112867	10.2919522995	1.6071929176	2.563846917	2.6236202067	2.4580337642	6.421993474400001	2.1887339466999998	5.2235346656	7.4953169276	10.552530843200001	9.7525863074	10.0825181437	9.8378376171	10.5030308664	7.7794525723	11.149705293399998	11.0500149521	10.2269628778	7.5822880103	10.596288662300001	5.5127861224	2.270939586	5.9028621935	4.6124098167000005	5.5577319512	6.023818048	10.390915623	10.4630282047	2.3767217637	9.945799238400001	3.2590778834	10.6441793083	9.6111232617	3.3582342002999996	9.967253591699999	10.668815937	9.8383013678	5.1812903518999995	10.0529491717	10.541395874400001	3.2752129079000003	10.0095761896	6.2456366849	5.0570327505	10.657974535700001	5.3401615877	7.1494881825	9.8494036185	3.1720853217	8.962238854	8.2554495048	7.4226513854	11.294695346400001	10.611706292200001	9.540568023099999	10.4468198416	10.749581731900001	6.9858713229	2.1273215823	5.6182727508	9.7588669126	3.4195099006	10.931257694300001	6.205093575299999	9.5224143618	10.9422190829	4.731874793999999	10.8978303983	2.7723280695	9.7964176961	9.7122855594	10.949509714500001	6.3546964727	9.861932945	9.5350402511	8.1999339966	9.9432802197	5.303636955	10.3886882528	3.557944151	10.4325571228	6.1575054789	9.5761761048	10.389428194099999	10.3626855379	9.9153123551	9.8031078711	10.464705047899999	4.13880102	3.4395698782	9.7522897323	7.2407258392	10.024175314099999	9.7822249566	6.0393203794	3.8879873245	10.2281930336	9.7778292659	4.5377481195	5.3368962229	10.3621754845	9.9680112572	3.5428707620999997	9.2061405287	6.872294059500001	5.9811394027	9.5130071683	3.9612193047	10.7180252963	6.7610226927	1.5529933353999998	3.1077745977999998	3.3689965239	6.7357329419	9.6206248574	9.806399279199999	9.3365190635	9.6717931844	5.1238407711	10.6093927176	10.4620431938	3.7137351435	9.711141833300001	5.2376517539	2.6993350292000002	10.8327519501	9.8987689991	5.6088202623	10.750688291700001	11.0797184566	5.6688585621000005	3.5871493362	10.7225683256	10.4097477019	2.5878132349	10.366293401	7.6374036587	5.2860928202999995	10.1337068962	10.2570194533	9.7391561546	9.3696821201	8.8286617742	9.5468001647	5.1369557847000005	7.2016071608	4.4185677962	6.801893434299999	9.9465306956	4.0380506936	10.8716789994	10.6008243454	9.8042479986	9.7268771959	10.758037551500001	9.729780265	1.5506839391	0.21661244440000002	10.826492076600001	6.3083590225999995	4.8420752863	6.421993474400001	9.748089333300001	9.5207230103	3.8053076741000003	3.1522131929	4.4090002758999995	9.8585391657	9.7658150897	4.9127157481	10.0090153982	9.545009804700001	4.3712363786	9.4683946666	9.7374113658	8.2150331938	3.8867914371	9.2880374515	10.6454597893	6.1918773811	10.5893937033	9.979808865299999	9.2284195929	10.8847112398	1.9133552551	6.867380787	10.1378616535	4.167989696999999	1.2037782987999999	2.7450926926	4.9935660955	10.2151526569	6.1464546561	3.6506132901	10.5898482693	3.3611713955	2.7591330338	10.501992166299999	4.472345138500001	8.670154698400001	10.2020821595	9.5507464662	9.6172359779	9.8534658687	7.949621859700001	9.8598961423	4.1609665835000005	7.3758929095	9.3136150421	9.7402960815	6.7862732392	9.7515678851	8.3729171547	10.6100048376	3.6700668339999996	9.6789367213	10.8564496796	8.9980233837	9.5580971655	10.2021779311	9.397973414800001	0.30648403399999996	10.1139773058	10.7866565628	3.4028042336	1.465623427	6.421993474400001	7.689502028	9.1219901775	7.6224312377	5.5578715413	5.4035985052	10.2010784178	9.4832775018	9.5870725297	3.742228157	9.8972130135	9.590684768400001	8.3898235358	5.2061617148	3.9249070180000003	9.4249477531	10.253136684700001	10.383220514400001	10.2493977173	10.6726800233	10.031309672	1.4685888141999999	9.524454054	5.8178969757	10.529854954600001	9.6332860644	7.7730943664	10.1475611917	9.1268143872	10.2814249486	5.2137733406999995	10.523486019	6.3380828877	3.1072331076	6.1500975825	10.197834413899999	8.2483628343	10.666252085	2.5030912091	4.2480682653	10.3050260578	5.9605598507	8.6624024851	10.8007865457	3.7730705738999997	9.9480463178	2.2192285978	10.122862405	9.8442952689	7.915422753	6.8349934051	8.2001170974	2.3581430745	10.7421241946	5.2879086387	8.8090805207	4.977158179	2.7563365455	9.3314510601	10.2413533743	6.3802733927999995	10.5602668142	3.0964552480000003	0.4521055954	4.5820752125	5.3663595922	6.8808194326	9.9339867866	7.227021521	10.1220741915	10.7329324711	5.7135577704	7.1916056812999996	9.5829880779	9.6461727667	4.8323296178	10.7296608468	2.0973803998	4.5928793077	9.5780208437	10.3239024268	2.1900747998	10.5241108548	10.4865939586	8.0490924373	4.3369236577	2.6727525481	9.2486647996	4.5061482977	9.6239461913	10.1918745036	11.0543419105	6.761250003400001	1.8206059181999998	8.8158694531	5.6029018241	4.4624051194	9.9885489243	10.6897889779	3.9510074747000004	3.6116295088	3.3130628612	9.5062265525	3.3629254913	10.743959155799999	9.7436527396	10.6266810095	7.2139260864	10.4918657902	3.0436712388	10.4922171319	6.421993474400001	10.6490459904	5.1216226833	1.2325403984999999	3.4401213442	8.1824944209	10.228458072899999	3.7688663421	0.4626610536	10.1481928779	10.3458605926	10.305235205299999	10.8561816902	5.621219128300001	5.2814448866	8.406835425499999	2.0559665415	7.8780352357000005	9.7529557969	1.974374355	6.421993474400001	7.3552195289	9.9160050921	4.9064249497	10.4498466613	6.8418632103	10.442772829299999	9.5008004837	9.5570875447	10.1663224942	4.0875570098	10.6806104845	9.374768960599999	9.5278725314	3.4822690426999996	9.6521451539	10.896670318	10.4331958406	5.616872785	9.056368259700001	3.7334307692000004	5.7683738684	9.8254604981	10.535113793899999	10.6309124931	10.5255893798	5.735352858500001	3.0523195861000003	2.0593690614	10.2345060708	10.2792695447	6.1947995971	9.7712009989	9.3893770224	0.197699829	10.613724421	6.421993474400001	5.0786098009	2.0596037425	10.742330387300001	7.1103762444	9.788015785499999	6.4260878914	1.605062126	10.5812427575	7.570213069199999	9.6995726749	11.1370402149	1.9435025013999998	2.8252970351999998	5.1927652892000005	9.4924447325	10.437172616	5.1912047389	4.3487862105	9.9836429537	1.8297481337000001	9.4263997763	10.176516731	9.3731953828	6.8416439524	3.6006673563	9.6602387163	11.065850179100002	3.5127793441	3.9803295033999997	10.7318905738	9.9824585408	10.4847040146	10.4819501579	6.746543358099999	9.7180857892	8.0693558365	6.124418945	10.4070267327	9.2315212631	4.2632597162	10.4265878733	10.1347697427	2.8918920321	5.2682049167	9.6681452066	5.2623996722	6.5031729038999995	10.3461045161	3.8945716494	4.5289674932	11.15710287	4.5896280454000005	9.231190599400001	4.6194736282	10.5312476163	10.9071734723	1.3747343288999998	10.203483466	9.4062936516	0.9591829815	5.55238137	5.0442253216	9.7991355176	10.543630203200001	9.5647784213	9.856248798300001	8.6660885301	9.5810934102	9.775745585	10.862832676500002	5.3681598808999995	8.9597132769	1.7256301771	10.6982258882	2.1997882766	8.2060460415	10.7496668447	2.7530488456	10.1641598011	10.483599462799999	9.7913846692	9.7405236229	9.4163268619	3.9455762096	10.1271864358	3.527030235	10.6765190679	9.804431024600001	10.2306816936	7.6024077541	10.4403105175	9.3120657551	9.480715565399999	7.9011015476	1.7827743633000002	10.904793593499999	10.6382618183	10.6710282601	10.4459626073	7.9005073026999995	10.822653622699999	3.4365670112999998	9.7155170515	3.9353086106	4.5615628486	9.8194336367	9.7703982511	9.8982530232	7.6402637098	1.765861285	2.4285200274000003	10.498016486900001	4.330057704	9.6881794511	3.9321641977999997	9.8502904629	10.396743670700001	9.5116298495	6.8579691749	10.5078529772	7.6332449455999996	6.0544872708	3.7101944431000002	0.6630632089999999	10.436630900299999	10.4062556292	9.4964560537	10.0327768099	1.8153767981	2.7748899443	9.406425006100001	6.6826248787	9.6761094966	10.4707191221	10.4548229633	9.6021016347	5.3137466054	10.6529674909	9.7881510371	4.0933553301	2.9783119595	9.8813657746	7.4819315173000005	1.2546945901	5.1806768921	5.6619087093	8.9524715316	10.3367627237	5.9743038664	10.269879792100001	10.0505704695	4.2306687116	11.0096743535	1.8872133843	10.708747574	9.2522832079	2.6661542935	9.6819876519	10.5203163115	4.6025795689999995	4.1389422693	2.3248954452	7.7461725965	8.5195136452	10.0260702499	2.3431383088	10.4671612847	10.0191415763	10.4459580654	10.4017195239	4.108791955	9.5342267112	5.676857894299999	3.0162764569	10.118044322100001	6.1807936148	6.421993474400001	5.391879629400001	6.4986771165	3.8263155162	9.8342053973	4.4906415193	9.7809821051	10.7306654631	9.3442795168	5.850226130299999	2.9892211491000005	11.1330885741	3.3042437889	10.5188401063	3.4651054299	10.4748461249	1.3442346647999999	10.0502100025	3.1948942544	4.7711886799	6.4618578011	4.738742256	0.21467028059999999	9.888903191	10.6983492928	10.5616164432	4.9247991605	2.7609947932	3.3648099918	10.170318764400001	6.391900913300001	9.936926545499999	4.1245833001	3.8408519163999997	10.5198240259	9.7171300066	1.0240353386	5.463055016499999	10.9323943987	7.7365101352	9.703600498	7.1741419002999995	2.9651638532	2.7155868541	10.488284349199999	3.6187239944	1.5236657230000001	10.4532554674	3.7049599488	3.4841439177999995	4.391123020299999	9.6909149919	3.3198240071	3.9330936826	7.9805120428	10.7434432124	10.8211131968	9.8847193411	9.769123376	3.992269588	4.3349542909	1.2553029982	9.4948218853	0.5021238041	0.0676597992	9.9425774004	9.7391155686	9.9968118638	7.0366785448	2.4814453449	10.791431301	10.0406414128	5.2132450668	6.421993474400001	5.5441634366	3.4984618445	9.4493131721	9.7530312376	10.6385829735	7.7628811076	10.4828233165	9.7191226697	10.375021796	6.260755336	9.6052072176	5.377334960700001	9.8769805494	6.6172472922	2.8434978579	1.1779127507	8.5088870459	10.8179216096	3.3503850777	0.8863729875	3.9324499697000004
WT1pKTS	7.4128245988	3.318825561	10.101605693	10.2896389177	9.5958263176	6.9690319617	10.390356757100001	5.1395736563	1.5662950830000002	3.5688269767	9.7892192868	6.1936607564	10.4973486162	10.3033845686	4.6940361869	5.0968549869	10.3751321286	10.4644916164	10.7544164549	10.4501613841	9.6288387668	10.488149676399999	9.5096327773	9.483143055700001	4.780997763899999	10.6510943404	2.5720515463	9.7579073383	8.6249387698	2.2724622448	10.7010822838	10.556159766799999	9.878262996	10.6309392576	10.301596375599999	10.250367324299999	10.385904027	10.0668053877	9.983052562000001	10.0467006264	10.0908913369	10.4380647172	2.5060402936000004	10.0837115861	10.8248006208	3.2724162337	4.9354743939	10.788224482999999	10.3109056573	6.5085195547	9.7551158329	10.3092143612	6.705237014700001	9.8722503541	1.0364556765000001	10.3229199262	10.3355579759	5.518863905800001	9.7377707331	10.7854400032	9.7931401648	10.431957864	9.7607376701	4.8165765486000005	10.3692634583	10.624613050299999	5.3730096127	4.8412950871	4.947199235799999	10.372909184800001	9.5110705072	3.4721848367000003	4.2778837666000005	10.1610802274	10.623675180900001	9.5689705503	10.0992379928	5.4075630101	2.2919862493000003	10.4670803641	6.421993474400001	2.1353607377	3.8473500078	9.8769781502	10.3059868473	6.602083241900001	11.0393249808	9.5877746439	10.768508080999998	10.3035221798	10.793030305	9.7223236741	10.2984106444	10.253247235	9.90091687	10.430631333200001	10.4789415491	6.396970745499999	10.0738459013	10.492917731799999	3.7120173200999997	9.8672166549	5.1936627813	6.5397878936	5.4264437637	9.697069772999999	4.2196295181	10.5972145485	10.0137432169	10.5961729509	5.5908313467	5.8894941332	10.4341576498	4.8708016952	10.3373235114	10.3406180028	10.3316900722	10.2320102874	3.3220962545	8.935446607100001	3.4697434201	4.0143188813999995	9.4397425401	9.5980396469	10.4618807641	5.8619390870000005	10.5325616843	4.751360554	9.1968857795	10.1990255301	10.417386347	10.2210408656	9.6610483076	1.9009082192	10.4932433864	10.2722534506	4.0064536593	5.275149674800001	9.9871683989	2.9903715201	4.9519869505	9.7116991098	4.4304943188	10.1565661989	10.729034648099999	5.2084186784	10.2819457197	10.1405443657	10.6664069623	10.276310824400001	9.9440101088	9.5017870619	10.3436131317	9.8815643662	4.1013192154	9.3470850037	10.049474712	10.1810817353	4.3033710218	10.2321114837	9.555834323600001	10.409200347	9.6391604616	7.4488510893	10.7872344173	9.7379332238	9.5938542602	5.0243354221	10.1549840608	5.5533658882	9.1717577377	9.8272228771	9.7680565325	10.0911497539	0.043970016699999996	10.3056891594	10.817299993699999	10.3886546039	10.2268957009	9.4943722844	9.8128406879	9.7785256435	5.2747284717000005	7.217241360599999	10.336259262	4.3537927378	0.7644386412	3.4963430105	10.4134675635	3.5643944144	8.7549254956	3.4857730955	9.967433058	4.8642966386	10.291764690399999	10.8210529267	10.2600909906	11.0539298074	6.421993474400001	9.9453801446	10.6809236376	9.815054482699999	5.754699309199999	6.4711025761	10.564140911	3.1283321211	9.9241123966	9.5375807664	9.8433649768	9.8710017705	9.4233347191	5.3950192238	9.5747300647	9.8805142585	7.7637090454	6.5485649451	10.5342000941	6.9835335338	3.2412069378	10.2706280463	10.3998376769	10.881940353	10.7390358965	10.3282298817	3.2148041663	9.5077645633	1.6540702918	6.5328537255	10.481799908500001	10.2082862868	10.4565125184	0.6225787181	10.4035747641	10.119740200599999	4.7170760618	9.7311550897	10.1074115043	6.421993474400001	5.6378822804999995	6.720360818	9.4857440852	10.311677873099999	4.8740221975999996	9.671061269500001	10.0966425434	9.9522040301	5.2835242829	5.7901813355	1.7648384656	10.5626681936	5.4731670214	4.8152680889	3.7490139309	10.4968332215	10.2359485253	10.008445939400001	10.7834394475	9.585305677300001	9.4466304889	9.4127761437	9.6079464091	9.918003393	9.7178002602	10.2722656729	10.478599678	10.6273300512	10.235507657000001	3.6096321342	11.074133438499999	10.0136165371	10.3913323961	9.8981743913	10.2870436131	10.6881074101	3.9226545897000005	3.696653881	9.657012825499999	10.782975900599999	9.931521306699999	10.8378004879	9.6022229229	7.004074488400001	10.1883558606	9.7302471284	10.5917754	2.4572302177000003	4.5252172907	10.0363157045	6.5669813113	10.2000953001	9.9349146227	2.1100073066	10.5012348962	10.3736586534	3.8492033902	10.8269005102	4.7977969663	9.4352727566	9.9455479541	10.3125018983	9.987463063	10.2276619521	9.8944007081	9.7496391014	10.2356204175	10.4899667562	10.2560637624	10.2366308393	7.5519395315999995	9.5652178486	3.9295581960000003	1.0769061895999998	4.1435764867	9.1307279234	1.7527379691999998	10.130386493	10.3432459883	9.7322233158	3.752437617	10.868894342799999	10.1602257688	4.8221393736	6.9497093213	10.6329451763	10.0031692998	9.2334548941	9.7969260969	10.771682269100001	9.754657866599999	10.4980497861	5.3081386229000005	9.9847477869	10.5378385071	2.113074821	9.957482987899999	10.2508749624	9.8460785865	2.2471928023	4.263904172	10.4079109679	6.045693511900001	9.868599379900001	4.1069775208	5.2727600501	9.3067200505	5.989432266000001	10.6148001688	5.757000808	8.9050362386	9.3627207903	9.8167001712	9.915731474	6.421993474400001	3.1518406617	3.6225349849	10.247945225	9.4890625697	6.1857780025	7.2930763473	10.4550845364	10.3366255807	10.1350402578	10.1403424576	8.0381532129	1.3263148208	0.0681194263	10.737475661900001	3.6640694709	10.1494816119	10.5332770668	10.5162744366	6.6356311127	3.7503032417	9.7998419837	7.702801213300001	10.334306100900001	10.1344564616	2.2516783162	6.450417116100001	10.2389630814	10.5347412892	10.4515643755	9.9172534055	1.5980067705	9.4367306321	10.2860721845	10.017199550199999	7.231870024299999	9.8817822235	9.5877079262	4.2022754525	3.2790615975999997	10.0213925675	10.5416795538	9.3130854695	10.7211385234	10.6486198534	10.1964266111	2.2089448528	9.7852232317	10.0009860528	10.388279995	10.679820533600001	6.5531314929999995	9.7627187125	10.6821356924	10.390140686599999	10.709944780499999	10.6279537504	4.6219428417	1.5936019139	10.3199876981	5.906169778	6.5998402223	5.7885083661	10.0739298335	6.39930363	10.8869968448	10.567653246	10.6788642464	5.3074827463	9.4455657486	2.9002903244	9.765884174	6.926867243099999	10.748645418399999	9.635683353300001	10.3675589039	10.2105802503	5.5694000716	9.7841780978	10.919841543499999	5.4760827504	5.5504113947	10.6330873259	9.8521749817	3.8118087	1.2896760139	10.234322562000001	4.81022178	10.2606281494	9.7921664921	10.4538532081	10.1532999875	9.5554312041	9.5809393766	10.614163701799999	10.2091750799	10.0739113143	9.876204749700001	9.9335815649	9.8794313446	2.8750301642	10.1976459488	10.0587169821	5.4494774823	2.8959875360000003	3.8708755442	3.6069962577999997	10.5861631817	10.8524176443	10.802047101300001	9.7618662662	10.2116852399	9.2877087008	3.3833682316000004	10.215038394	1.1172455913	9.5437250752	9.768973041	5.2918204248	5.468258979	9.8028195629	3.0037756277999996	9.741292655399999	10.157202978099999	2.3257277057	9.5142104368	4.4180829011	10.2487792209	10.634042749199999	9.8637943985	10.3125474884	10.3750081758	10.0981777693	10.9117051601	3.1862581562	6.421993474400001	9.1513735639	10.4718809797	2.1450536369	0.9415699023	10.1208259899	10.6775853066	10.361790332	10.3209627413	10.946282542999999	10.5516973156	10.4987338463	3.4531301569	10.8224253767	4.2403157699000005	10.3813388978	3.6014510622	10.526170728099999	10.8498303376	9.6812060159	10.4400199733	10.485513167899999	10.4740924097	9.6203553277	5.7786037385	10.0323791384	10.4590693528	4.9050103009	9.9259788596	10.3294939467	10.4003803696	8.2070138716	10.0903945537	9.357826020700001	10.2611409082	10.2742015862	9.2382552935	9.7916026986	10.0171006571	5.2113580679	9.1317656431	10.695845649199999	10.537417063	10.3282206112	5.2221592275	10.292427376900001	10.2167674225	10.0636066207	9.7903087434	10.3155448359	6.476516779500001	2.237276342	9.954697190800001	8.2125218414	6.421993474400001	10.3453159496	10.5743944866	10.3542539868	6.421993474400001	10.3283905159	4.8674425067	2.9775533258999998	1.7907062662	10.9295700428	6.1634741862	11.0294840982	9.4698394036	9.8119164741	2.041849479	10.5939499418	5.1543589864	10.1615687183	9.6394170478	10.2252228359	5.0482759413	6.061727847	10.439291503	10.2097989787	10.4933199052	9.3431205886	9.6889083706	8.237591308999999	10.083198296	10.3710766011	10.511563409199999	9.7668479205	7.394412668999999	9.664832914	10.906896682100001	9.4856992959	10.0255776444	9.671064883	10.4821523359	6.9584661983	9.563907825800001	10.602447897000001	5.3451886045	9.670830041	10.2718272915	9.9762331331	9.8196706603	9.9195201644	2.7981248105	5.502512166900001	10.4284726856	5.954104563	6.1457124257	10.9227394724	10.136679814099999	9.7323887112	10.1072973008	3.4186446752	9.6350663806	10.6059759009	9.9697864588	9.3098214491	6.9741018038	10.3525157563	7.6956168851	4.5232507252	7.055500338300001	10.6699038597	10.4335329479	9.893608752899999	10.5022672626	6.6381470826	10.1558416997	6.10441857	9.711296838400001	9.5027124631	3.8241105369999997	4.114712075	10.4742275618	5.580164223400001	4.1075489265	8.9179937786	6.0994269235	9.3678543998	10.1177751471	10.5670172239	3.4665124649	9.813399329	1.7550968127000002	4.5667097675	5.1940906834	3.1058709887	1.9443228857	3.5206047826	9.990087948400001	10.288362392	4.6981321599	4.8806019755	10.5309418766	4.979129223999999	9.6647933335	10.3842496581	2.6655023905	8.0082709112	9.139838106100001	4.7147679999	4.8332927827	9.8060800229	3.7213437373000002	3.7591229908	9.8195942093	5.7172466089	10.8539021947	1.96810939	9.7473275577	9.2374300885	2.9260986436	10.3480197555	2.0032811871000002	9.6818197779	3.9998292288	10.649531058600001	10.0217377312	2.7073100387999998	10.5238221274	10.5749104525	9.9037989736	6.238821206799999	9.760452153200001	2.7613189025	9.9624952907	10.7788309049	10.4042822473	0.5253008093	10.320835666	10.5326914441	10.3465248706	10.1962965095	3.3805378233999996	9.7690166511	10.5243578136	10.110174114	9.5759108735	1.4822540101	10.4980946611	10.3075484733	10.4235752104	4.8066170904000005	9.4676438719	0.39928225770000003	2.8327835749	10.4199392213	10.3382980045	3.1750533625	10.4917722466	1.8889459484	10.1221737246	9.6320020643	10.4556875751	10.428300073700001	4.1616515871	9.663497338300001	5.1768494839	10.642502952000001	9.987194092000001	10.1262856023	2.733878345	10.5398379469	8.7713963197	10.089117594700001	9.771638060599999	10.56320178	10.5872736013	10.088121082799999	9.663376383400001	9.8855622408	5.0634071537	8.2607775949	4.7730202361	9.890223910700001	10.0534033481	10.081945277400001	9.5829629837	10.2077697051	11.094934279	0.8749433319	10.5985472673	9.7753524958	10.0435436475	4.6406066949	10.6605549707	9.651366033099999	10.1839784052	10.2359147854	9.4682422296	9.6846524302	9.3431400567	10.272530830800001	3.4515128047	3.7646569836	10.3800594325	10.115822087	4.0124439416	9.987386152200001	9.9646423192	1.0570075493000002	9.7494671877	10.2185957376	9.7505208768	6.421993474400001	3.1869552832	9.4522958878	10.5800344168	10.7286376697	9.720179479299999	10.8195109566	3.4183315088	2.4209839281	11.0060573854	10.665224208	3.2092970416	9.5830838465	10.1143550533	10.5997349337	10.3260172323	10.870207252	9.6379468073	10.0818134308	2.8405655094	5.6118471463	9.7336821299	9.8415590622	9.1956703165	9.3022993178	4.030062321	11.122580346400001	3.3442171292	3.586775354	9.2783568011	10.014265695299999	4.1413615893	10.9304753185	10.3402931711	10.9260724176	6.421993474400001	1.3750974339	9.297217716699999	9.7800770807	2.0047181667	10.2538729497	9.637453817799999	9.9665896781	9.9712904991	10.983056859200001	10.6574172057	3.5569787201	3.0358378667	9.8282838896	5.616940559	10.2267962348	9.5533756402	10.4178711944	3.207765254	8.4339254502	10.628018060399999	1.7889956286000002	4.6787306477	2.651769366	9.612908218400001	8.2584171177	9.6735557769	4.4062855181	2.7251846277	10.1925736872	0.9515349898000001	9.9526785058	5.2931671735000005	4.0926937107	6.8477485731	2.855572457	10.4437267916	10.544896035499999	9.7316033933	5.1327465974	9.8845770607	4.3895325434	6.3258576415	6.1816249995	10.5550325072	9.5896732764	10.6018270934	10.3283921122	10.7542280482	9.5060878907	10.5056438941	5.3139578525	10.2826697899	9.490337421	2.1017935134	7.1869480876	9.0687227117	10.1415292432	9.815124191	4.9241882075	7.214189629500001	3.5554801927999997	1.9769849637	5.1891790622	9.4062020716	3.5503433682999996	4.1891148739999995	10.3777045512	10.2196210909	10.490108514800001	10.3952498082	9.9432199171	9.625361988	8.1636581706	10.0277222681	10.492680938200001	2.4484332378	9.721589936200001	0.3318970099	10.5308019816	3.8494619877	10.284727434199999	2.5483969084	10.5555439267	6.4537817139	10.7116314674	1.9209584302	4.8213894149000005	9.2048055809	10.4808498075	10.0793227848	6.7747930954	5.2322977409	10.2877839158	10.232998881	5.5386705267	10.6712862614	10.7003996425	10.1351520976	10.104588462899999	10.270752935099999	6.7236532266	6.421993474400001	9.6175391854	9.6962503295	3.3634758206	8.7957852558	4.5405131015	10.5541935998	6.5638385389	3.1760026569	10.7059804496	10.3391087882	10.0425743817	4.0727812158	9.8007620598	3.1062624011	4.5534682511	9.7025607321	9.9721670522	10.466795776	9.7155918629	4.1518298438	10.516989007100001	3.4869981178	7.7366247457	2.4577092866	10.004285999	9.8427351876	10.9865405865	9.672007737000001	10.5428051819	6.421993474400001	9.4190932423	10.4185945801	6.095415737200001	10.3314304556	10.3727139551	9.778460839800001	10.3414946165	10.282165903	10.2796362776	1.1272917973999999	10.459252661799999	9.674798064400001	9.9884675537	5.5257126986000005	10.1185439987	7.443390029	10.5230929508	10.625278538	4.494803936499999	7.327968358200001	4.769743435400001	3.7498209714999997	6.421993474400001	10.3526074845	4.8962617095	10.260972233099999	10.608160505	9.5124810383	9.803431198	9.948772136599999	10.6699626622	10.2365458221	10.1334597021	10.855068831099999	10.2785469377	4.4513891897	10.6355993644	10.1058958337	5.2691951457	9.8750548769	10.1772406281	6.541726229400001	4.6120691936	10.3468877402	10.3491098041	6.8364256571	10.4086548602	1.8061562074000002	10.4072352279	10.3818219057	1.1265742376999999	9.6787705758	10.3726608161	9.9558941433	5.467046213200001	9.7765171553	11.0478403333	2.1917174915	10.1560966996	4.0162742899	2.1712972684	10.698395770800001	1.4028476493000002	3.535098394	9.4094623972	2.6993137104000002	9.256638198200001	10.4869794369	10.4872793846	10.886068898800001	10.1927820831	9.617055307000001	9.893251384	10.590282356900001	6.1732265574000005	3.7646714134	0.6429928006	9.7588982505	7.902325447000001	10.758592883299999	4.8301292331	9.5343678228	10.3613365687	6.030494668999999	10.819648698599998	7.7579866216	9.8590699299	9.7033721642	10.3774825892	10.6429431607	9.7820995018	10.4427540512	4.9718485432	10.4451811133	4.9478140027999995	10.5008449104	1.4635063471	10.9257441344	2.2327086572	9.5754330756	10.1954296644	10.605356002899999	9.589950011200001	9.2974558456	10.241672937999999	3.5392675971	4.6159042282	10.892461764	10.0137612472	10.7752895446	10.2897803993	2.8664969581	6.0482894816999995	10.538670360900001	9.7942362659	9.361257910399999	2.8260897361	10.4068596805	9.7819495289	5.8313371253	9.883076899	8.6670388829	6.6024686206	9.9304764407	2.0256478986	10.6956448441	9.9335905277	5.4506939883	4.4770343338	9.516996773999999	10.237467556	10.1038999264	9.8561666929	9.580365841	9.8706163474	7.9641890818	11.0786077897	10.5325132158	5.0750052969	9.2550921772	7.4829340693	2.9693318966000004	10.816124844	9.6897707281	3.5608435955	10.6791567721	9.9943269376	2.3230446322	5.5318934125	10.5915483682	10.5978245707	10.033242831599999	11.0216963804	10.8985597634	7.4528734741	10.5361057719	10.3674784678	9.753250964400001	9.4190781032	10.3694163826	9.8868033515	3.7677852585000005	10.0372464941	7.8898508850999995	5.8123127788	9.8545786724	2.2890420007	9.7993703344	10.586503199500001	9.7277556777	9.9893822483	10.6464289203	9.5552433769	1.6735028506999998	2.9938123043	9.8482153891	10.642844071699999	8.790944473	6.421993474400001	9.5112209409	10.1215201525	1.1451486648	5.5032994229	8.402063221	10.0063186363	9.310091725	6.2851387109	9.42328341	9.5109257222	3.1774131760000004	9.7850252067	9.6935731616	10.1629889935	9.0880242787	9.773865426799999	10.608328111699999	4.1410513694999995	10.4634866311	9.6313495978	10.3673678591	10.5673635751	4.5164451563	5.736785975499999	9.9738661325	4.944982281000001	2.1097736315	5.723653096900001	6.1596689498	10.685846829900001	10.386581814	10.4071330274	10.6695124649	4.4098252535	3.8802288586	10.395053368500001	3.7061777776	10.1080302386	10.394159978400001	9.5610145423	9.6832309779	10.384167504	10.697325147899999	9.639939225900001	10.2621513527	4.7281427437	9.5407514015	9.6975060511	10.1673718534	10.1680822379	5.7090473529	10.4994222803	2.642246843	9.4627166187	10.9413360921	10.4411252285	9.6901686091	9.465119955499999	9.6246587799	3.9398075175	9.679186681200001	10.5776029337	4.7104533395	1.1208363584999999	6.421993474400001	9.03000716	9.9976634205	8.3131861429	8.089368841699999	10.158259283	10.7036409052	9.891952529	9.9764707867	5.5784650487	10.5141748713	9.9972273194	10.586421809099999	1.716829647	2.0893332281	9.5876448336	10.135859518	10.3764445653	10.867822535699998	10.8058032772	9.7310467202	1.9129526644	9.496804069	7.021982361	10.2771461988	9.8638841463	4.4367559956000004	10.3456864519	7.6461076134	10.8874468049	7.2448474627	10.5674877777	3.8624139123	4.7259688625	2.1225119367	10.125619876	9.891195854500001	10.448607276599999	8.1202147671	2.0335045966	10.5750743824	9.8370729825	10.251302475800001	10.3291182978	1.6564727297	9.6032034499	8.2875657768	10.157695764	9.218376643500001	10.0463778253	10.4899070603	9.916151405399999	3.0841885951	11.0415431923	0.2996091845	10.3351709316	10.3066846479	2.1556272596	10.3725215064	10.1198347559	4.427851656700001	10.7682359448	5.0724308252	2.4615471869	4.7013786418	4.3969163061000005	4.4042115823	9.246947395700001	10.3483699882	10.123703537	10.4130976551	10.4494681327	7.714106805599999	10.0424639549	9.7781782992	4.6856184384	10.294028685	5.5686096387	7.0462307415	9.5009692474	10.7831594946	2.0456316558000003	10.5993204336	10.4847018059	9.9064533403	1.3164480017	5.5627931656	9.7310846802	4.2403378543	9.7372147303	10.5457417211	10.5611656026	9.6397357238	10.437497478600001	10.2213805289	9.3365979475	4.4110614662	10.1471951914	10.6422186601	6.1217399552	3.2211947563999996	2.1561401196000003	9.8828123914	8.2325372284	10.7973777478	9.374192136900001	10.534928597	10.1506206343	10.4853898009	2.3429791783000002	10.4073533815	6.421993474400001	10.099855956599999	2.6428414431	6.349424731699999	2.4547830919	10.4355244766	10.6401429535	2.7319093125	5.0478072717	10.803724343599999	10.475878075	9.9770018916	10.6004099857	6.1532910586	5.517973355	10.1709821011	1.7463325066	10.2333548414	9.9736351374	4.4525393737	6.421993474400001	10.2121392938	9.558874192000001	8.8408530473	10.332656578	10.3296884475	10.4198648802	9.9168595663	9.3462196056	9.9691645721	1.2135616840999999	10.5179740991	10.2925103613	9.4771733844	4.8331987388	9.8958145666	10.5898142472	10.426785129199999	10.3533340526	10.607507420700001	10.3366852842	4.4959542656	9.6951206041	10.909884118099999	10.7422408924	10.0144535004	5.8780122960000005	10.7488771444	0.7023388785	9.8006786954	10.2606566781	9.8624315479	9.7497908718	10.4585970791	4.8522168292000005	10.005446852999999	6.421993474400001	5.5880836302	3.4096950894	10.3748145122	4.8661642296	10.4832802191	10.3468009376	7.6272760466	9.7670991103	10.3117252309	9.8703458395	10.476756529600001	6.8248387966	3.5567692173000003	10.3829357286	9.7918281424	10.4120361857	3.7281590658	4.6732380715	10.7371450634	1.4033004933000002	9.6902375981	10.7125535257	9.6195079841	7.4905620515999995	7.800777442799999	9.5885974928	10.0746554431	3.8685127138	7.9014095954	10.5461047701	9.8147016239	10.3427268897	10.577360987999999	10.0723452158	9.7408179365	10.201827832000001	10.4494046322	10.0188920526	10.0229032153	3.3975509019	10.634553211	10.480266671	10.271868518	3.0374930582	11.1825057516	4.9246122496	10.4165936898	10.172825608	9.8218862818	7.692428303300001	10.5931766878	4.8823463868	9.925695921	4.8452302724	10.7007007607	10.354358491900001	6.3383544577999995	10.698606404400001	9.3666838182	5.9775901711	10.0464207814	10.1418616408	9.642107294099999	11.0434935899	9.799512440099999	9.130707514800001	6.5166443852	9.7850975945	9.5579763022	10.661365653099999	10.6294538579	10.1384353239	4.5722165875	10.3794552118	9.8480749433	10.226223961699999	10.5189925934	7.7257315296	9.706531802699999	10.736662284400001	9.6114163033	9.4746522954	10.627039245499999	8.906959802000001	10.2254822936	7.323702324	10.5097110875	9.6578989492	10.78724568	9.8855176826	10.776245338199999	9.978489293099999	9.4073963613	6.8504812263999995	1.3177644441	10.557387971499999	10.3432446236	10.865089185999999	9.4690506074	10.2605010919	10.362212168300001	5.0119665931999995	9.4214248347	0.9797848988	6.509594567200001	10.2129550756	9.3461122764	10.001408442699999	10.4742414249	1.8462341477000002	5.5038286392	10.25677851	9.375060886	9.9004965425	10.032205600800001	9.8633617806	10.0459887022	10.1365474467	7.159506266499999	10.5442020824	10.307962416	10.4314287316	4.6322834934	6.7114470512999995	10.4799882171	10.815540736900001	9.934511216799999	10.332430005199999	8.2379430016	6.2161793613	9.8465557199	10.5070161202	9.626145403099999	10.8119626747	10.2189350644	9.5321071764	5.6217788928	10.6645968914	9.5299745452	6.0954563989	4.2291680045	9.915775164	10.4344928522	0.047494772000000005	3.0296347577	5.1849124589999995	9.945101424199999	10.469519352899999	5.9973104002	9.765262156	10.347208418	10.084409575	10.6045442849	6.1520367002	10.2310057944	9.706935590599999	5.663157404	9.441131626	10.1978158096	10.214831188	1.1595595081999999	4.0727997645	10.5614522952	10.3202188394	10.2000381849	1.7469400202	10.832738783699998	10.417318077200001	10.1263705591	10.3670875265	10.3754464699	9.818864116	10.0686027227	4.160517093999999	10.0155066123	9.8724620703	6.421993474400001	4.7092950036	10.2315712018	2.6702360906	9.486180297899999	10.7132608951	9.7678955988	10.404875774099999	10.6858305873	3.3877833255	4.943847599100001	10.7764650605	10.2684737753	10.317970558999999	2.3291548347999997	10.3486809635	4.6827356928	10.1812400503	2.6496393376	10.462351635	1.9558075466999998	2.970920642	5.9211312945	10.1223128189	11.0102826752	10.45098433	5.274282069	5.235846642	2.8381091335	10.2387607395	6.0330809226	9.9382241918	3.5561316072	10.3519853039	10.5151604713	9.812005965800001	1.2647786543000001	10.6494804355	10.5621702513	10.1959748429	9.534855047899999	10.1862468769	4.8201324169	3.0739082763999996	10.822447390899999	5.8639456874	1.2366108061	11.0067589498	3.1692520419	2.4623697828999997	7.1405624588	9.6534997294	7.2048719629999995	5.8284319810000005	10.192320447	10.9247815089	10.5523460285	9.1728838983	9.6409231323	3.8234123093	6.6330296465	2.3961643259	9.9778294061	4.5555541199	4.6667444239	9.8065390292	9.8988605916	10.3382242299	10.205444952899999	4.4105221555	10.4856328021	9.7354024389	4.0951157799	6.421993474400001	1.6395986234	10.3203922379	9.3973485837	9.476967255	10.8906524554	10.416633339	10.5372430843	9.7818764419	10.5265837816	10.0517704537	9.840632400499999	4.9507960674	9.6709450536	1.4372590035	4.6094357894	3.7556489832	10.1322766449	10.591225288099999	5.6457722899	10.354001758999999	10.0489823182
FOXL2	9.8211734269	10.3352182946	0.38553189179999997	2.6745394080000002	0.6394637954	10.5759316829	1.0936072522	10.5340006988	10.3118276282	10.0249836806	3.7375610094	10.60850504	0.36517706590000004	2.7578555725	10.2121651076	10.238185511900001	5.0963762459	2.7873111603	4.8693785552	5.5527990027	3.284792912	2.6821959503	4.0382100386	2.7631234335	10.3314360835	0.44499174420000004	10.692682916	2.731470252	9.9677929002	10.643475005	1.7492225318999999	2.2296243014	1.3042732067	2.1229919066	6.0457192092	3.9517139252	0.543962245	5.615917819	5.2601557617	4.0936853586	1.8845581537	3.5985967964	10.6296045465	1.1739064875	2.7322349923	10.7497162268	10.548476489199999	2.9596324194999997	9.346104243400001	10.5036024185	3.4358527863	5.770543722799999	10.4930497727	4.1942441345	10.7410624123	3.2022449649	3.3496251351999997	10.3236588128	1.965771755	2.1030678653	2.5662194019	5.3690462285	4.7913138295	10.4508815503	2.4559045643	2.3897383681	10.456536505599999	10.3814282135	10.5123847199	6.3372283125	5.6700253148	10.527208678500001	10.7327840007	2.8643604239999996	3.1699221387	0.8844417721	0.45245230200000003	10.4801530402	10.2679681833	5.720258702100001	6.421993474400001	10.022565331100001	10.6667676987	0.8994609373000001	3.237488392	10.6077056608	4.3429113812	2.9151502322000002	5.6859102703	3.5879443279000003	3.3923643818	0.6785891520999999	2.0963434900999998	3.897807545	2.7890665669	3.1409783605	4.2478909241	10.3943039786	8.3508324939	2.7845553548	10.52207622	2.3080636733	10.546509995800001	10.3008732691	10.4118531325	1.6927391414	10.4296441307	0.36386205829999996	3.0565877526	4.6740608255	10.4032604601	10.5534474001	0.7699005056999999	10.4658533747	3.310185153	3.8494750531	4.7318750738999995	3.7152669031	10.706910413300001	9.748467446	10.6193162449	10.006637956	3.1786917938	2.3551007972	1.4224226846	10.4241159842	6.3798221997	10.5214549527	2.0836743789	4.0936078183	2.7812821329000004	2.2514802097	5.3663848518	10.286260147	1.9552723668	1.6573856921	10.4368855052	10.509642734	8.1044717248	10.387903803	10.0050016975	2.635067897	10.1752619397	1.7221144728	4.9562301675	10.4640382665	4.1691083285	2.5709799134	2.0387645501	4.5825174418	7.923220112799999	2.4541852518000002	0.2940023324	1.2323517936	10.3966557499	1.1398755857	1.7546924253	3.5224379411	10.525352096599999	4.1549050747	1.7541933184	3.5537576483	3.2922684232	10.7155183129	1.3057352244	0.6117231182	2.0599949884	10.4136006104	1.9786392900999998	10.4121913267	3.6249742322000005	1.9110332815	2.4887571477	4.2429897828	9.802845493	1.0113833332	2.4031740994999997	2.8800253157999998	3.4106202238999996	0.7102205123	2.1581905392	0.3760399647	9.965019229400001	10.1379783817	0.044786147400000004	10.129925890099999	10.5355232418	10.326068575299999	2.1714298354	10.122996907000001	9.439009971499999	10.4232161636	2.7183622466000004	10.1229284501	4.2141788965	5.0645986738	2.573685712	3.0901701772	6.421993474400001	2.9554337524000003	4.636403855299999	5.6453736103	10.1169467598	10.3938251517	6.5778057039	10.4963976829	2.5408734227000003	3.9504708292000004	0.9865615268000001	1.6541070663	0.5549715435	10.392300354400001	0.1845338993	0.9404533187999999	10.0794072362	10.1530588722	1.0844226818	10.2737033128	10.4655381627	7.3820498192	4.69074061	3.6984698626999997	0.7642128804	4.3311405570999995	10.3518237219	8.8091089584	10.346305007	10.219590671799999	6.1239665129	3.1763883609	2.0252531898	10.4815042213	4.6730673263	4.1264578726	10.712180955700001	0.5156323984000001	4.1707945836	6.421993474400001	10.8508889797	10.4591062391	1.1566860177	4.9779920819	10.578070905499999	0.5265653515	5.7876408438	3.2376983305	10.3168133314	10.390264764500001	10.256237563200001	2.6838199526	10.200722345	10.348999000700001	10.5217588156	4.310590775	4.9032606771	4.4095749245	4.7882483789	5.0183367162	0.9053150629000001	3.2998880461	4.0520973024	8.9943704873	3.6442923887	7.9441519219000005	1.5229770811	3.0499492444	0.3241700831	10.4774525213	0.5597491129	8.4647820198	4.1788141643	3.8966943263	6.037657144600001	6.5125967587	10.4275272074	10.628668962599999	0.7035318733	3.2429416580000003	3.8239787960000005	4.8204762855	4.322547516	10.4800853261	4.2641856548	1.6094410944	4.4065965091	10.359394653099999	10.825988013900002	4.8237424927	10.315582233099999	3.8072534087	0.0052041807	10.2878170146	2.4747971901	5.420334788	10.5000118289	1.1125914744	10.146036411499999	2.8008036895	1.4806441449	4.7634397674	3.6518398448	3.1677792906	1.3522049406999999	0.1167446374	4.089592323	6.7121330561	0.2107507536	1.9237463489	10.231861053200001	4.0423017352	10.1884509564	10.3328253165	10.062037270700001	5.4016969524	10.486434775800001	2.9054404132	2.150504628	3.8701454111	10.6064927845	4.1006375252	1.1642596675	10.5511132739	10.464643261	1.166299574	0.4372153378	4.6997875477	4.1520502087	3.8666570858999996	0.6893112788	7.212015590599999	10.6996443002	0.7721173248000001	7.0251206481	10.836318542999999	3.883091788	5.010559205	4.598869002	10.5542784726	10.861445350899999	4.5486011015	10.4939416336	2.7432623583999995	10.8507079317	10.1758772777	3.4812316320999996	10.2766955056	4.3356713854	10.548655597	10.6128109504	2.3898798968	0.40968349090000006	3.1642863439999998	6.421993474400001	9.9729482242	10.4833558855	8.3133386618	3.1090326566	10.044551729	9.9536063468	4.062783309499999	3.7865090134	1.7980412074	3.81593232	10.1824066562	10.582695001	10.3112387768	2.4072833265	10.7347298462	2.3512282997	2.5212219084	4.6200764397	10.228535150399999	10.2611220164	0.5994175725	9.8280511656	1.6063873480000002	3.4191719537000003	10.5040459507	9.9164273639	1.2181183891	1.1065060975	4.214073136600001	2.8201490019	10.3789818566	9.4424814878	2.2016749271	2.8181554330000003	10.3374553711	4.3273895281	3.6939865086	10.4225155071	10.4464865276	4.5266103527	4.9249167892	10.0505796487	3.64349772	3.3128833464999996	2.0747953555	10.458493000299999	1.6839517821	5.4302849777999995	0.0591950888	2.8383601600999997	10.2949160911	2.9564744077	4.5784373484	3.8934159291	1.0140658123000001	4.7823402286	10.865384505	10.4646157017	6.448435770700001	10.7215111545	10.5535704698	10.1570495466	7.0566938045	10.7043499471	5.797867311	1.6517214625	2.6266075093	10.5631612094	3.9235561592000003	10.5848680253	0.8328959295999999	10.5104195865	4.3940518409	3.2606607894	2.8419502888999997	2.7323402886	10.3475702139	3.8537015356	6.1837266636	10.3584134297	10.0073039414	2.1028407179	5.5913930326	10.6331153932	10.4871450625	6.134478023200001	10.5917132362	2.3646792756	1.3678403208	2.7340825639	2.2348541605000003	1.6415572479	2.6135528327	3.9116472537	0.5601973245	2.4178173587000003	3.5137582122000004	8.857559848300001	1.7400077812	10.627753497999999	3.1442231698	3.3265475672000004	10.2028429777	10.378254115299999	10.5924393096	10.1532407059	1.8995657472	6.1305522036	3.3601126463	2.3008821365	0.479474891	0.7541468648	10.291607291	3.9075644141000003	10.5260587814	3.7949576770999998	1.5412125945	10.5145622323	10.4347233552	8.882189163	10.447531490700001	9.076794919400001	5.3222293946	10.3141318263	1.9888926208000002	10.6335154683	3.3811931708999996	3.0323465524	4.8357786503	3.5895746004	3.2980120062	1.5886797861000002	2.2987303768	10.8831166988	6.421993474400001	4.3628062667	4.4625255149	10.5852629801	10.5621917691	2.8733033997	1.2278126571999999	4.47282741	2.3347691313	3.1540212229000004	0.7663520637000001	6.8830665314	10.3171776512	4.049339739100001	10.5807696474	3.5850547626	10.1089657648	3.598377915	1.2855520451	4.913257772200001	3.5808104564	2.8633732354	4.4107171251	2.9626031287	10.4154330342	4.1747557133	2.6073414039	10.33369845	1.4362882094	3.3972975781	6.2609358798	10.1410477748	6.592073506	2.9794350012	1.7608974537	5.6780665563	3.9452423862	5.0421017138	4.6317838628	10.4108373284	8.2404869183	2.2176051292	4.3940352726	1.3119588845	10.2640135565	5.445846434400001	5.7231903708	0.8727574852	0.6154960499000001	2.6985555528	10.1989982519	10.3857352076	3.1530731787	9.7016573173	6.421993474400001	2.4256792746	3.0215748145	2.9031516366	6.421993474400001	3.4618504168	9.8213441681	10.3518846913	10.4311058463	3.2020063532	10.5092955553	5.002763824800001	9.4527798904	2.6672022882	10.4011044482	1.6554049271	10.4267193667	1.4272368425	0.1426970742	4.5300252391	10.422442125	10.479974805	2.6701991916	2.4253958811	4.3593718574	1.9424355818	3.555084007	10.388451214	4.4980146082	5.880512854400001	1.8174099841	5.2199243343	10.3623289398	0.9447251144	4.3667624194	4.9026370803	5.6433733107	2.7930867507	2.8386937051	10.1820283277	2.2697638447	3.3840650637	10.776773354100001	0.8834568404	4.531125456	3.0126641853	0.5755867203	2.8701642526	10.455500154400001	10.1557624888	3.724419624	10.402597124	10.237821795	3.7641220282999996	8.9031592663	4.768305155	2.8111901651999998	10.365829099900001	2.1389302906	5.0356854677	3.1441615763	3.1767617884	10.2944467806	1.2667380646	10.0804669519	10.1510254933	10.2973357872	0.3172068795	0.44398819729999994	1.3922493313	3.8434051583999995	10.078483977100001	1.4884476243	10.5457900134	1.5428300318000001	4.3087544822	9.837506718	10.3671553304	0.4046097896	10.3547884665	10.5294403531	10.0716298678	10.1787597584	10.023658421	4.1823774682	4.4546127661	10.476129584099999	2.1682174978	10.3776939007	10.4017559268	10.4487569765	10.6597252015	10.2786921392	10.6291266832	1.7392176456	3.5007708789999996	10.3721053269	10.107727756000001	0.059802996399999996	10.1627832427	9.109662805900001	4.2370739333	10.7373720408	10.3239012712	0.516216691	10.2816471979	10.1601099257	3.1947677931	10.3372085031	10.1725017984	3.4768406756	10.558720554	6.0565779214	10.3736821298	1.3552357393	2.8666892420999996	10.2830553636	6.302807169299999	10.1081876989	0.5870235218	10.2311780903	3.1535330605	5.1897450744	10.5451060351	0.554172734	1.8815957669	4.1213798119	10.362990742300001	2.8646653075999997	10.7470519049	5.0460631492	0.8151013423000001	0.9979496927	10.3918175869	4.6952128217	4.0354434291	0.7656400861	3.3026584691000003	10.342425824	4.0478584676	1.3989635103	2.7746729393000003	9.4791562649	10.6325775037	3.1184597194	8.5098641741	3.3558349894	10.0581544029	3.7525882521	10.4640841267	10.2466966788	3.588708511	2.7898871382	10.4062076059	4.2274271488999995	10.5518024399	4.3885032837999995	9.1026561484	5.7049273712	1.5400999690000001	10.4028494946	2.2308993365000003	10.6654500337	6.351775705	2.8701983833	0.4858076575	10.3010696851	3.0309353332	9.4569165475	3.1233268572000004	2.193086372	6.0076657047	3.9129273586	3.9095228914999995	0.7800114209000001	2.9304734702	10.456640784400001	10.2804560328	10.8600722391	1.9745591328999998	3.9444979995	3.7161668655	2.3997527738	6.539037315700001	4.3731785445	10.444210286599999	2.9416002873	4.3945669862	0.0626230448	10.700543137999999	6.0384530305999995	3.794506307	1.2786506205	4.3784218019	2.8174942001	0.2729883609	4.1657644200999995	3.5197676774	10.68241194	10.5653087307	5.6942155401	6.8890640627	10.7814307943	3.5568261909	1.0999827845999999	10.1498441096	3.0843778357	3.4830979663	4.9965979719	6.421993474400001	10.6998353024	9.6827780731	0.8384026845	1.179663549	3.5847155526999996	1.8659542922	10.573161219400001	10.5594889907	1.5489942056000001	2.7393106792000004	10.6567506581	2.9767549181	6.856727713500001	4.3819873348	3.0408212664999996	6.793274521	5.489993071000001	2.4306551030000003	10.3613841413	10.3345158355	4.0571221956	2.649941891	5.2968525095	9.0978420205	10.941358985799999	5.5124630716	10.3967169699	10.088486495	3.0978919792000004	4.1332784539	10.7822516556	1.6440025449000002	3.7475655235	6.1230410034	6.421993474400001	10.2414923796	9.343664735199999	0.1735767467	10.5329407968	3.10605617	3.062150462	3.5973424031	1.7742657641	1.6169936294	2.1822409487	10.8196783691	10.400032514	3.9190338723	10.1940607134	6.284002983400001	3.5762742737	6.606741993099999	10.6044892487	10.4073328056	5.0426803557	10.6031153771	10.4624027687	10.3272728451	0.2140693088	10.5574414667	8.0093647153	10.1592081553	10.2528253504	2.0310137324	10.0993852408	2.1886131321	10.7049113145	10.216524875	10.195564644	10.3649981932	1.5053375388999999	5.5216545825	4.1577196388	10.306591491699999	0.9575956912000001	10.2719286936	10.4137693608	10.4285630329	0.0264274245	1.0012071437	4.8412519562	3.4385163199	4.7381664198	3.7645906613999998	4.2350196793	10.684973212100001	1.2771207295	2.5791045674	10.5739136517	10.319039766900001	9.493701741	4.0832608891	1.5829043108	10.7227483128	9.9505150751	10.3856109314	10.519463828500001	10.4582510321	2.4898747025	10.568527529199999	10.1562374883	1.8380663992	0.8712624587000001	4.7407749496	3.6391229506	3.508459629	1.3139157249	10.1616587663	1.5872578158000001	4.3866157163	10.747660587	2.9566431354000002	10.227450915599999	6.8506784487	10.3916345138	2.953101873	10.1710455887	4.1245879835000006	10.5214096038	1.4131017615	9.927778524299999	10.7063189585	2.2863885096	3.9945373213999997	4.8888016064999995	10.328708043899999	10.0836732883	5.0261593235	1.898676768	10.5166875433	5.7829810427999995	4.1414990471	3.8873233052	3.6561872765	2.2463360833	9.9893839234	6.421993474400001	0.798206248	1.1120060443000002	10.1120664561	10.293314318	10.7267056343	0.8829652027	10.663828384	10.6708613257	4.5620382762	1.6338519913999998	2.5601727705	10.5341951937	3.6073246313	10.3695782068	10.2316312373	2.0024547811	2.6273542703	4.6389183371	3.1822901710000004	10.278873365499999	2.6020193489	10.4127214438	10.1745277557	10.433847288099999	0.025336172999999997	2.250776982	0.4539199201	0.0848450208	6.305058950399999	6.421993474400001	2.4267724584	3.1233898852	10.136085036599999	3.3777238426	0.681601815	2.5768313052000003	5.2489754172000005	3.4834261087000002	6.1155387457	10.5853971245	6.4931994718	8.0061994363	1.8236464167	10.2867619789	4.301566525299999	10.4955337473	1.5511560721000002	4.8000336875	10.645229904299999	10.6996622308	10.4083116467	10.4326482287	6.421993474400001	4.0008446720999995	10.874414531900001	3.9584751406	4.2972265425	5.5346593041	4.493794213999999	3.2257821831	4.5911350554000006	1.2561514851	2.4788606222	2.4967993184	3.5707042861000002	10.6458263713	7.000624849099999	3.221551934	10.2651228597	3.7142268963	2.8755043377	10.4589323076	10.5877326601	6.2732191869000005	2.54573002	10.2882940268	2.3409485494	10.8841758678	0.3525093673	3.6534382207	10.4108386513	1.6138516193	4.7890723617	2.9378986734	10.6424036947	3.1917251535	4.8014775279	10.2828486123	4.8889103885	10.852016035799998	10.3330144994	3.4306428576	10.3823182477	10.7149884059	2.7272863269	10.4802988463	10.0793564766	3.1580509383999997	7.0019002789	3.5184328493	2.3660094927	4.4358006963	0.8989158054999999	5.398928250599999	10.2945489841	10.545989484	10.318174239700001	6.230461224500001	9.545785129299999	3.481006137	10.5328932981	4.9930444214	5.6223426197	10.575680546000001	3.2816800649	10.0258962225	3.4247527963	5.1550039036	2.0150989982	4.7311914851	3.2132428366	3.6036892815	10.5374753789	2.5919444944	10.335235106599999	5.4549117802	10.4975338663	2.8430848977	10.4636911227	5.0858584231	3.5308971305	4.4162233205	1.590117842	5.0554111925	5.1091663256	10.6602714878	10.6786486982	6.1950695234	2.0155623574	2.8302424385000005	3.6630874024	10.2433534583	9.994440797000001	3.9857050649000003	2.4953594119	10.3072971631	10.491776324	2.2879474162	3.4545973312	10.2757249437	2.0277970303	9.868520037	10.1005596079	1.2999430097	10.3196574813	4.7065558207	8.1018228616	10.624677808	10.5610364991	9.0146728357	1.9988724026	2.7763440826	0.8792066793000001	2.1922841858	0.43926748479999994	10.376751335	2.5362100144	6.8029993358	10.492314610700001	3.0134046977	10.6226779377	10.2285309143	5.637527459	1.6012262243000002	10.2469052215	3.4717476644	6.8100048585	10.5109422787	10.218383616	4.0369184937	4.608394494100001	4.4626985025	4.7164674423	7.379937926	10.692006125299999	3.0540708912	3.0759868126999996	2.8807526207	2.2645564211	5.6406534411	0.0323506397	10.4723850326	9.603969815800001	10.319655536399999	10.105766214700001	0.6400929123	10.6168786915	3.9144519323	1.7396074294	4.6118771277	0.7110623934999999	3.7183495695	4.451546884	10.7079567579	10.6782365705	2.0240936192	3.7816672442000003	10.1714351866	6.421993474400001	0.6121397096	3.3634293137	10.2825614816	10.471486004700001	10.0015755708	3.7364820269	2.2832699668000003	10.523597439	1.921585596	3.2284127652	10.5712477197	5.369165091499999	1.320241341	0.8981595393999999	9.793680209	1.3976818438999998	0.3920148998	10.4879545863	6.0553337097	0.7597957716	3.7520580506	4.9071947183999995	10.0257116843	10.0399288158	2.9422839941000003	10.4451196035	10.5049357365	10.055546414	10.4810895987	2.371958646	3.5795332266	4.3786393853	5.971147720499999	10.26344838	10.538045063	1.7457742641999998	10.4836596969	2.44076389	2.0245636355000003	3.0992330997	4.4233422774	2.5033324959	6.0337924061	2.9962661743	2.0673094642	10.348626473200001	6.4636893802	3.4916166499	0.35609550590000005	3.4406949212	10.499832737	3.3421537770999996	10.7362761708	2.3543844675	4.7692894844	5.738965787300001	2.1844009319	2.9484301468000003	1.8299075649	10.4286267155	3.1605253352	2.4352600385	10.493113059199999	10.3282464084	6.421993474400001	9.3069132487	5.1698311873	10.4833037794	10.2733594428	1.2423720878	0.2668064661	4.2755493019	5.3424101331000005	10.425958425700001	1.3379102443000002	2.007107392	2.808370173	10.6389522327	10.5020237339	4.5483279506	5.6022917403	1.6839352142	4.433619785199999	4.1702754906	3.6156528569	10.1527757984	2.2903070512	9.9709775179	2.6643587435	0.9328274897	10.373901354500001	1.6596191825	9.8740456019	3.5561815302	10.286237399600001	6.145948360599999	10.3539425381	10.7463251137	10.3539928398	1.0014305301000002	8.6205423301	4.059798165	10.121092325800001	10.3761525908	5.1636632299	2.2730192100999997	2.0611488323	2.2526927082	10.8851453963	2.7421671257	10.3609686931	0.3281342678	2.5857239522	7.3465929686	4.659730728	1.2888427666	10.2817251672	2.5126758554	10.003238294800001	3.6833703452999997	5.4655152174	10.4903656808	4.078841007099999	0.2149279587	10.4793958702	6.578509052	10.2585177102	10.7084261986	10.5131511414	10.5194035665	10.2294609648	0.046029952	5.6203505853	2.2631995637999998	4.6357793628	6.2589194009	9.7769640964	3.4878923903	2.1706155793	10.3085197165	1.8594611774	10.8513699265	10.7305272827	5.7045499271	3.5790044895	10.2072328883	5.3928193325	2.6395663758000003	4.1687946325	10.5301178388	10.968169800899998	2.6860836693	10.4350301852	0.0235028517	7.7897088061	7.0249878318	8.7137379465	1.5386410783000002	2.8237776017000003	8.6813312915	10.3737043085	0.846504823	5.4417263955	10.2049348152	10.405971108400001	10.6057725638	2.8443766527	9.5305214813	5.6748793614999995	4.6950200906	6.575400946599999	0.023427853399999997	0.11628091189999999	10.5924243926	3.1025999162	6.421993474400001	4.4055553523	10.7080343301	10.399506581599999	10.5909558162	5.8656810859	4.4703976078	10.3619721214	9.9258395865	6.1128947301	0.44270081159999997	2.5216437688999997	5.2238791639999995	10.148106184400001	10.3944216281	7.6849347822	9.8917783065	2.69481551	3.5069950555	10.2207074024	6.421993474400001	2.3515069874	2.7521918111000003	10.3199398509	6.5356407514	4.9351854625	6.9133960464	0.16963451429999998	0.6760142345	0.4543746916	10.3410216612	4.8721611969	3.1887160602999995	2.9127268958999997	9.9255308427	1.151879127	3.5183875520999996	1.7660974629	2.370400629	0.8124267689	3.7009019541000003	10.7293482685	1.1032362812	2.0728322422	0.20982020070000001	1.8754150856999998	10.5277855824	7.7457955177999995	10.2533917681	3.6193112339	6.144842917899999	3.2164573547	2.9240542856	4.397491411	10.2941817456	4.491287034	6.421993474400001	10.4236785707	10.6527558962	2.9593727992	10.5508170813	2.0358386291999997	4.538774156000001	10.4123121759	2.6788605708	8.4499305281	2.1622425338999998	5.5556338821	10.079595575	10.4644605514	1.085626901	2.3104635862	1.7153765671	10.3935301899	10.3552881071	1.2270788609	10.4962262374	5.2172432618	4.1743061077	1.5079533421	9.7251821687	10.4580420452	3.3836011651	4.9741828917	10.3340649851	10.0968387165	4.2615070195	3.8775719044	4.973897544	3.7276715869999997	4.9450527387	2.1818262285	4.793060622	4.4091880599	2.4675223407	0.7894053622	10.5279415311	6.5454358328	2.8497521257	6.8833681661	10.4335834412	6.8300895039	10.819200843800001	2.5236940885	3.6075444792	7.7456324974	10.5055218028	2.9856315554000004	10.2479827923	0.45425142630000004	10.3172426617	4.7043174281	4.5506663420999995	10.419605739400001	4.9592116328	2.1968830136	10.3563922627	6.327696427799999	4.7442588119	3.1460415814	5.6992166975	3.4105484312	3.3362256525	10.5211609071	2.3565432353999998	2.7493340935000004	3.1839921874	6.4699400815	6.5210383596	10.4628119538	1.3527301092	8.4710067284	2.2161253474000002	4.3065013297000005	10.3250596626	1.9224983155000002	3.7427027772000003	3.4716030025	3.9514094463	4.2695841754	9.9920374664	3.0323993545	9.7419907226	4.871851781	2.7098364707	3.3363278081	5.7694689061	4.4529199246	0.3016811279	3.1433198058999996	10.2435730417	10.2283587359	3.4681778576999998	1.8852600803	1.9603598312000001	4.6692026176	4.9782597291	0.6151688114	10.2720391393	4.1290618567	10.1538194906	10.0637051483	1.4438492137999999	0.4354412145	1.2718414398	6.5353062424	10.1620977809	10.4253380186	3.5998819748	9.651236519600001	2.3199804006	7.4783766475	5.188900020299999	3.1097510604000003	1.3498505603	9.9510895708	5.3808105246	2.018199041	4.5287328381	10.482608818300001	10.3610707668	0.9059630693	3.4528727523000002	3.4023397469	2.9239471630000002	10.017835529800001	10.1926352682	0.131821436	6.5238873715	2.3518361862	4.7812258311	3.6984001423	2.5018831523	10.2412090239	5.1710653079	1.8615636377000002	10.455843299	10.231843399299999	2.9984075608	0.5250604725	10.743986451500001	10.6812822509	10.567066945599999	0.8950177187	5.2116944079000005	10.2050142791	1.1077003433	3.3024666575	6.5413893384	5.28012251	10.5324868547	0.4480180582	3.5238833969	10.3991196765	4.1118635841	0.8914614268000001	3.7814148967000003	10.316547377400001	10.134605179500001	0.006948231500000001	1.5515408353	2.1293135300999997	10.5830547911	2.9587711366000002	3.9536104481	1.7039688998	4.6158021334	2.9339088594	2.3090962576	0.7434667649	10.809485006900001	1.882571855	8.5542565017	6.421993474400001	10.5560085913	3.9563814042	10.1866050804	1.7930388981	0.09464332660000001	2.7324131194	1.3052635769	1.4709916352	10.3413180141	10.250464238400001	7.3532999339	0.554894469	6.0624048754999995	10.2852082549	3.3326825089999996	10.443665639199999	5.0497299801999995	10.5427384226	4.8590878534	10.7161247374	10.8540642455	10.4406873234	4.0843170251	5.2636083288	4.6784250759	10.9150697239	10.5609490152	10.42521294	1.9059189994999999	10.682495088200001	0.8090585469	10.1461660528	3.3233448863999997	6.3872194437	3.2447461769999997	10.3881526125	4.8978581519999995	2.8631725514	1.1088600699	5.1754093158	4.4309043161	10.3139337297	10.685031029400001	2.6814317049	10.3949237032	10.1429400321	6.0741304665	10.5214331897	10.2752527435	10.0774285622	1.1047985893	10.339964560599999	10.472440534	2.849923744	5.976159237899999	3.295608842	1.8579923433	3.997304484	10.5361497561	10.4142888708	10.2151561896	0.20081239120000002	10.5495182647	10.5182016162	1.1656858986	1.0040839934999999	0.7335950787000001	2.9903938349	10.6601919518	1.8216473577	1.4602858253	10.6255189149	6.421993474400001	10.5406192414	2.1409623151	0.68260857	0.5500439723	3.8857623536	1.8322714777000002	4.8993247956	4.260973308600001	4.3345295324	4.8499129247	1.7093575889	10.3790914326	0.22213182350000002	10.431042678899999	10.633411732599999	10.2428695465	2.9556728877999996	2.9157006424	10.3599006095	7.0314366604	3.8998323188
UGR	4.9035663255	0.5517329631	1.9926434884	2.8109614808999996	5.4720650175	2.7336050301999997	2.4177619025	5.9667612377	4.1286405332	1.1115873090000001	3.4272769939999996	1.998882984	10.8847712343	9.3163342128	3.9129850005	1.9559653747999999	5.3147577320999995	3.1816435736	9.58591919	5.6978168068	3.6478935455	0.6146445133	5.362612187	3.2128478457	3.6671508635000003	3.0736954406	2.1109801475	1.8275301111000002	1.5996048061	4.5645323835000005	9.5647832513	10.867368988499999	6.439678194	10.0080693346	10.958635038099999	6.731220985399999	10.955239913699998	11.1573014342	1.4217116066	2.9498332764999997	3.5908623202	4.3637167762999995	1.0690209334	1.4724410761000002	10.87711796	3.3303577045	3.6342192079	8.2578114898	1.395074705	5.3058719262	0.043536755	10.3294050612	4.9320121488	4.5126986117	6.0900541509	8.987095642	4.4937011777	2.8572426968	1.2953534470999999	10.876236504300001	2.0513808890000003	10.469584247	2.8992719201	0.8856573284999999	8.833995079500001	8.859844432300001	2.3137829296	2.8187804320999996	0.9243106764	2.0829823655	2.4765359055	2.8091574429	3.5536613638	1.2340837589	10.4628417819	1.0916812381999998	1.6631532744	1.8455638248	3.3417572233999997	10.2955288727	13.0490957479	0.7640585748000001	1.7339124097	0.2024749835	3.5756015192	3.3184617720999996	4.0217256951	2.1347238989	5.2886670881999995	0.2557488482	9.5034353667	2.9226324507999997	5.0717952217	0.2714057702	11.1523578037	8.335570712400001	10.917857191700001	4.6309352857	1.5654696978	10.5977872662	2.2429274975	1.0122698744	0.569382938	5.3597753612	3.9910164101	0.4019131618	3.4163112566000002	1.6428703093	3.3584887970999997	8.210119478200001	1.9977485984	4.1972190162	3.5252896305	3.8655466904000004	9.8674693681	3.559406317	2.066201402	3.2248278761	4.1583125202	1.9404525243000001	3.8563447060000002	3.7884731679000003	1.3505383837	3.4949988608	9.984777317999999	0.4694860425	3.455889488	1.5743352262	2.0712512083	6.2419790047	10.1708370292	2.1205219409000002	4.1026267392	1.0403901903	1.9649522361000002	9.3754408647	1.141292833	0.7410605742	4.2465885228	4.5354677652	0.8856063706999999	4.4369488347	1.5410280558000002	1.1079940182999999	3.7657251607999997	3.7119866809	11.1229393216	2.7383557611000002	5.1550533999	10.7466348533	0.9044569159999999	1.4999047491	10.6828676537	1.7568448543000001	0.7142493793000001	2.4284816195	4.9676157863	6.0150116888	2.8345683959	3.2308465914999998	0.3526493068	2.2549192556	1.3081257312999999	2.3780611240000002	10.023683568500001	1.409227856	1.0706411094	4.6584380931	2.4642232861	5.3063656678	0.171700114	1.7089749259	4.1648033555	4.9782662511	2.952704025	4.0842523655	7.9155464233	1.3346646704	11.2568387479	2.5098159643	0.4475495619	1.1190715663	2.8534424619	5.0215380658	3.6390674461000003	2.4453130063999997	3.479667273	0.1697423023	10.5435261886	1.4560488494	2.1692587522	0.4562769064	0.35379352869999997	4.3061416821	1.0699298484	10.3643419442	0.0638055662	4.8839980369	13.0490957479	3.4473198860000003	10.6462438692	9.650389496499999	0.6368374746000001	5.0349305393	4.129206635	3.1243215549000003	4.4434259550999995	2.7396444394999997	3.5586212139	5.032573477200001	0.33489847170000003	2.3471762694	2.5267669688	2.2123310653	1.1777049447	2.3120954506	11.115323953299999	3.9692899635	2.5700415447	3.9110655649	10.362872131	9.226374572100001	4.2233711279	0.9656577309000001	2.0947300973	1.5800421594999998	4.6519233047	5.1582000357	4.2842246492000005	0.18606359320000002	4.7140371217000006	1.7747945471000002	1.8079598771	10.9636467427	4.7756184118	4.5701230904	5.9830371138	13.0490957479	3.4247375668	0.13215755099999998	2.7440267433999996	10.3610194962	3.8173085369	3.4407176112	0.760807494	1.4895025674000002	2.5759280621	1.8962505879	3.0273814495	10.871643168199999	5.4556549173	4.6284277673	3.8748796155000003	3.2092479108	10.6323178803	10.7014922162	10.97653019	3.2214386351999997	3.1709072498000004	2.0011149496000002	2.0231335293	2.3290299682	1.3395654995	10.167121231	2.2341642385	3.8335354007999998	1.9980715359	1.8914843400999999	10.5560963064	5.1048400479	2.8864602464999995	4.2030657832	11.952978398800001	10.6972496855	3.4501557958999998	6.7078565623	3.3175296764	9.938101702	3.0919536423	10.3112581285	3.6439549677999996	1.0691237148000001	3.8647929873	4.3282172921	10.5275149865	2.4707054400999997	2.1868206827	6.591183496699999	3.5841371683	4.5888791203	3.0067364432	4.2888345476	9.533829924099999	9.963762316	5.2969626961000005	10.3392925049	4.6913364044999994	3.5502846475	3.2315231054000004	3.3794135732	1.5852919632	7.2585583071	1.080251444	1.0010068999	9.0885108732	4.4416004408	5.117874502699999	9.6181152944	5.1216387842	2.2245186253	4.1054224223	3.2655131725	1.9967130687999999	3.2707968401	1.8229110745	3.2613023858999997	10.340452434500001	2.0951831588	3.7908226933	10.6308446456	4.7782505447000005	4.9972448899	6.0297398719	8.9932716976	3.5208306193	3.0869982099	3.2601977058	9.9527541991	1.2721644775	2.3927517088999997	4.0034726369	2.2218224465	1.213502354	2.9973510506	5.6302489934	10.6193681865	1.6170495179	3.1797888917000003	3.6492801177999996	4.5077701831	2.6403093561	4.4453181487	2.0092540274	6.060290589199999	0.5568354028	3.7307157576999996	10.772938993499999	1.7338629037	1.5920228028999999	2.2777592076	1.3392881990999999	3.0932962438	13.0490957479	4.577060600799999	0.5312137672	3.7199482272	2.5162827153	3.0504752224000002	2.2182673541	10.7290286683	1.7332691840999999	1.4917763603	1.3602291831	3.4111670141	4.0195385599	1.5305191417	11.087599878199999	2.9430897879000004	2.5805810822999997	10.806218906300002	6.4352768763	2.474591796	0.0119713149	4.802077069	1.3893806787	0.5842456307	4.405509287	2.0659560279	5.0435780125	9.2296729233	2.3472220317	10.8185543251	3.0177881842	6.4467614787	2.8308563504000004	1.8194423412	3.9817899743000003	5.2086401673000005	2.1492595396	3.6966169896	4.5360148808	0.7730482476	9.9241616008	6.3406497481	1.6961948787	10.4267729706	1.8846679463999998	5.4179046316	0.27006221129999997	1.8635579955000001	0.2872361553	1.7101826522	10.6942893228	2.7483260960000004	2.0080945855000003	4.5237032527	5.7504603099	10.5831701215	10.6653285954	3.7692724677	3.3752283787	10.7178758186	1.5734127843	2.3584858772999997	2.0130706352	4.268751196	5.0517243687	10.4765144485	0.1652549308	3.7225951706	3.1038327324	4.9995887938	1.8838471258	1.2526788294	3.182370985	3.0266161768	2.6467335332	9.2918784786	6.4718493572	2.8461703136	0.7333769062000001	10.3465203578	1.727371548	2.583444644	9.3428717097	3.5442474668	5.9083799554	3.7971569595	1.1013521885	0.9585990665999999	3.2930411304000002	0.6993394889	3.41202963	0.5151609564	1.8785494078	2.2482540656	10.2963388313	0.1637663345	2.2663626943	4.5273684766	4.0970671712	0.9674669718000001	3.0795961872000004	2.0524805449000003	1.9591258971	4.9748936632	5.483962046799999	2.9661064638	5.593616755499999	10.1839555202	8.2952758466	9.709949545	0.3895217463	1.9313404143000001	2.3090073999	4.5104058309	10.6369347072	2.9536822172000003	0.22264024510000002	0.8531361976	2.5486299432	2.7292135786	2.6823370615	4.0289926082	1.4122721469	7.9724643172	5.8118499983000005	3.9539852776999997	1.8405282097	11.3317042551	10.4126254878	2.6773912222	3.5612717676	10.924231537699999	3.2383220577999996	7.47077145	3.6486133413	13.0490957479	5.6871711553	10.4017132103	5.6747791732	4.5369980779	7.538711962100001	3.5435703888999996	8.4460477938	1.5630861849000002	10.5425653526	6.9838723239	1.5846680505000001	1.6848558795	10.8558251603	5.1843834558	10.340327777899999	4.3028698445	3.578161082	10.4305584368	3.1208288817	1.633331712	7.9636107784000005	3.6815724803	2.8191983614	0.9802171487000001	3.8447458523	3.6227661776	0.9670527862	7.224406759400001	1.7856720996000002	1.8297648518	0.7473094431999999	2.0282214407	2.0650331785	3.2623784044999997	10.2793682688	5.485392204199999	2.0111921255	0.5786806664	2.5431664022	0.38682636439999996	0.7015409278	2.3989762881	1.0586731401	0.4677958931	11.560594007799999	3.6473532711	0.7406378118000001	1.6968034641999998	10.5530625277	2.6954376181	0.803378403	3.5145226113	2.9706331701999997	13.0490957479	0.7864627777	10.3946389132	11.3674741645	13.0490957479	2.6612490791	5.6085333475	1.1043821619	2.7092788661	10.6192896459	6.249312449800001	10.2403426846	4.1964571001	3.3353903102999998	6.3395100002	10.5130491204	6.1397283075999995	0.7954972501	5.0898185918	4.7868999549	1.8381870300999998	0.5804874489999999	1.6369070774	2.1319476715	10.6482395087	2.2127715265	1.8683065283000002	3.2049043852	5.9011170927	10.6855634224	10.4982778823	0.4543140625	2.9079069562999997	3.1981894166000004	10.4144890675	10.7858811882	1.5630585949	3.1410288209	3.9371178436000003	5.9594773646000005	2.6731465180000002	10.3062997208	2.5297030748	0.8281242684000001	1.1804332669	2.2917488101	1.4440568115	4.0094600542	1.8439758472	2.3352725787	11.154644086600001	3.4504280623000003	2.6876832188	10.1430075604	2.6063332027	1.8093751378999998	2.8831849545	2.0700285622	0.1993201593	7.5429671691	4.3853949616	3.4179494607	0.7995178993000001	2.3745686761	2.4996165988	4.1839812600999995	0.6412326660000001	10.4278884816	1.3990252503	3.5602238885000004	9.6986501029	0.8602551463	5.755744015	4.3279825255	1.6724235248	3.4898897643	0.4792150436	0.5719170761	0.9517307615999999	1.3411719054	1.7257698322	3.73649836	2.9195005739999997	0.1330129283	2.6045841194999997	3.0023661708	5.2945814569	0.4017313699	4.902051512	4.6975721957	3.2797344936000004	1.1882429445	6.6444324021000005	1.0119657036	4.0090755287999995	3.1079997302999995	2.9164885604000004	1.2121746474	3.3494780304000003	1.4522877499000002	2.1472437952	3.76363958	6.345057777999999	1.6289569072999999	0.5509162002	3.9064202961000003	0.9846531821	3.9539158925	1.9264402266999998	4.2561355856	1.7225756233	3.0091213292	10.1794653596	0.8104412086	0.37462711020000006	6.0946089862	3.3228398512	1.4505314501	3.9313185793	5.7853523674	3.6381311639	5.4230952777	4.784799296	4.375471220400001	4.8591891306	6.1879126575	6.8156719492999995	3.9923632504000004	0.4860108732	2.9732483312	0.6173546852	5.5076810487	10.4209646827	2.1441238934999998	10.874334057999999	6.3325376781	6.428234525700001	0.902970268	4.8189750735	2.5942704631	7.9361970212	0.8644658470000001	1.2263487723	1.3759907498	11.341691588800002	3.9323865047	10.7471365	4.3953724928	3.2694080570999997	3.6349448839	1.7398291806	6.6055810561	4.3193966576	2.6118168972999998	0.9713634487999999	4.4900663163	3.4550918271	0.3861584845	7.842183277	10.5485042735	5.9140165101	0.3344158653	3.9446637565	10.9926273148	9.0443212967	2.4749799372	1.7533496202	10.6904130179	6.543371290700001	0.4079997363	3.373073606	10.9368439661	3.4778533196	0.6007216954	0.3831276948	4.6563961619	1.3433205233	0.8672372018000001	2.9990239958	3.9300881163	2.6533628349000002	0.6314747176	2.1058925073	11.018045768399999	7.9906391907000005	3.1147320268	8.7726662334	1.8486471949	4.551632877	1.0375284429	5.8260946626	2.2599697878	3.1809000983999995	4.8295215617	2.2527643474000003	4.4461411035000005	1.6507760876	10.986262166500001	1.9541075919	3.7309273803	4.0448078472	3.8854575301999996	5.0373232064	2.6144824021	4.2414324616000005	4.4712813378	2.6835175951	6.5895922781	4.4043281015	13.0490957479	1.4957225833	2.074288861	10.477946215	8.242530819	2.6938039608999995	9.5978731308	5.2958753906	2.8249127543	1.3624681666999998	3.2845211114999997	1.4180563999	3.7337201407	10.6263473334	8.2757881921	2.8309825635	10.43240345	2.9025159513	2.5003887834	3.5233880476999997	1.940233326	4.2322458171	2.0254873931999997	1.3627349231	3.7065275725	2.3274543594	10.5241409082	3.9092670958999998	1.134245838	1.5352196594999998	1.354382983	1.6902897741999998	7.1867098127	10.298878562999999	10.9717880045	13.0490957479	3.6676527728	2.0223738324	3.6253403394999997	5.054884549	1.3034409183	1.3615213196	0.4505180086	1.4971591744	10.1048753856	10.8707985566	3.5609776768	3.0745217719999998	3.3866951745	0.9425549497	10.860658886500001	2.5084073886000002	1.1900299063	1.8852925313	3.7364508441	3.3652254667	0.2798816449	0.9145247594	4.9052748772	3.5850481036	2.0049325667	0.9887377412999999	3.9697924676	0.0513646184	3.5697204260000004	1.5803183526	4.493184508	3.3807657004	1.8237155895	1.331791779	3.2895557252999996	3.8129229418	10.9506713833	0.1996218382	1.4996691049000002	8.165126256699999	1.5037913823	4.5523185303	1.9011651535	10.7724385656	9.979182529600001	1.3885914214	2.1089294054	3.7457274257999997	0.6843412084	4.761101792	4.2945888101	4.9310729792000005	1.5497185371000002	6.3841293933	0.8029830897	0.20927653850000003	4.4018749184	1.3415690072	5.4994385913	4.1080565506	4.3632039171	4.5441663113	3.4341482922	2.6651309032	4.0752646555	1.3527420258	9.7514506425	4.3893621965	1.6632791827000002	2.5852872062	5.3570839362000005	0.45960136100000004	1.4540232459	1.9503307186	10.9939964421	3.8388594488999996	0.9624783420999999	4.5432585542	10.2541719964	3.1085960894999998	1.3316553988	3.316168998	1.0246149881	4.0526548618	10.3264121324	1.1340239424	3.0188352053	2.5361992869	3.8221915700999998	5.3504204591	1.8481575951	0.7903727554000001	10.7611227482	10.2134814625	4.8631676094	10.4022272644	9.7202761926	10.663249626699999	4.5361725685000005	4.3087815662	5.4973058936	13.0490957479	3.4944327066	2.3943557225	3.1335531899	2.5694127724	2.760036948	9.4369341867	3.42311087	4.5296984386000005	5.465612364	2.3206475597	0.5392535515	1.0485089446	4.3276704498	2.7976526638	3.9993491605	1.9051308963999998	0.5007439099000001	8.9716672327	4.16982271	4.2526308878	2.2989485232	4.7488354565	4.5570970522000005	2.4711165040000003	5.436968949700001	0.8821394668000001	10.4544087197	3.3234714602	3.33415068	13.0490957479	2.242572262	5.3097050581	1.3590873351	5.951382336699999	10.5435227106	1.6911341521	1.9351798411	4.5656669945	3.6348226689	5.2604608404	10.9284121912	4.1286417506	3.9091448447	3.9466015745	1.855005288	5.6733379182000006	3.8748407576	8.9055576686	2.1210430571	3.3807927218000002	5.1834388626	1.5772356549000002	13.0490957479	1.4056118751	6.0273326133000005	0.1150299185	6.743495053099999	3.1728675227	3.6318605494	2.4348856849000002	10.1287172315	0.5279348657999999	3.3374852818000003	10.5692603041	3.1338786804	1.0176704218000001	10.361795857899999	3.5987191499	3.7118738162000002	0.8565279012	1.0042623424	3.9475290148	0.7066731085	10.9203440876	10.4370948825	3.4668922948	5.9280762869000005	2.0015961146	10.1809390003	6.180125737999999	2.7725804195999997	2.1235169086	3.3239012339	2.7538739853	5.6430279014	3.0908472338	10.763867935799999	1.3301616881	8.735569093099999	4.4116304712	4.3636696745	10.5421946742	3.8773614977999995	5.3661888929	2.5942337014	0.40024197770000003	2.9675174352	3.3143103529	2.8801355762000003	3.1946881274	7.680108349	1.7796408349000001	1.9292879402	7.687673315	4.2679643976	2.0542029703	4.8515199579	0.7238230011	2.6769609334999998	8.148314791	4.7396071048	2.8566578110000003	10.5817843224	3.134510012	9.978412138300001	2.9746941651	1.4954970098	1.5029534972	10.3486187562	2.8651422239	0.6541284596	0.7729756073999999	1.9230699941999998	6.7365288116999995	3.1764102981	4.8566951497	3.6919712399	10.2245120364	3.1867687127999997	2.6109352085	4.3963345435	10.5901733857	2.9541591501999998	2.2421251022999997	5.598763389099999	4.1294753537	2.4025732498	1.5826591204	0.2989941558	11.1543293597	2.4831786381	2.6752678096999998	1.6349935375	11.124052974000001	5.2625010337	4.5923980405	1.9987223471000002	8.7653820324	2.2783619492	4.3298791869999995	0.141009654	3.4728045870999997	2.2125498593	3.4978467307	5.3317132416	10.9589723355	3.3979423137	2.32237413	3.3573096662	3.06643911	4.1998660247	5.3599389711	3.9847031842000002	4.3898172495	3.819489191	3.9868499288	10.673794233099999	10.6140209223	1.9084508768000001	1.9194216987000001	4.7741940469	1.4655998844999998	10.9735505538	0.4942304714	6.3464371166	10.7594001684	11.1433452304	0.029502055899999997	0.7088521058	10.6129632702	10.6660909464	3.9429720660000003	5.6266213697000005	4.1506153824	3.1616361580000003	7.098333154700001	6.4964464146	0.2858846161	1.2578278506	4.0134239835	0.2152654401	3.6363942374000002	2.3543303469	6.3819607997	3.1141617639	4.3368410037	5.016165389	10.888398725999998	2.3542785896000002	2.9706583071	5.0222955385	9.792599128500001	1.3216732203000001	1.8744339427	0.3482263168	10.7505530822	3.7361560368999998	6.6107554315999995	13.0490957479	3.6309411416	1.093001583	4.5573669414	3.8845318117	1.51411961	2.4305171627	1.2417624826	4.0307620019999995	0.8200630231999999	0.7185189388	3.9859451188	2.9935130368	0.5026952607999999	5.2484855628	5.4561790944	0.8333258765	10.1535453042	1.8097470368000002	10.458566291799999	4.1075980352	4.9708348843	10.095819	5.2016068423	1.2387942076	1.8958916128999999	5.1787217938	1.8944852815	1.8107437271	3.0799573551	11.181468219500001	3.1145081961	2.75095324	11.1331756054	4.552599525	4.4617604265	1.9791100121	2.1665532682	4.1860230718	2.894620153	3.8435795220999998	0.8795233978	6.1068449276	4.9488825077	3.8193399966	1.1184427918000002	3.6368525627999997	1.1351601363	2.0174914456	2.5669402191999997	3.8449695663999996	3.8819234216000003	10.7718726038	1.6640180815	2.5106627886000004	9.5486781297	2.0948305647	2.9118565439	3.6783389185	1.4285525959999998	0.4249676553	1.8691288836000002	6.3433525889	3.2438627623	1.182926879	13.0490957479	2.5230857916	3.0181310875	0.9013034535	1.9310041313	2.5412441389	9.813569794600001	5.5859941925	2.240754953	1.2592010327	8.2924370873	3.1795436682	4.0680415237	2.280489119	1.6572524443	1.5988653869	6.6105551748	4.0947859563	10.6891360662	10.571124969400001	3.412725154	2.7592915021	5.1529042661	6.1084858325	9.344961767100001	1.4386140136	3.6637524183999997	0.6863342104000001	3.7219675256	10.902577649100001	5.0870289988	10.86610893	2.7621805892	2.74847183	1.0898535763	2.5109288239	7.3825960827	4.4220848847	5.3781842089	4.1706683912999996	10.519447062100001	3.0432755832	0.5866563513	7.9021967834	0.5246992214	0.49774941100000003	1.8233624038999998	3.1031142569	3.1735806937	5.435001105	3.7871768302	4.0537014663	3.8996504512	10.6482338034	2.1996333024	3.1919049789	4.0006572476999995	5.2217792568	3.3177052392000004	3.3854318436	2.9997593045	11.067229111600001	1.1739320604	4.9626208169999995	3.0745173569	0.9737170564000001	2.4749000367	0.6485510018999999	5.9228100577	4.0897021607	1.6046208916999998	3.1566551762	0.5978385673	5.060742931	1.8812773798	0.36807984	3.1237002848000004	1.5874964683000001	4.4968482268	2.4100385464	10.440142428	3.8031195298	5.1940348297000005	9.6728709121	5.9982764446	0.6215854205	2.9605795091000005	3.4534271372000003	3.7052829188	3.6778017287	11.0330226508	0.1524189005	2.1361350211000003	1.5254057878999998	3.1393728735	3.0776669208999996	1.2331408689	3.4258874949	0.48210465939999997	6.1234677927	2.0970131719	1.2701269119	1.9269110605000002	3.9188719858999996	2.8085068259	1.7263150722	10.6003243621	1.5262647861	7.8928734897	4.0194878892000006	7.739315078400001	13.0490957479	5.4471898849	3.8808236345999996	3.4678597477999995	0.992757655	3.5891493745	7.128366639199999	5.1691468754	4.2681420032	2.1664319387999997	6.0487586091	9.5795620901	9.2191238009	3.7065198982	3.6120814846	1.3422506616999998	3.0616326772000004	3.5395679067000003	3.5580079547000003	1.9402665866	13.0490957479	2.070879969	3.1390957351999997	3.8260066372000003	11.179387481500001	0.8424469448	3.0253606833999998	2.8916181842000004	3.6820256099	6.896069294299999	3.6183404406	6.0278100567	3.818250827	4.2241253664	1.491976189	4.1777558557	10.441316607000001	4.4674183173	1.1283592229000001	0.5805529501	2.6395452966	1.7363806801	3.6519087425	5.3269566959	1.9319732338	10.930433815699999	0.420426636	3.9071597288	2.1270370183000002	3.1195143842000004	4.2091542177	1.2182889944	3.5414979544	4.1754673129	4.7553451427999995	11.2261904701	13.0490957479	6.3783274013	2.4889981508	10.948418410999999	7.0715020509	7.2700101557000005	5.5727250827	3.6166159592000002	0.0961213489	2.6171371468	3.7542131762	0.7304053144	1.4454132264	2.4844805599	3.0885175282	2.9828093624000003	11.075332185899999	4.2144896055	2.189825918	3.409182118	4.4612935363999995	0.9266966211	11.1009458696	1.2993760435	3.0526384325	4.2702849894999995	3.4611100126	9.5849177125	1.7971095077	4.820896026000001	3.0945008475	3.3836682816000003	10.1723800675	3.250049979	1.7573475886	2.6806430277	4.426944009800001	3.1791451443	3.7095701201	1.045710257	1.3281820382	10.853275571	4.2082725501	0.031492657	2.4043789088	11.2570646803	0.24930412010000003	6.153857459299999	2.2397171978	3.6715939519	0.007496445500000001	10.5996256636	3.9215255794	0.6436784286	0.7574994231000001	5.1796973993	10.9718590361	3.3135361091	10.9771549018	1.8254503046000001	2.8742822525	2.2186993101	3.4029834326999997	2.8252627792	10.2210574552	0.7309697226999999	0.09949729210000001	2.9356470838	3.9739250624	3.8663932295	10.23335339	2.4768636481999997	2.1358398891	1.1145400395	10.0611300574	4.2426982875	3.3084614402	10.6460115645	1.2878794001	4.5698559563	10.5186416155	4.2661146205	1.1189051567000001	2.4242920350999997	1.6246975125999998	10.890053149000002	1.7657741426	11.2267623553	2.5808441599000003	10.7418322306	4.0347514639	10.6336016583	0.8087307582	4.0011476624	1.4844115219	1.1016099714	10.3795376086	11.0366674775	10.467047059	4.3262707881	3.8277718027999996	7.15329587	2.4334777266	5.8943117838	1.3264160245	2.6136577151	0.6813157163	4.5062164069	5.0113814906	5.5681699033	1.3891459418	1.4980921765000001	10.893195372200001	3.1951488531	6.3211130528999995	1.8429516546	1.924780062	11.0557538017	4.2678274875	2.5972888515	1.95795175	4.631435166	1.3538425800999998	4.4288503063	4.2240405913	10.8762644066	2.9664424873	4.7590606857	4.5382733668	3.357849015	4.6869727457	4.4498343287	3.1315593929000003	2.0094231299	10.3708671213	2.9150519197	3.9324358383999996	1.8946650103	6.213448865599999	5.5265230422	4.9640015991	1.847451661	1.6965095769	5.441501767799999	0.5348875395	3.6797470522	5.8536072787	4.6300351837000004	10.986912954200001	0.9317114947	2.3677879335	5.5353823489	0.4310234744	10.642958992899999	0.8681497259000001	8.253968379	4.4518129873	1.3034144811	3.5566511744	4.9442446302	2.1800655503	3.7602992255000003	1.2442101728	5.9705596307	4.6618921258	2.1894107755000003	1.2054938032	10.4495863919	10.8334917988	3.9415128145	10.8698397147	3.3705669184	2.4401764031	3.9044059057	3.4158144654	0.8481704955	2.0016672112	13.0490957479	5.5698100889	5.041051480899999	3.7230184586000004	2.6167249882	2.5899126462	2.2486981274	10.869842948699999	1.0872314140000001	1.1868003446	2.607337208	3.0450214044	1.8577016617	10.106773174099999	2.4642580727000003	10.3235073835	5.1544242811	4.6496653453	4.4774324762	0.45773719560000004	1.8450863968	0.9281595001999999	4.607471052	4.0514967826	10.481485576799999	7.3353243457	3.8207070325	3.2732880986	1.844581105	2.0889314361	3.1327994191000004	5.1178274535	3.5089340944	4.308476944200001	10.953953309200001	3.0778381292000003	3.0946356329	2.9568418063	11.2879136234	5.0749785355000006	1.7998537702000001	4.6247335024	4.0464188471	3.9628845737000002	11.506720952	4.3422250244	4.777202214	10.8515005625	1.1972130828	0.8945332709999999	5.1275671156	2.5763910649	0.2454958132	3.0502734895	4.2574552959	10.4805989314	4.1575884572	2.1940797346000003	2.8497686145	5.6109077241	1.2894174111	4.9169570691	1.5364005731	5.1541135538	4.0120568388999995	2.4741637382	5.3306124636000005	4.4682781892	3.0388663538	1.3505901737000001	4.7482211969	1.0444458325	3.0603658704	13.0490957479	3.7601477849	4.552337823899999	5.53723628	0.0555339586	10.2193423738	5.0236646661	9.0665055887	2.0142113662	4.8265913542000005	5.8992699168	2.3207873597	4.67318564	0.9520286735	2.3384865604	0.6323435423	3.6240100917	0.3632051105	10.6878970297	6.382201136	0.037020942599999995	2.4652077
SOX9	3.5082948693000002	2.5006352756	9.8608267717	6.9814795212	9.1831227885	1.8605409332	9.6834726694	4.0382817682	1.0770985089	6.0277537112	10.1290080277	5.868974536900001	5.5932700038	6.1399799546	4.8786875072	1.2345825044	6.956135793600001	4.6451279668000005	5.560790427000001	3.507278658	9.7849038313	8.6047139585	9.4586875601	9.3729142336	4.905379838	4.3416606109	2.2860175949	9.4613338565	1.7116090592	2.7828664473	3.5291082981999997	2.74331802	9.856290578	5.0019067271	7.176725113400001	3.8225665716000004	5.3676168578	6.1282291755	9.5714359799	10.100617530900001	6.1144255332	6.0161021336000005	4.5156449192000006	10.350360779299999	4.0287500416	4.2881185320999995	3.1142836401999996	1.1382426825	2.4422406936	3.3256194219	9.3866447889	3.3272136910000003	0.29643284129999997	9.5537953796	4.4772968398	3.4684443366	1.5968099187	3.6014337889999997	0.9328123172	4.7795499372000005	9.438526814400001	1.1916018528	9.466028871499999	4.295229476499999	4.5457242066	4.4666153206	2.7474323552999995	2.276070758	4.5576760617000005	3.2659448749	9.9105104666	0.8221965318000001	1.6774148671	10.105230042899999	2.5053081731	9.4542022271	9.9425654055	2.2752431509999997	3.7305020932999997	4.6950348707	6.421993474400001	3.3989786913	1.0559600448	3.3664341516000005	1.033113553	5.1287201939	0.0793342485	9.8399343758	3.2593423930000003	2.9094182099	1.5381429237	9.9707800115	9.342959707	2.9593197854000004	6.2697073108	3.0769419556999997	3.3740327149000002	4.6145473538	4.3444415665	2.0621317528	5.8097571314	9.6852299961	3.3958586581	2.7667337858999996	2.8109872826999998	9.8031845324	4.609575020199999	7.8594074272	9.5991804137	4.458872233	2.164041855	3.6470752354	2.7754829576	2.0547583333	5.379306188099999	6.219471963099999	8.276529736699999	9.773212012	5.9027418195	2.4521132897999998	4.7206834824	3.7857182520999997	10.1280009205	9.8027821632	5.3844995159	0.30424169100000004	0.7024353061	1.1842521489	9.8658102725	9.4025943779	4.3432765646	3.2216578805	9.5770932849	2.4147259816999997	9.223334594299999	4.7824344319	1.0236156228	0.3131412252	0.0996233637	5.0581399427	3.3150411014	9.749977602000001	1.7805113716	9.5857411553	2.5549583368	3.1403104502	5.379814043	9.5575543538	0.0372582942	3.2410952397000004	2.1586799703999997	10.002159580399999	1.5224369137	9.865818893	5.0469345219	9.254073460499999	6.425455424400001	1.6691318351	1.4588756988999998	3.7927026064	9.49825976	6.1413351091	10.5620401171	0.4220928389	3.2533579181	3.5221795004	9.926152706	5.6054872597	9.926818407699999	2.1969446239	10.123107517200001	10.1746145056	10.0143447683	9.7002942843	4.1998695635	1.1180529751000001	5.3719249812	6.8478444110000005	1.5996084677000002	9.554030706499999	9.9365429283	9.7538040529	3.1892782483	1.0349156931	5.134888152799999	0.43927043810000005	3.9466705513	4.0416209287000004	2.5916086653	4.4765217533	4.6540306537000005	2.5342507465	9.2897799074	0.1347679739	4.6241196605	0.8312866086	2.8854304148	3.4472276975	6.421993474400001	9.5925923995	4.1360987257	4.5340461441	4.4039127641	4.716850242	4.2575431341000005	4.470154996000001	9.7736164337	9.8733884416	9.4514341408	9.7520765676	9.730414956499999	5.3396478569	9.7854370854	9.340738670599999	4.2593758811	0.7684004738	3.6888632045	3.3788111468	3.0166169394	1.6606442362	6.1767133726	4.2044457861	4.4000379325	4.1684645079000004	3.7787970684	2.2687848353	2.1066427522	2.3502388326	4.1837426276	2.1852444774	4.4141550148	4.3500783547	1.4295582204	7.492965203400001	4.6300598576	9.334305693500001	1.3135557139	6.421993474400001	1.4807545616	1.1790562708	9.4824909404	3.4524434042000003	2.9413729954	9.850374335	3.8032954245	10.014025992999999	4.6596434161	4.2615177943	3.7147335297	5.7146824538	2.9140625102999995	0.5983617225	1.8578613568	4.9687602562	5.597007776	6.865617751499999	3.5982357138	9.7724740391	10.0157514664	9.1869270914	9.386780807300001	4.0257476103	9.247344567	6.4868767091	6.6854048039	4.0318690189	7.624667865499999	3.2013298742000003	2.6549908612	1.2159024502	0.3544786572	9.9825997826	3.0795645923	5.5899489823	2.8501876125	0.5552352119	9.8018865607	2.9677246622	9.6590007125	3.4366223688	9.4719647839	5.973739384500001	1.826404124	9.9868852757	0.7255288993000001	5.689970698400001	3.4906154724	6.6346940521	2.6331772611	5.7722164526999995	9.753789040700001	4.8796339745	4.4190327439	2.6364595784000002	4.4267899081	5.3121874041	2.7543733689	9.5225640643	9.7340310046	8.6120203552	3.8786173481	4.0811974335	9.8418920094	9.8666702689	3.1828358244999997	4.1130432205	2.8619856532999997	1.2469937417	4.7304124978	10.1266517136	0.3104930382	5.8130988834	3.8904937655	10.0747360945	4.4699686647000005	9.523902057699999	0.6832436767	10.1477067574	2.1034922052000002	5.4635533684	9.4763088072	5.5910412249	0.7136061853	6.6249756012	7.488777773400001	9.5812040962	9.5973000577	5.4417483286	10.2824463955	2.7876503608	4.3354241908999995	6.1671686287	3.6910608148	3.943516348	5.4213695414	4.9507142268	10.1283662879	2.2882895508	4.4299294069999995	3.7645123986	3.2641068022	10.022173670099999	0.2010973416	3.7366135736	10.114598909	2.177160383	3.9026157852999996	2.0280122127	0.2280209501	10.0999259351	10.1854248635	3.6210344914999997	6.421993474400001	0.7107576526999999	5.9345690627	2.0098885352	9.4685683235	2.8159071725	6.8212486687	4.2076419051	4.6534631922	4.0038512107	3.0600910212	4.8474923429	3.0223109492	4.3828850289	3.2581173958	3.0256361802	5.0853408566	3.0558933147000005	0.5317571638	4.1908489391	1.9067977101	9.6934407166	5.3651180022	7.8102544258	2.2877021015	2.332674528	0.1908893861	5.0153414057	0.18422112489999998	0.3542585537	9.6600623492	2.0927096809	3.2830140358	10.1263102477	3.7660342729000003	2.0640476958000002	9.6587049975	1.5934921841999998	1.1088800481	3.8149430233999997	1.9461720597	1.7950311688999998	2.4763096967	5.265555011	5.071680938	3.0495548289	0.7857255689	2.4006286671	2.802283964	7.0390808696	5.2389837822	3.4427643601	9.8927406248	1.196096236	5.8954112897	2.9247463397000004	1.5835350531	4.8049677695	2.4037964411000003	3.8733016017	1.3577468525	3.3967798919	4.0961680814	3.9309397518	1.0898289168000002	3.8186560218	8.289470121699999	6.4502075286	3.1085779347000004	9.7377207207	3.5854906475	9.5288718271	2.5822766459	6.9549074292999995	10.1205697016	1.6126319887	4.293504209	1.4043726262	9.7168491087	4.3625342056	5.512205496699999	3.5702766627	3.3439730122	9.9912036502	2.554724841	1.9301227687	2.0932874072	2.7945279304	7.4007112513	9.3999719955	1.0994002312	10.0412979499	9.5995977553	9.8932877779	2.2666283934	9.618508666	9.7264290739	9.4508698179	4.8113261389	9.377363818400001	2.0759900912	6.6047454637000005	6.0800297528	4.4307806924	3.647908189	0.1539029339	3.4721610965	4.6854394357	5.2809027563	5.817533780800001	9.6645085026	0.8216580028	10.0640734486	4.605412094	5.2832511396	4.9030053402	9.8883821245	9.853719739299999	1.8442546706999998	2.9002920832	1.281415646	2.3163666684999997	0.20836017780000002	6.5033788673	3.2842603195	9.9238593576	4.4941125639	5.8127847828	2.2016810509	10.0283285198	9.4976541034	5.986008505	6.6820484828	3.9830988448	5.039944096	6.421993474400001	3.8140621937	5.165726529800001	1.5730525115	5.2251007612	1.4439092463	3.4081771234	6.2249980713	2.1976772561	0.5071452261	3.1441164101	5.659033464199999	3.1452313019	2.4155296602000003	3.4248787839999997	5.7513716002	2.1877155840999998	5.693472824500001	0.4910313212	5.3680978401	4.7845287039999995	4.4851394010000005	6.1170790985000005	9.4266603541	4.4565556441	9.7908894953	4.2858650305	5.5477686007	2.7263374172000003	4.707267970899999	4.8518169517	2.7767860772	1.6071484309000001	9.555020369400001	3.3591359848	4.9576694015	9.7671890014	10.1614612379	9.8650006956	4.0434638033	3.4122710825	2.5426588154	9.0662719593	0.4132143296	4.9523886044	3.8446441164	3.7048891924	9.857124042999999	2.105419666	3.7114556266000003	4.2179993891	3.1963811069999997	9.467897497200001	3.7390643166000004	6.421993474400001	9.4904451449	3.7623204729000004	8.2146343857	6.421993474400001	0.8817849031999999	4.6181768295	0.17675502010000002	0.9391114659	2.6586589959	4.4808839072	3.0646788751	1.9244162629	9.6970213149	1.5002283406999999	5.612088260299999	2.3855547112	5.9739594281	9.5171091766	5.6337287222	2.7561109154000003	3.1210236473000004	6.2991406152	3.676151045	4.3596905069	10.038413569500001	9.6097571677	1.3252430725	2.2481014058	4.6705861323	1.2448802946	9.512162987	3.9770487101999996	9.6116153193	4.0711684771	4.2839831739	10.1703134458	9.6318349434	5.7035102444	3.9756209817	9.551622283	4.3654718004	2.5152470391999997	9.9834148728	9.6559868301	9.901539147200001	9.3896601559	8.4920354264	3.0152121477	2.5958866871	4.442711277	3.3738224092	5.8436135523	1.0137772882	0.7725370399	5.1652865891	3.4649104824	4.6748012064	9.885112250599999	2.4894954701	10.1698445187	9.672428802999999	3.0720400245999997	8.5522658373	3.0220445005000003	0.201989107	3.2431699419	1.5525332371	9.9105668065	9.4103442737	3.5600681169	6.5597812025	5.554294240599999	6.7293039729999995	9.563014945499999	9.8369264475	2.641319315	7.302479024099999	0.18056874679999999	5.8728401373	2.6494554762	3.9397970844	3.8817197945	2.1597076157	8.209653425199999	3.207375355	2.0319283365	10.299957191699999	2.7024302354	0.6775739440999999	2.9138880864	3.267856456	4.2504539132	3.7086866394999998	8.6659956842	4.4101216943	5.058057248	4.6521848530000005	4.9262803198	0.6064352364	2.9649983116	5.2569804349	3.3995569351	5.447206789400001	9.7029705097	5.1015127428	0.8345768909000001	9.963440072100001	3.3918241858	3.0589729001	9.830847626599999	3.4974711317000002	5.1852128137	0.4659485779	4.0639953986	10.0672440619	1.2210484665999999	1.3148320756999998	2.9166695413999997	9.7434746199	7.02019928	6.5077971268	9.723118711	2.2509020841	4.1029482287	6.6940237079	2.8576575547000003	2.2002578227000003	9.7910420521	0.5048142972999999	9.6187254056	0.35236346350000003	1.0483467697	0.8056665791	5.3735776646	3.8276957941000003	3.7418038722	10.1551037879	1.4517729018	9.5951123643	3.3017907760000003	4.8920878821	2.5274030941	3.8033024267	2.7695710247000003	1.49481836	3.5631663523	3.6889082145	6.606087304600001	1.7850695281	3.0752056152	4.6156491567	6.1111532665	3.7690625145	3.584206056	5.584342958400001	7.773502978300001	4.0933053607	1.7667155084000001	5.3137533327	0.3720262876	9.6194295239	1.6863042830000001	4.1314667074	4.01892153	1.7462738863999998	2.4794213827	5.681276903300001	0.9577528654	10.0451152209	9.9692734601	5.122337348	4.3674493892	3.8947531398	9.3116093323	1.7417511089	3.7979898366000002	0.0259005541	4.3216349674000005	9.8955458343	9.7318643351	5.759330386599999	9.7887464762	4.3746661305000005	5.674271946799999	4.3348027243	4.4027632521	9.9396959823	10.2256604566	1.7302849027	3.5363049633999997	9.437725634	9.8227643472	6.6221189645	9.9561904343	9.6908012365	9.6784709222	4.1183064099	4.3596804459	5.4071499346000005	1.8404208553	5.2662320673	2.3028181009999997	9.6215634531	9.5322416527	4.8936102538	9.3883406251	2.8738665693	9.678181536	6.421993474400001	1.8958830309999999	0.19719633809999998	7.0912695713	4.3832521566	9.4940118018	2.7770855312	2.2546929082	3.9355485774	2.5053715575999997	3.6374713805	3.9337620355	9.8804074578	1.8247888758000002	1.3285152381999998	9.995764696	1.3131032247	5.454385266799999	9.8634986717	3.0176391548000003	2.8455036375	9.5021637633	9.5231826269	9.6525997156	4.158323435	1.230670643	2.7607071491000004	1.3462337719	0.2899258189	9.6353458029	10.0706710615	0.36741910299999997	5.0807244097	4.6159043443	0.949902166	6.421993474400001	5.186146498	6.002019564299999	9.6314651066	4.0045899942	9.2699995351	9.9140622836	9.8872373531	9.7460110868	6.2573166859	4.2798779206	1.3528985376	3.9229034399000002	9.3249597976	3.3445918195999997	4.0117383201	9.957447371	3.6877747662	3.0896929370999997	4.4614729532	4.8522093020999995	3.2042707898000002	4.4927618954	2.8654177513	9.6772381549	2.1089133627	0.6409603536999999	1.9632567283000002	0.9027323955	5.6337746353	3.1330030795	6.2156962562	4.4691769354	6.0265942629	1.8288745772	3.988435175	3.9243683380000003	0.13773337970000002	9.9291241712	4.0433846557	4.0857968379	1.884830671	2.779923492	2.9163712325	0.056405520099999995	4.608090643	8.7978266883	8.566307652	3.977516195	9.4073472028	8.4640279638	2.571188815	2.4455113895	9.149742138999999	2.8027741518	4.7533912557999995	1.5001364725	2.9463919456	2.8321818499	4.6277197464999995	2.3701513161000003	5.3412524732	4.4579195339	2.8642010304000003	9.9406773537	3.6298680877	1.1857041436	4.1529547496	2.9490252321	3.918269495	3.0924314642	3.6760665366	9.9127956464	4.6285958832	9.4596934951	5.008107482200001	2.0379235659	9.7515307274	4.4945665393	3.4341840884	2.5961645168	9.933641594600001	3.533054486	0.4149719019	5.702225151	1.5631652796000002	0.9343612781	0.46574759270000005	9.4787406476	1.6532866083000002	9.737865087100001	4.4020983158	2.1697530488	5.3077356849	3.5307746196	1.44425905	2.4771240159	5.4927387326	4.5598363826999995	8.6175492714	9.7605592767	3.6676605364999997	6.421993474400001	10.0153704879	9.544988024	2.3425030754	3.7561854095999996	3.2929602778	5.861708115800001	2.8318655669	3.1859336966000003	3.4498030431	7.5305555586	9.662507355199999	1.8545668446	9.605393091	2.5016389987	3.5207542138	9.444905632000001	3.6936974679000003	2.4430053197999997	10.0200885239	6.561503915199999	4.4641509217	2.7191427857	1.578202731	4.8667574694999995	5.8741660112	1.4708492544	4.1394918527	10.0630332163	4.2448810607	6.421993474400001	10.098181617	4.2811205945	1.474742107	6.077678109	3.6315001456	9.9943931094	5.180019563	4.9285971472000005	0.8107166803	5.1135817994	6.338908881699999	2.3698449058	9.950968221	4.013123967099999	9.623010669700001	4.6817808433999994	8.0751590384	3.7085418504	1.609286875	6.771546213	0.2988500021	3.3896831145	6.421993474400001	5.0632723707	3.3560176887999997	6.931149724400001	2.5683356053999997	9.4459639361	9.2466508191	6.4283330811	8.5125892603	5.4128993021000005	6.5678263381	4.0119537954	0.6778463954999999	2.6702541709	6.7891395411	6.147799067799999	1.2544484412	3.5591718051	4.5824922401	5.5130706875	1.9303217997	6.4211686187	5.8265351911000005	4.4175690963	4.454180806	3.7605606585	5.786379345199999	4.4713056213	0.09772420050000001	9.8990198459	2.7956454616000004	10.208275665	4.3395578991	9.6522943776	1.9781649321	3.0374996291	3.4214486438	4.263519576	2.4680670766999997	3.3981680049	3.1190075374	3.8107303557999996	9.9420584196	2.3931907692	1.4686390055	4.8684521128	5.4044623433000005	3.2844939706	2.1730006113	9.8958529508	2.2747646753	2.9359980208999996	3.2364887375999998	2.8525950931	2.7745343373	9.7118171034	4.2368814998	2.9201699191	1.6452892206999998	9.958690436	0.6825484084000001	2.0524518712999997	3.5582532962999998	2.3483706201	9.2522045214	9.7887517208	6.1003925245	7.2057541976	9.40253001	9.959611007100001	1.8260322642	4.188167200400001	5.0541432314999994	5.8417237108	3.0808842529000002	5.3336587315	5.0909439644	9.6094058896	1.6765018744	4.9780249352	9.71302069	9.793121126399999	2.52672427	4.1437546454000005	1.7045585965	3.5997218454000004	5.0271975446	4.7363972441	9.9109961039	5.6749643449	5.3043237416	2.6981450839	9.333253204	1.5246773929	3.2316160929000004	0.9939643844	9.404625365800001	1.2138789634	9.802920120700001	1.0842179996999999	2.4002729466	9.6422706814	0.5489048243	5.1144321389	2.2266806386	5.0719165724	2.5903110413	5.395508531	1.3566260145	10.0462890432	9.7184030112	9.7430372916	9.6683157986	2.3386460492	6.0660944597	0.3230340432	2.6191084118	9.4991903963	5.1177348086	4.290149839100001	4.4185667927	9.7695163822	2.7329108739	1.2535271467	2.5924330111000002	3.2080176232	1.2082054042	3.3272712675	1.9363016144999998	4.3087815824	1.2329881518999999	3.6266608112	4.5795329091	1.9253694772	3.5629730107	9.4766134155	10.0107599464	7.3014911641	9.5583872546	4.7654509413	0.0267591675	1.0896543912	2.7761152377	9.9265719926	0.44480543659999994	4.3917854899	1.710983515	9.427722534099999	10.1366607539	1.1663656804	9.6801423394	4.618920244	5.5532715401	0.1399411904	6.758849855599999	4.5309714348000005	6.421993474400001	9.8473163776	10.0247439355	3.7031073519	2.4520137707	1.0269165815999999	10.194344816100001	9.8049747212	4.5234223697000004	9.828052547999999	9.6067969503	0.0331748174	9.4812637932	9.747109395399999	5.9558467488	0.5209730201	9.8202727883	0.0135181821	2.194092537	5.0271067592000005	9.7842425305	5.686870149600001	4.032685577900001	4.5569217196	2.2742294674	10.1266196854	2.2626019276	0.45429001090000004	2.5106224639	5.4346093504	2.1751305877	6.402085898999999	1.6591806630000001	1.3248337355	0.9987184295999999	3.1558983198000004	6.9510275588	2.4167253391999997	6.6178287881	7.1815182042	8.9785273168	9.7571428796	6.5842742567	3.6003286117	9.400429818	5.008534704800001	3.0164354268999998	10.0252501944	9.7950077569	5.826752711	9.20055508	4.3340867352	6.8127209084	1.0052961281000001	9.8996578229	3.9228985348000003	5.0359514137	9.745825097200001	9.7580483514	9.3546390786	4.3118587699	9.548728390099999	1.1857603562	6.1794523179	3.6847915709	6.421993474400001	2.2013754539	9.9777976376	3.7610213214	4.0689742137	4.124318070299999	3.1582974323000004	9.6459859798	9.2258924853	5.1950778103	3.7504281705	9.5519205126	3.8722977383	4.739929169	4.2791927917	9.808832305900001	2.8212471054000003	9.9274167051	5.3167718524000005	4.9980224242	9.4881285579	2.2529996371000003	9.7733492582	4.2734219091000005	4.5782736505	9.422358921599999	4.2539892013	9.823016774600001	4.7115956541	3.6104466258	2.3702582246	6.1378743898	4.8003594689	2.4529840547	0.7586607995	6.4654574616	0.3378361855	5.3481833634	2.99240499	3.991176134	6.250108363	3.6619466655	5.2051496064	2.2504101996	2.2083302603	9.7798101787	2.8706273547000003	0.1672186276	10.0838952524	2.1532500959	3.5231519272000003	6.4293084479	0.2340023384	3.0731022585	1.2191453140000001	6.6441155363	2.1190792694	3.3869265755	2.7214450857	8.608012209	5.1050339352	2.5425153328	3.0914899500999997	5.3885947535000005	1.790066841	1.2188231681000001	2.3222341558	9.983200767000001	3.6803533683999996	0.6801180294	2.3435919691	4.9985220436	1.3113489993	9.4632399334	10.356715318600001	2.9171907238999997	5.8125264408	4.140355105299999	2.0648144229	9.625399002	3.8543239417	3.9339446051999998	4.3683613235	2.8163580208999996	7.0034066671	5.531906676699999	4.2868970187999995	9.6331560525	5.2335954558	9.8291385743	3.776440811	1.7806514675	2.4695478293	4.1141290005	8.1956391762	2.8524266838999996	5.546832641	8.6140040423	4.0014007849	2.7249487024000003	3.6156116950999997	1.578024884	1.9295166688999998	3.1930707737	4.6679033066	9.711118177000001	1.2135184227	2.1369686468	1.9890894847999998	3.3002793470999996	3.4078043581	6.421993474400001	6.66608498	0.5363043111	3.784387525	2.3226101958000003	0.3010463449	2.0500225452	2.9243582517	3.0320464438999997	5.0164227679	2.9254539917	1.5641308205000002	4.5725167848	3.1507873872000003	4.6746078412	2.6047285574	4.927557809	6.5474351619	9.7704134893	3.5591821121	6.421993474400001	2.9482424637999998	9.8211678753	1.7332004648	5.3969674925	6.3343044946000004	2.2181240165	9.6942935316	9.9533118263	0.5918975458	4.2423366599	4.4126259347	9.8452798577	9.6326010997	4.8301130275	9.6169867014	4.6825245955	4.0236466914	5.2610642247	8.6547813803	0.6153427302000001	1.5457710585	9.912172695399999	1.7052156863999999	2.5818433086000003	2.3618803926	2.4418557494	4.2705843424	1.0513149142	9.601414271900001	4.8199234963	6.5397309278	9.8216919879	1.029287956	2.7393644064999996	2.9138189648000004	6.421993474400001	1.6363529836000001	6.0373022826	4.276088673299999	5.4389440857	3.7155413754000004	4.7927492135000005	3.6871999702	2.8330888819	4.5325667233999996	9.9447450478	6.0749227041	4.1436829726	3.1160069971	2.1719845962999997	9.942170315	4.290875016499999	2.5277660671	0.8770145361	4.311355417200001	2.7152877885000004	9.8796620805	3.3658884506	9.9411286565	4.9614216461	3.1663223725	10.2997044889	0.1883612686	3.5857438300999998	1.2471709977	5.7894106787	10.0653212094	1.8265198446000002	1.8249483182	6.0968378095	9.419386299400001	3.2288373775	6.7820666453	10.028107878	9.7900050341	2.0073819112	1.6195435277	3.8594943416	3.2627633162	5.6580771129	3.355157365	2.8763499837	3.4300641202999995	10.1133620484	2.0750742133	4.5756361882	0.2966495341	5.3056086788	9.350005058099999	3.6491131907	1.4544955524	7.1894862793	0.4115465807	0.48581305950000003	9.8907794083	2.0100332572	5.0266321142	3.9523353867	9.6918339109	1.5735979319	9.7141990745	9.8122796465	4.3858723645	9.8932199454	9.145261421	5.924711679600001	4.5166741512	3.9139018866	4.7617486094	1.5661633903999999	2.4813926412000002	5.483368594400001	3.8014955983	3.5020678562	9.2626634437	4.5021411572000005	9.895848665099999	9.6489185678	9.5216906467	2.942867591	2.9047076231999998	6.8332294767	3.0622861302999995	9.6192258681	3.3669298897	7.2151515512	4.0369959898	10.1371827853	9.437136862200001	6.2805822331	3.3683488022000003	2.4657075717	1.5652992761000002	4.8661261851	9.814904825900001	0.4104639982	4.4800763895	3.0384387739	9.969666350399999	3.2639087825999997	1.904383851	5.415098552100001	10.0664083566	10.130111793300001	3.321528507	3.982645624	5.8643356242	5.4267358972	3.3800007416000004	1.7950280980000002	4.5682818802	9.6433729502	2.5976903438999996	8.9331697836	1.1335099256999999	8.967790704299999	5.7589479502	6.996148621100001	2.5686846679	2.9024346439	4.3438076078	2.8953847269999997	9.8180909235	0.6895760716	1.3613694688	5.2344378612	10.1836517581	2.399235647	9.8239131942	4.9598260344	4.4246396927	9.8328692472	4.3070586056	3.2302758399	9.5912237013	3.2913202926999996	3.9309296329000003	9.712915255	6.2437832207	4.9995705688	3.8388705005	2.2012776827000002	0.9478342552	3.9117465294	3.3738467776	8.255915314600001	6.5026538955	2.0292554262999998	3.4890481275	5.5414069835	3.6575474263	9.7733784512	4.0523284398	9.9286492097	4.6407726618	3.7909489302	3.1162857133	1.2259897564	4.0131124713	7.4699076595000005	3.5138992365	1.1854616161	2.439979041	3.4008989411000003	5.4103226837000005	2.6428482765	2.4194388573	8.9762303832	1.7480683075999999	3.3828579927999995	10.0530178823	2.5762145152	6.421993474400001	4.7861179387	4.0509515372000005	2.4307095827	9.4095078384	2.7531401526	10.2162530853	4.1685903942	0.6545738184000001	4.3150558697	4.3979189859	3.4458300983999997	3.1817595957	1.8474184309000001	0.08638361160000001	1.1843814118	0.08883213029999999	10.2031036323	0.8990725883	4.7724760456	4.2119962909	2.3637787075	4.3513564839	3.7563084023	4.8415796536	4.932037247799999	0.7281780234	4.6389191401	5.0095658032	10.1020828962	4.9334206357	9.4504339993	2.158917805	6.3873295285000005	3.5608795835000002	9.3849636692	4.0650875041	1.0522259693	4.507356855	7.421825976699999	9.345606387	1.2278558204	2.8174092524	4.6420560988999995	4.815538984	5.4102763436000005	5.1506069332	2.6450722778999998	2.7979588046	3.7784158132999996	5.040373289200001	9.5442759751	1.4987187303	0.9723362984999999	4.2744232149	2.0527129496	3.2903787158999998	9.1709595427	9.6782926928	1.2667300471	3.7894721354	2.3548007213999997	9.782066201900001	2.1357205445	1.3460069551	9.777123371	1.9921703751	2.6718301618	4.609311830899999	2.7445746389999996	0.6131372955	9.524201529099999	3.8678769852999997	6.421993474400001	3.1105035507	5.5654797	9.226938611900001	9.524888098	0.897938399	1.227791944	1.3289198508	9.7526683441	5.1477065907	4.7663031938	9.7643589251	3.4727966037	9.7987919318	4.9442550601	1.6655938753	3.4872191018	7.1476699679	4.2885741775	2.3517025202	0.2626815355	4.0727176303
GATA4	10.487907826799999	10.6471263452	9.7457057143	10.2958755741	9.6286617765	10.3275973548	10.1967480637	10.5145133006	10.1181710462	10.6273385995	9.8371601828	10.1715309799	10.4900258	11.0138566131	10.2664206275	10.5613308588	9.5760415323	10.0505209413	10.7181620515	10.3141105857	9.7711113767	9.976036859199999	9.6117427085	9.8088589076	10.55256649	10.3703947417	10.606024741799999	9.5657928963	10.1214144227	10.3976852483	10.8062696443	10.7757174602	9.5550901724	10.512489278099999	10.921933609100002	10.1743432769	10.829648928	10.4646403058	9.863854201599999	9.5552280167	9.9330541036	10.4947763621	10.3054294469	10.0924267278	10.484651532300001	10.845494065999999	10.4099122603	10.352317209	10.453821324	10.371810682000001	10.079424333099999	10.8691072016	10.3393797164	9.8248047995	10.095503224	9.8258053808	10.4666700788	10.7778534387	10.551234516100001	10.6696992874	9.4338277849	10.957064165899999	9.3162466836	10.3618186908	10.0203651396	10.3773220937	10.4461551548	10.4399877321	10.3102355691	10.3979661907	9.6669738063	10.1760038841	10.012177615299999	9.7902108321	10.5750203867	9.5830119503	9.0542287061	10.4715315082	10.7752895031	10.256762927899999	6.421993474400001	10.5293584688	11.0012893496	10.3123089841	10.4362538756	10.4523995639	10.5952253693	9.4347349991	10.227271723300001	10.6381459926	10.5593381416	9.7582114799	10.0326113665	10.4711863529	10.5238623304	10.1090123313	10.6893228795	10.2341207409	10.441458577799999	10.142284561	10.4790248117	9.6104783793	10.328032349299999	9.9511538473	10.6601054394	9.7460299566	10.562360997899999	10.2803659661	9.6017585536	10.5887646485	11.035455830999998	9.866789194299999	9.9388276657	10.1606249446	10.3246221865	10.4545331297	10.3105580429	9.708854216499999	10.0467143005	10.4375360251	10.4882252687	10.425595126000001	9.3132607132	10.0138865821	11.369748146500001	10.675425815599999	10.6062140401	10.1628388017	9.926465634	10.2923927851	10.912996554000001	9.9988744863	9.4431409957	10.3280523523	9.7788507944	10.492894733	10.5337466308	10.53908251	10.3285340347	10.3073062012	10.6282473635	9.538488189199999	9.9956486808	10.0876757767	10.653042169299999	10.3620254273	10.5583209901	9.4572173522	10.9571158665	10.869276288900002	10.3365862737	9.8201332757	11.026314290999998	9.702005811900001	10.745636401199999	10.0481799741	9.9079339438	10.328998394	10.5026647599	10.455679613600001	9.8884413677	10.068608448700001	10.2426549799	10.6065588238	10.6584549769	10.3557640396	9.3414473049	10.4694617712	9.5886629506	10.349128971599999	10.2767086106	10.0015066399	9.9629196924	9.400030433200001	10.5174727821	10.19850301	10.3289353047	10.2501337483	10.275582678500001	9.8436120125	10.0811254475	9.536056308600001	10.6443386861	10.53262365	10.5877532924	10.4378170662	10.3621183587	10.6063009691	10.5431181118	10.5846785533	10.4010905514	10.4284788336	9.406839351799999	10.7171299061	9.891805143600001	11.004248914300002	10.1204339337	10.577565744	6.421993474400001	9.940466556699999	10.9375291505	10.6412253183	10.523590608200001	10.4261639185	10.713215013	10.0475791697	9.741125267200001	10.081112258300001	9.9591822846	9.713602229700001	9.3633160497	10.3613586503	10.0730290609	9.3682076176	10.8551343751	10.1855231321	10.4153396994	10.235359361799999	10.6696921607	9.9990438692	11.034873532699999	10.8326775993	10.136279031	10.507676996599999	10.2274250184	10.572200741	10.1839458666	10.1790345538	10.3625561715	10.1805217825	10.5135949514	10.733725094299999	10.215592709500001	10.4263109964	10.5217009273	9.91661652	10.676157396499999	6.421993474400001	9.9077728385	10.2726411461	9.7562565977	10.4479387341	10.6635213088	9.9248239592	10.2149027319	9.849298344400001	10.3396444056	10.7267062381	10.4349265472	10.9089262803	10.4606918102	10.1887992485	10.949361231	10.1807586537	10.5258811294	10.549494775800001	10.507613597899999	9.9172595865	9.8432818197	9.8514354041	9.8822673567	10.7606011823	10.0380331411	10.5297870064	10.3322462123	10.2888846551	10.1135983426	10.4378859613	10.639770328600001	10.139505619500001	10.8013890274	9.7649916433	10.0835344072	10.5134359778	10.4785486422	10.2763383974	9.9000781035	10.290951679800001	9.2269225386	10.987164183299999	9.553836418200001	10.5854670623	10.778191078599999	9.9382223482	11.053325163599999	10.573343581900001	10.4976811462	10.3268094086	10.4204435502	10.824961679600001	9.5463936276	10.773343562400001	10.5591404222	10.6229821905	10.4588959168	10.6550775357	10.026415199099999	9.8953559886	10.0627153226	9.9298897804	10.360480662899999	10.334504880499999	9.3134942642	9.8164220336	11.0811913468	9.9804903697	10.2596003752	10.2270138319	10.4723247111	10.0459440861	10.4007885097	10.722079190599999	10.6881823428	9.3435246695	10.3942257412	10.2845227073	10.787561421800001	9.428515004600001	10.1542830315	10.765627243299999	10.1967424775	10.5030254389	10.3071113779	10.9683052925	10.439533443	9.810071128099999	9.676164054600001	10.9545436474	10.024065382	10.5704348662	10.531269115599999	10.2730166183	10.2524523354	10.1380822563	10.1285289524	10.979903693399999	10.1440209288	10.2690588308	10.1320375518	10.5124834122	10.3005336272	9.6661992301	10.6929902389	10.503384505	9.5939799152	10.5909236617	10.4497021986	10.7108879521	10.4592875412	9.3463628388	9.556777653200001	10.7101098219	6.421993474400001	10.4604987323	10.1328983297	10.5366344621	9.7311602068	10.4006804885	10.370441661000001	10.921232233	10.049314655	10.2990129637	10.1630748608	10.273286860399999	10.6556608294	10.5370191402	10.8333805417	10.6620279395	10.0753715528	10.484090429	10.174566591900001	10.530901994099999	10.612753495	9.797387583099999	10.076611675499999	10.6436752894	10.4409777125	10.5580304984	10.9522148474	10.5548939405	10.4193997583	10.5688993715	9.6595883172	10.501483568	10.392423383999999	9.735785998899999	10.0508524059	10.3085998749	9.9176923286	9.9154273643	10.189274122	10.4650109439	10.6818708275	10.2809778104	10.4120908837	10.5514226929	10.3526046289	10.589758834400001	10.2918683333	10.833408353	9.9754405605	10.2645164669	10.5539275816	10.25977815	9.7203478385	10.4903853744	10.0183626561	10.6129407147	11.089950676099999	10.4100138346	10.2886646347	10.256496407	10.3987738186	10.4465061409	10.7067397137	10.264762835299999	10.1881328156	10.4668005047	10.1516865867	10.414816158999999	10.7622172371	9.4551419049	10.272320065599999	9.3570906349	10.3123758338	10.0252869935	9.6477745546	10.3811083727	10.3417912307	10.5428101476	10.0956127807	10.8501499742	10.742998778199999	10.7729777223	10.7562005873	10.0410618073	10.091919778	10.0887796635	10.5573942619	10.5881309361	10.4093425773	9.8653141535	10.6239779776	9.925841082	9.8578358713	9.6643208317	10.845686196099999	10.3415273243	10.158410657200001	9.722294906	10.5530399898	9.5030519159	10.3199517452	10.4990229711	10.5075206689	10.5632656031	10.3687223264	10.6475107476	10.537672083	10.2449863422	10.2158039926	10.3047198878	9.6973431874	10.3663931354	9.3405916497	10.4217727041	10.8776563381	10.332815249400001	9.6581650841	9.4523168457	10.5370106425	10.339913775800001	10.2044816383	10.6713447549	10.0548199264	10.785434305299999	10.408185249	9.6002523251	10.2552194478	10.791784041300001	10.5245409485	9.5072381141	10.1457492915	10.5848364738	10.4321772737	10.490957847	10.5427089777	6.421993474400001	11.7779203898	10.0777060609	10.6187139144	10.3644715191	10.4736875992	10.3197641704	10.2385184646	10.5641347864	10.4316525996	10.006961377	10.3982173156	10.4765745286	10.554528236	10.5101146236	11.2410539975	10.29417515	10.2732004224	10.5457481207	10.3434084996	10.2350766358	10.5761518812	9.8984353	9.911270054600001	9.879351512000001	10.00612297	9.8247298427	10.1943748459	10.1507809357	9.8386490607	10.4584659565	10.0852878411	10.5681672693	9.9724323452	9.804139274	11.101836566600001	10.105014803	9.8275785257	9.6638424237	10.5900050151	10.6458429993	10.114005722	10.35841286	10.4032480065	10.059639365	9.998190749299999	10.5426270816	9.3986103388	10.3950765173	10.8963749252	10.3423036054	10.4573281498	9.5111851759	10.4367586845	6.421993474400001	10.0186300787	10.768696531	10.168247409500001	6.421993474400001	10.5841462538	10.3977017586	10.4068421987	10.419526903200001	10.6607919714	9.880050108899999	10.8300197898	10.0241994098	9.0424789188	10.4541549437	10.7758362537	10.668444579700001	10.5917502343	9.6004393876	10.0753596566	10.1457330928	10.4544575326	10.512788415800001	10.6583708317	11.0732479103	9.5620094145	10.134640773200001	10.529076103200001	10.5412852531	10.4554575972	10.804012819	9.8032527547	10.9289720066	9.7232719184	10.116116482899999	10.739573352899999	10.1181344663	9.5306607124	10.3648108384	10.5165587056	9.650820271699999	10.811399221099999	10.571397642400001	9.9418233475	10.4680349764	9.6370121489	9.6064430435	10.1516057105	10.2738325799	10.2451827545	10.885411319400001	10.439404201799999	10.5589820839	10.5564023749	10.199195632999999	10.198625461499999	10.4087630131	10.4563117204	8.9381437537	11.284524608699998	9.6565390526	9.5639834082	10.3015333512	9.9092434085	10.4202343876	10.4645145842	10.5317307585	10.6116356457	9.8802182229	9.9662830093	10.6907932673	10.5567483192	9.9835336046	10.6642142026	9.9674206086	9.8583513794	10.7287610133	10.742163379800001	10.5262518379	10.2353818911	10.4993292328	10.5089968813	10.4752613043	10.1633631043	10.3267079787	10.749683024500001	10.3539450178	10.1628129204	10.4038166344	10.6410002864	10.080069256	10.2384906857	10.5789290201	10.456718987999999	10.0695187688	10.6260841491	10.037850710499999	10.7617288112	10.5826574955	10.2813956468	10.790839755899999	10.608115663200001	10.6323606559	10.3045647623	9.429634248500001	10.885144314100001	10.3901238514	9.8613521649	10.7959680558	10.177147773	9.579945861699999	10.300925555	10.5258128611	10.631218394500001	10.0409960196	9.8958043672	10.3339928705	10.3388072674	10.701431104	9.8237135474	10.6984089607	10.4706242346	9.1983193204	10.4679928214	10.842858301700002	10.3285986339	10.2293471842	10.634890633	9.5746877888	10.3838306854	10.2804703075	10.4241305729	10.7615172334	10.3638245477	10.5602739771	10.3429815345	10.4472913499	9.803193071799999	10.5529635361	10.181474745700001	10.4377755488	10.4736034958	10.406784849400001	10.4771027857	10.3131724012	10.5204720278	10.4898906392	10.5420225636	10.1698640814	10.153081835	10.601506322799999	10.1479364964	10.3335686517	10.2431658388	10.235110686799999	10.3463177688	10.0546631625	10.098453066	10.2822548633	10.203074661799999	10.4581368343	9.6405759701	10.2628222576	10.8342543743	10.5295322404	10.5149609485	10.6540421961	10.5605287635	10.446555304	10.174209730800001	9.6428307854	10.6712590214	10.2757676221	9.6910187824	9.499861665	11.2153684048	10.3479620316	10.2454971561	10.6424165203	9.9532167306	9.7364268725	10.4501294077	10.3204272105	10.6801581818	10.5225843222	10.151122660599999	10.4864186581	9.2953464921	9.3638056075	10.488098087300001	10.876799943499998	9.3009633095	9.8968787922	10.7434261195	9.9030172714	9.8568431122	9.7368459105	11.257029465599999	10.4956300263	10.2784077462	10.1486358667	10.5079390187	10.1758164189	9.9460269478	10.2345585504	10.3061247447	9.6397358471	9.435939055	9.7214919227	6.421993474400001	10.179758191900001	10.1463821159	10.5214448293	10.2524420614	9.0935695161	11.0164597347	10.2142229699	10.527932763099999	10.9768955475	10.095584972000001	10.3125575437	9.6503923752	10.784655481600002	10.2434089144	10.1300136421	10.4018707405	9.7835982825	9.8170664111	10.2560491566	10.3610537723	9.6069442389	9.9890997848	9.6537755919	10.4547775362	10.0161072976	10.862423930899999	10.434702957	10.2597418342	9.513546097699999	9.7058850808	10.5336396733	10.959232475699999	10.5557737734	10.7746802328	6.421993474400001	10.4094299594	10.4561692689	9.533898783	10.4596066974	9.8841189491	9.6007670314	9.4606434788	9.6099831347	10.9111109248	10.652806573	10.1114194114	10.7064630345	9.9498819333	10.583775648200001	10.813292331700001	9.4360316886	10.6412318462	10.842562900499999	10.6119648124	10.7670771448	10.779684836900001	10.301893124	10.628898320800001	9.5830034761	10.203812455	10.0956717683	10.4797633053	10.4712730195	10.4705835094	10.456856630499999	10.427558229199999	10.006000899	10.1575261897	10.1920228807	10.4048981615	10.291810282	10.6918415309	10.0105389986	10.4950828292	10.4887982677	10.2842044353	10.4711706177	10.218115303	10.7360299596	10.669205953099999	10.4344149407	9.9876086027	10.6326358103	9.5871483941	9.8032798996	10.350776553300001	10.2239553283	9.7761477753	10.3378155228	10.3371711732	10.6822441801	10.4359832225	10.2742605444	10.294881494	10.8115032345	10.3378731058	10.2456268616	10.6344850916	9.352497708	10.274079864299999	10.430322371599999	10.568276857699999	10.5747544442	10.9796467465	10.522677225399999	10.0755165722	9.7453018085	10.322836244	9.986259693400001	9.8284440808	10.509795799199999	9.7064215747	10.3762175582	10.9537352259	10.3504401683	10.4159347994	10.419931258	10.595211997	10.7433946133	10.4048151766	10.1557607538	10.3691220636	9.9640866475	10.6015417595	9.9484319888	10.2200573874	10.6027240636	10.4562411709	11.0024659946	10.2488034635	10.3893884459	10.2283038455	11.0419978076	10.261259337	10.249976716499999	10.6373139407	6.421993474400001	9.9464616898	9.7493587124	10.7053972155	9.8832784387	10.590606725	10.631245727	10.3958786001	10.5357588218	9.9153561209	9.8686162919	9.6816140826	10.6227628914	9.9149486765	10.2143230171	10.7089458941	9.7483725423	10.2932841135	10.5710008998	9.3026760894	10.792054362	10.2016570259	10.2092403251	10.173134337	10.0712099693	10.233724594	10.3705054744	10.5784630142	10.2927321777	10.4544390814	6.421993474400001	9.5969019569	10.2017590541	10.2260299786	10.3438514875	10.567999970399999	9.750427189	10.2305488809	10.4917526054	10.5679116765	9.9373686707	10.782441851300002	10.444211868	10.1074363881	10.2602532561	10.1018513062	10.2178885319	10.4763235954	10.2554633372	10.816164582699999	10.692126337000001	10.8735910629	10.5623477106	6.421993474400001	10.1804566214	10.5087134525	10.3998976321	10.6189664896	10.1076962178	10.031898596900001	10.052739585700001	10.483836248400001	10.3451003028	11.1018932152	10.5370907991	10.2863038945	10.3396200565	10.4752387364	10.3497525329	10.684378451	9.7485982271	10.2057434006	10.6091906141	10.1558685575	10.614846339	10.565043899600001	10.0688363135	10.8968775179	10.280779275599999	10.7732057531	10.0058070266	10.4418852254	10.1243209148	10.5288931336	10.3305937591	10.4466005692	9.5981584481	10.257915349700001	10.4217523209	10.3560436983	10.018123561	10.6548941521	10.239493766799999	10.6930072375	10.123593292999999	9.7781058676	10.029282048999999	10.0594881506	9.7461599964	10.5212168006	10.3688287536	10.0732227837	9.3922655998	10.207920207	10.760205962999999	10.2979970182	10.7821792102	10.671829689900001	9.9564447545	10.405888511599999	11.0285107521	10.6546087164	9.6807669375	10.8049835527	10.868063765	9.780356355599999	10.3559283439	9.5776023359	9.6483992148	10.6562240503	9.9297983523	9.6596590324	9.408047038	10.2066662425	10.335999017899999	10.409536256	10.3318600675	10.6185034248	10.5989883531	10.8208437343	9.9407948905	10.441954104299999	10.7642034679	9.5432899157	9.5956689545	12.3910602347	10.163656186499999	10.6405407336	10.3048550361	9.9423784938	10.4600360789	10.0402060764	10.6896125824	10.179242007400001	10.3753712212	9.4314478554	10.2212273996	10.602514324	10.1396791059	9.476623341	10.6010707684	9.8571537899	10.4008614242	10.6205095302	9.874930665599999	10.5984969669	10.4739481303	10.3550747319	10.318994896900001	10.779228590299999	10.5529308141	10.7836826482	10.0632272325	9.325406244	9.6653230674	9.9115404858	10.6050599391	10.3629302079	10.7787733482	10.7597310822	9.705094386699999	10.4106142301	10.364052559600001	10.483180751799999	9.4509974356	10.369821227200001	10.7804708176	10.5284400793	10.5534605361	10.434224503300001	10.6353611078	10.6102428001	10.4387429026	10.1566662172	10.7468096681	10.5320122821	10.3095222458	10.0562403807	10.178572709400001	9.4621545188	10.251075697100001	9.9022421183	10.4152620167	10.155839125	10.4329025743	10.5618152224	9.9743609144	10.2792313123	10.6717022121	10.696013434600001	9.4313796389	9.972378750299999	10.7976992699	9.8236404882	10.6273856588	10.4065772795	10.9387462393	10.168900523200001	10.1548647509	6.421993474400001	9.917524477999999	10.0756470711	10.1881825118	10.6272877962	10.3243650833	9.2675361602	10.2254919177	10.174757423500001	9.5263505627	9.8340634019	10.8565844922	10.635275536	9.8293712464	10.3554434777	10.1296139453	9.7361682165	10.7877597926	10.4894858023	10.5903920539	9.4373564775	9.94825408	11.0242890856	10.5049662829	10.3682589532	10.218130693600001	10.0802455661	10.473236896900001	10.4629143723	10.2046559715	10.529849865900001	10.3239402506	9.9838855789	10.8311319748	10.2373178132	10.2239841134	10.2620603725	10.3523168623	10.0206648779	10.072562964500001	9.2466269961	9.6430267798	10.6487655203	10.161785696	9.7342625223	10.2661168607	10.5515969861	9.4649053406	9.5983895602	10.248300945	9.9495222265	10.3630355951	10.775238681600001	10.0151235688	9.459237121900001	10.6811622333	10.5699669007	9.422947536	9.6437095619	9.6560856674	10.246712732	9.7371351675	10.4940198331	10.368732068	10.9286695113	6.421993474400001	10.4920061103	9.6931560831	10.1543224164	10.446773114299999	10.1993387427	10.5301479447	9.990475613200001	9.74200035	10.717696670499999	10.2250236329	9.5147344371	10.550404523300001	10.371544856	10.6409457773	9.428775311499999	10.8062086675	10.0252792839	10.7034037185	10.284489776200001	9.6153838219	10.5871140972	9.657993789099999	10.7110805997	10.2083160428	9.695794705099999	10.2456940987	10.4134585833	10.5191907763	10.594315500499999	10.4444026946	10.758996786300001	10.4401200938	9.934501085	10.3638863292	9.780428731599999	10.202990912799999	10.6783912245	10.6533786052	10.611665351900001	10.2124629832	10.2296263927	10.172018184299999	10.3043028707	10.5745896665	10.195762267200001	10.2560210769	10.4408763722	9.6122452076	10.4580493352	10.2998051184	10.2037087208	10.4085648055	10.7094645801	10.1752866314	10.3871065609	10.1954414459	10.141136577000001	10.4409327563	10.0995843392	10.3240562907	10.589272375	10.3998762758	10.604924716000001	10.5212015875	10.463348354099999	10.4650620504	9.1486633118	10.657908832999999	9.928418094	10.5436455326	10.185666907	10.0233361803	9.1063559492	10.036289377000001	10.5158103841	10.8459034771	10.5076439283	10.3781180487	9.586237264	10.5104619688	10.395512266	11.1046235243	10.2435308284	9.695939466	10.750572961400001	10.2060874746	9.810554462799999	10.0970817874	9.8208632666	10.795917859000001	10.8122534118	10.2433604619	10.570803779	10.1420206199	10.3473003914	10.0929383458	10.5356153821	11.029012859200002	10.7705112412	10.6682035652	10.626173987	9.8408576425	10.5680830432	10.8148036529	9.4508216821	10.862694579400001	10.3810639166	9.8501103253	10.3519581583	10.4389656516	6.421993474400001	10.0105226781	10.5711140514	10.4255632502	10.2053112737	10.300371214	10.5117044662	10.3428457119	10.7959018098	10.3240281257	10.5925094012	10.493865139299999	10.4194011809	10.489484768099999	10.519041705700001	10.4023070567	10.2746308872	10.182290357000001	9.6080527808	10.2901106135	6.421993474400001	10.433079128	9.373644731799999	10.6156350533	10.4040636675	10.1879372537	10.5283861661	9.6913032128	9.6845360937	10.201373891900001	10.655163267799999	10.2771276438	10.1298367962	9.6188532818	10.8764963596	9.9658507444	10.3805358233	10.5617008077	10.2630462204	10.4026168096	10.1213415444	10.2204253763	9.8194869865	10.1094771146	10.7705668476	10.8742770496	10.521419533200001	10.1606188386	10.7110435579	9.6726023347	10.4435800544	10.0594505322	9.637611209700001	10.2655239778	10.2019301644	10.5252282098	6.421993474400001	9.9722879794	10.4938382863	10.3482223021	10.5764471059	9.858911988300001	9.9711974732	10.5395414041	10.2120130827	10.2755502711	9.907532019400001	10.5423440482	10.6915716192	10.7524571777	10.185523893200001	10.0496781002	10.8840411883	10.3756094235	10.4559483629	10.217482099	10.440009611499999	9.716922756499999	10.642702404	9.698275018	10.4474994321	10.2401171992	9.4084260704	10.8039279173	10.4909829401	10.4259365338	10.0860654772	9.6306693552	10.3160284889	10.310293719199999	10.4991869713	9.8430601619	10.5005126	10.2148125036	9.7331066334	9.796996269800001	10.3339161319	10.5486101405	10.5734945589	10.7609582801	10.0600288374	10.2902898222	10.1427123817	10.3814485066	10.16332506	10.481918736699999	10.4124017134	10.5923187646	10.3676527489	10.068707464600001	10.5390080614	10.8831654249	10.857698582100001	10.015342643099999	10.5017933562	9.5107807068	10.5802978949	9.848687651799999	10.316690512300001	9.8109380538	10.5530829687	10.002207587100001	9.755837440399999	10.200333304099999	9.2204498559	9.8851787218	10.5701628674	10.745393921500002	9.6219572905	10.5001362118	10.974671541400001	10.720104838300001	10.3836756565	10.5189094603	10.5180054221	9.9044933778	11.0833932007	9.6797176961	9.8151048666	9.788301264400001	10.3887717033	10.268234144	10.071205329	9.5338744129	9.380222422200001	10.278758853200001	10.5403480888	10.9484748298	9.5893977214	9.5577125289	10.1118093292	10.210787591499999	10.4479571473	10.6137453649	10.4479488466	10.392118267699999	10.468164342	10.678553479	10.6239139256	9.5541916247	10.294737834400001	10.4933415675	10.0284449902	9.3132164367	9.9883601251	9.9275953473	10.852759498	10.7341054615	10.480484365	10.1353750408	9.9616454647	10.2722030941	10.0033350189	10.4764559479	10.529377241	10.557799360599999	10.6173504236	9.975740864199999	10.6013671856	10.4272476972	10.500690563	10.4829114531	10.7655523955	9.78116601	10.3161245825	10.8216802628	10.4031042898	9.8635193282	10.3590633422	9.126511712300001	10.7675221473	9.985147250599999	9.850020792899999	10.517092874600001	10.763596160499999	9.5693954586	10.2431418978	10.8218309898	10.2228812074	9.9506416207	10.566740878	10.1027021001	10.4632775869	10.5401415548	11.0113561041	10.6614551548	10.4448351412	10.147851339099999	9.9882972273	10.6877032884	10.6227812595	10.5177974889	9.5263601918	10.6269889142	9.9360072513	10.537032145	10.1264096521	10.3367420789	10.4637895783	10.3464175418	10.5538694205	10.4357199008	10.5874605543	10.846849338699998	10.7079607523	10.2340698923	10.5419058396	10.020799137100001	10.0444177288	10.3332527932	10.5262893249	10.147225090900001	10.2390341224	6.421993474400001	10.4282730978	9.9683046107	10.237621774700001	9.726218452100001	10.2157607904	9.908402649	10.8647170217	10.4728865375	10.4408097633	10.4525516478	11.0613072855	10.695268212	10.530605768400001	10.3786814611	10.7445709799	10.3654113269	9.9581990974	10.5916862259	10.168431033500001	10.4849986972	10.1379175994	10.5089333261	10.3764176496	10.4728878121	10.3675079611	10.472547882799999	10.3118570047	10.8858432829	10.2288507864	10.6754663815	9.5254320259	9.9685052377	10.8602112042	10.791773548800002	9.490218048600001	10.3719454721	10.5466590246	9.6983995135	10.0906329528	10.0417199697	10.3405385967	10.0514148252	10.1968872273	9.8532330031	10.101035939099999	10.6016274805	10.3718514669	10.699136984299999	10.1720368746	10.4602423811	9.4645063227	10.4352824543	10.6587099262	10.5779767743	10.319566911	10.9287200172	9.606710457	8.864037076	10.5369768762	10.5147053101	10.59860899	9.5183076622	10.2528821029	10.611368001	9.9865798056	10.5974995831	10.2208806482	10.3442174763	9.9450340569	10.4222153674	9.7065791832	10.3230435755	6.421993474400001	10.4086159489	10.407332715399999	9.724997895	9.6676266555	10.5284582823	10.6146664712	10.2036323009	9.7616074359	10.7203867548	10.10551747	9.6562927113	10.8223987306	9.2093988748	10.5394992238	10.3861963221	10.4901541845	10.2703994297	10.5366124706	10.6279713379	10.1662375473	9.4810376081
