	DMRT1	FGF9	RSPO1	DHH	CTNNB1	PGD2	WT1mKTS	SRY	DKK1	WNT4	CBX2	AMH	NR0B1	NR5A1	WT1pKTS	FOXL2	UGR	SOX9	GATA4
DMRT1	1.0	0.5127245607094639	-0.43658713284942624	0.4993622855798834	-0.5446930637098819	0.5318049784418772	-0.4155123114055211	0.7297660881352823	0.8540793665805557	-0.5924931606004797	-0.30897774542444545	0.49147342950729705	-0.35115393496396063	0.2958638197669019	0.4160213813621041	-0.5588937093416589	-0.2866750588270551	0.6957631894069131	-0.4489463384655385
FGF9	0.5127245607094639	1.0	-0.5489637778975531	0.7694371508177197	-0.4826913816655541	0.7686156719475888	-0.4647034903514185	0.403762576015781	0.5102861302295628	-0.6779212205286852	-0.27444156119808777	0.7540511748090802	-0.6195263996987415	0.3264069486305943	0.1936281250855002	-0.3404536283969829	-0.14834687188272158	0.6729521619335843	-0.48090102508971067
RSPO1	-0.43658713284942624	-0.5489637778975531	1.0	-0.5382321890306716	0.8486772615263832	-0.5390295449667307	0.24044706207267372	-0.5156376953810207	-0.4428827615133819	0.7650894187506203	-0.28406254021039806	-0.5266460090666569	0.6453785914019214	-0.7364130641052173	-0.595408148558435	0.679227794683418	-0.3135098306779676	-0.5729765352222813	0.25320452168472884
DHH	0.4993622855798834	0.7694371508177197	-0.5382321890306716	1.0	-0.477222964747001	0.7633399775314438	-0.4483058126155145	0.39356123873073257	0.5082297649003555	-0.662348156195375	-0.26502515428422135	0.7548463655788332	-0.6073180847085765	0.3229455850417155	0.19495324052918764	-0.3320325605995916	-0.1594920286888071	0.6655810004232338	-0.4864467964953823
CTNNB1	-0.5446930637098819	-0.4826913816655541	0.8486772615263832	-0.477222964747001	1.0	-0.4912844536757268	0.23673486467836471	-0.588147977878353	-0.5428496111951742	0.7362708055692866	-0.27239067045413023	-0.48272428772653087	0.5970117896076597	-0.7044934566695356	-0.6576290908317246	0.7487162579052152	-0.2927660639659886	-0.555759252353951	0.2535434653094177
PGD2	0.5318049784418772	0.7686156719475888	-0.5390295449667307	0.7633399775314438	-0.4912844536757268	1.0	-0.4776879970933054	0.4327797234158953	0.5364759126535888	-0.6800009910545726	-0.283878617879533	0.7618178089255272	-0.615101905168535	0.3350931307788204	0.23574547502372564	-0.366276051193138	-0.17717059926962667	0.6808351313061983	-0.492996413450766
WT1mKTS	-0.4155123114055211	-0.4647034903514185	0.24044706207267372	-0.4483058126155145	0.23673486467836471	-0.4776879970933054	1.0	-0.3727838082110156	-0.42590046416611704	0.34287869934909393	0.19511266469167224	-0.458871651282327	0.3019475903340095	-0.1393947560505716	-0.08525748794299141	0.22120564597419068	0.029914901367980994	-0.45189307161395587	0.7961406976441702
SRY	0.7297660881352823	0.403762576015781	-0.5156376953810207	0.39356123873073257	-0.588147977878353	0.4327797234158953	-0.3727838082110156	1.0	0.7380408787827177	-0.4499170861873974	-0.08090596580397168	0.4026166339668746	-0.23152636994958783	0.47617753206245095	0.5640130810101779	-0.6977951594920462	-0.20683529895330255	0.5886437539423722	-0.3752393996394055
DKK1	0.8540793665805557	0.5102861302295628	-0.4428827615133819	0.5082297649003555	-0.5428496111951742	0.5364759126535888	-0.42590046416611704	0.7380408787827177	1.0	-0.5825018399457157	-0.3151002353502808	0.5017831672259906	-0.35000158284079186	0.3058864406947441	0.41257459540516256	-0.572362384327939	-0.2853186188220797	0.7099809479987532	-0.44797201539261744
WNT4	-0.5924931606004797	-0.6779212205286852	0.7650894187506203	-0.662348156195375	0.7362708055692866	-0.6800009910545726	0.34287869934909393	-0.4499170861873974	-0.5825018399457157	1.0	0.006980593230022675	-0.6506435432574312	0.7551847839978437	-0.5481702675696045	-0.44610244879401495	0.5480486809304572	-0.13322236133637344	-0.7038359921810715	0.3759094475004726
CBX2	-0.30897774542444545	-0.27444156119808777	-0.28406254021039806	-0.26502515428422135	-0.27239067045413023	-0.283878617879533	0.19511266469167224	-0.08090596580397168	-0.3151002353502808	0.006980593230022675	1.0	-0.24932516879135713	-0.14751387105031843	0.43705944724622636	0.35461459990415284	-0.27584898370303285	0.7162781530184213	-0.30354530652254474	0.2215759516856597
AMH	0.49147342950729705	0.7540511748090802	-0.5266460090666569	0.7548463655788332	-0.48272428772653087	0.7618178089255272	-0.458871651282327	0.4026166339668746	0.5017831672259906	-0.6506435432574312	-0.24932516879135713	1.0	-0.637424770540382	0.3297085577050934	0.2153715421132495	-0.36853112934587623	-0.1399331479530734	0.6293554747110905	-0.47900449427900593
NR0B1	-0.35115393496396063	-0.6195263996987415	0.6453785914019214	-0.6073180847085765	0.5970117896076597	-0.615101905168535	0.3019475903340095	-0.23152636994958783	-0.35000158284079186	0.7551847839978437	-0.14751387105031843	-0.637424770540382	1.0	-0.5107150317013892	-0.3769625018555877	0.4415916450024942	-0.29787554018138235	-0.4892141660831705	0.3116601639579963
NR5A1	0.2958638197669019	0.3264069486305943	-0.7364130641052173	0.3229455850417155	-0.7044934566695356	0.3350931307788204	-0.1393947560505716	0.47617753206245095	0.3058864406947441	-0.5481702675696045	0.43705944724622636	0.3297085577050934	-0.5107150317013892	1.0	0.7396905361068248	-0.7563557856424107	0.3702933912835308	0.40576125279470554	-0.12852903521990394
WT1pKTS	0.4160213813621041	0.1936281250855002	-0.595408148558435	0.19495324052918764	-0.6576290908317246	0.23574547502372564	-0.08525748794299141	0.5640130810101779	0.41257459540516256	-0.44610244879401495	0.35461459990415284	0.2153715421132495	-0.3769625018555877	0.7396905361068248	1.0	-0.8111267675298363	0.28117973686733777	0.30987489291575143	-0.0820637043952829
FOXL2	-0.5588937093416589	-0.3404536283969829	0.679227794683418	-0.3320325605995916	0.7487162579052152	-0.366276051193138	0.22120564597419068	-0.6977951594920462	-0.572362384327939	0.5480486809304572	-0.27584898370303285	-0.36853112934587623	0.4415916450024942	-0.7563557856424107	-0.8111267675298363	1.0	-0.19738440251928605	-0.48396192948138506	0.21665152816461927
UGR	-0.2866750588270551	-0.14834687188272158	-0.3135098306779676	-0.1594920286888071	-0.2927660639659886	-0.17717059926962667	0.029914901367980994	-0.20683529895330255	-0.2853186188220797	-0.13322236133637344	0.7162781530184213	-0.1399331479530734	-0.29787554018138235	0.3702933912835308	0.28117973686733777	-0.19738440251928605	1.0	-0.22449045788385294	0.03642739138693779
SOX9	0.6957631894069131	0.6729521619335843	-0.5729765352222813	0.6655810004232338	-0.555759252353951	0.6808351313061983	-0.45189307161395587	0.5886437539423722	0.7099809479987532	-0.7038359921810715	-0.30354530652254474	0.6293554747110905	-0.4892141660831705	0.40576125279470554	0.30987489291575143	-0.48396192948138506	-0.22449045788385294	1.0	-0.48338519887256237
GATA4	-0.4489463384655385	-0.48090102508971067	0.25320452168472884	-0.4864467964953823	0.2535434653094177	-0.492996413450766	0.7961406976441702	-0.3752393996394055	-0.44797201539261744	0.3759094475004726	0.2215759516856597	-0.47900449427900593	0.3116601639579963	-0.12852903521990394	-0.0820637043952829	0.21665152816461927	0.03642739138693779	-0.48338519887256237	1.0
